"","matrix","time","row","col","value"
"1","N",6083,0,0,8614092.63294341
"2","S",6083,0,0,4822501.56074752
"3","I",6083,0,0,287.102187489543
"4","R",6083,0,0,3792437.21189272
"5","D",6083,0,0,145187.631578204
"6","beta_trend",6083,0,0,1.26524349272121
"7","beta_trend",6083,1,0,1.26563196739294
"8","beta_trend",6083,2,0,1.265991316024
"9","beta_trend",6083,3,0,1.26632190926457
"10","beta_trend",6083,4,0,1.26662413140406
"11","beta_trend",6083,5,0,1.26689838008837
"12","beta_trend",6083,6,0,1.26714506602526
"13","beta_trend",6083,7,0,1.26736461267801
"14","beta_trend",6083,8,0,1.26755745594762
"15","beta_trend",6083,9,0,1.26772404384359
"16","beta_trend",6083,10,0,1.26786483614368
"17","beta_trend",6083,11,0,1.26798030404282
"18","beta_trend",6083,12,0,1.26807092979137
"19","beta_trend",6083,13,0,1.26813720632299
"20","beta_trend",6083,14,0,1.26817963687247
"21","beta_trend",6083,15,0,1.26819873458372
"22","beta_trend",6083,16,0,1.26819502210821
"23","beta_trend",6083,17,0,1.26816903119421
"24","beta_trend",6083,18,0,1.26812130226706
"25","beta_trend",6083,19,0,1.26805238400091
"26","beta_trend",6083,20,0,1.26796283288215
"27","beta_trend",6083,21,0,1.26785321276491
"28","beta_trend",6083,22,0,1.26772409441902
"29","beta_trend",6083,23,0,1.26757605507073
"30","beta_trend",6083,24,0,1.26740967793663
"31","beta_trend",6083,25,0,1.26722555175105
"32","beta_trend",6083,26,0,1.26702427028746
"33","beta_trend",6083,27,0,1.26680643187416
"34","beta_trend",6083,28,0,1.26657263890468
"35","beta_trend",6083,29,0,1.2663234973434
"36","beta_trend",6083,30,0,1.26605961622665
"37","beta_trend",6083,31,0,1.2657816071599
"38","beta_trend",6083,32,0,1.26549008381128
"39","beta_trend",6083,33,0,1.26518566140204
"40","beta_trend",6083,34,0,1.26486895619431
"41","beta_trend",6083,35,0,1.26454058497664
"42","beta_trend",6083,36,0,1.26420116454771
"43","beta_trend",6083,37,0,1.26385131119881
"44","beta_trend",6083,38,0,1.26349164019543
"45","beta_trend",6083,39,0,1.26312276525847
"46","beta_trend",6083,40,0,1.26274529804556
"47","beta_trend",6083,41,0,1.26235984763295
"48","beta_trend",6083,42,0,1.26196701999848
"49","beta_trend",6083,43,0,1.26156741750602
"50","beta_trend",6083,44,0,1.261161638392
"51","beta_trend",6083,45,0,1.26075027625437
"52","beta_trend",6083,46,0,1.26033391954462
"53","beta_trend",6083,47,0,1.25991315106318
"54","beta_trend",6083,48,0,1.25948854745883
"55","beta_trend",6083,49,0,1.25906067873255
"56","beta_trend",6083,50,0,1.25863010774622
"57","beta_trend",6083,51,0,1.2581973897368
"58","beta_trend",6083,52,0,1.25776307183631
"59","beta_trend",6083,53,0,1.2573276925982
"60","beta_trend",6083,54,0,1.25689178153051
"61","beta_trend",6083,55,0,1.25645585863636
"62","beta_trend",6083,56,0,1.2560204339621
"63","beta_trend",6083,57,0,1.2555860071538
"64","beta_trend",6083,58,0,1.25515306702225
"65","beta_trend",6083,59,0,1.25472209111718
"66","beta_trend",6083,60,0,1.25429354531101
"67","beta_trend",6083,61,0,1.2538678833925
"68","beta_trend",6083,62,0,1.25344554667093
"69","beta_trend",6083,63,0,1.25302696359103
"70","beta_trend",6083,64,0,1.25261254935917
"71","beta_trend",6083,65,0,1.25220270558121
"72","beta_trend",6083,66,0,1.25179781991237
"73","beta_trend",6083,67,0,1.25139826571952
"74","beta_trend",6083,68,0,1.25100440175631
"75","beta_trend",6083,69,0,1.25061657185137
"76","beta_trend",6083,70,0,1.25023510461014
"77","beta_trend",6083,71,0,1.24986031313048
"78","beta_trend",6083,72,0,1.24949249473246
"79","beta_trend",6083,73,0,1.24913193070272
"80","beta_trend",6083,74,0,1.24877888605358
"81","beta_trend",6083,75,0,1.24841815973175
"82","beta_trend",6083,76,0,1.24808017025898
"83","beta_trend",6083,77,0,1.24775036439877
"84","beta_trend",6083,78,0,1.24742893870727
"85","beta_trend",6083,79,0,1.24711607244717
"86","beta_trend",6083,80,0,1.24681192743988
"87","beta_trend",6083,81,0,1.24651664793418
"88","beta_trend",6083,82,0,1.24623036049161
"89","beta_trend",6083,83,0,1.24595317388881
"90","beta_trend",6083,84,0,1.24568517903684
"91","beta_trend",6083,85,0,1.2454264489178
"92","beta_trend",6083,86,0,1.24517703853876
"93","beta_trend",6083,87,0,1.2449369849031
"94","beta_trend",6083,88,0,1.24470630699952
"95","beta_trend",6083,89,0,1.24448500580856
"96","beta_trend",6083,90,0,1.2442730643269
"97","beta_trend",6083,91,0,1.24407044760941
"98","beta_trend",6083,92,0,1.2438771028289
"99","beta_trend",6083,93,0,1.24369295935377
"100","beta_trend",6083,94,0,1.24351792884332
"101","beta_trend",6083,95,0,1.24335190536096
"102","beta_trend",6083,96,0,1.24319476550501
"103","beta_trend",6083,97,0,1.24304636855725
"104","beta_trend",6083,98,0,1.24290655664904
"105","beta_trend",6083,99,0,1.2427751549449
"106","beta_trend",6083,100,0,1.24265197184351
"107","beta_trend",6083,101,0,1.24253679919599
"108","beta_trend",6083,102,0,1.24242941254119
"109","beta_trend",6083,103,0,1.24232957135808
"110","beta_trend",6083,104,0,1.24223701933475
"111","beta_trend",6083,105,0,1.24215148465409
"112","beta_trend",6083,106,0,1.2420726802958
"113","beta_trend",6083,107,0,1.24200030435443
"114","beta_trend",6083,108,0,1.24193404037347
"115","beta_trend",6083,109,0,1.24187355769484
"116","beta_trend",6083,110,0,1.24181851182387
"117","beta_trend",6083,111,0,1.24176854480923
"118","beta_trend",6083,112,0,1.24172328563751
"119","beta_trend",6083,113,0,1.24168235064234
"120","beta_trend",6083,114,0,1.24164534392733
"121","beta_trend",6083,115,0,1.24161185780287
"122","beta_trend",6083,116,0,1.24158147323611
"123","beta_trend",6083,117,0,1.24155376031382
"124","beta_trend",6083,118,0,1.24152827871785
"125","beta_trend",6083,119,0,1.24150457821254
"126","beta_trend",6083,120,0,1.24148219914387
"127","beta_trend",6083,121,0,1.24146067294968
"128","beta_trend",6083,122,0,1.24143952268074
"129","beta_trend",6083,123,0,1.241418263532
"130","beta_trend",6083,124,0,1.24139640338362
"131","beta_trend",6083,125,0,1.24137344335129
"132","beta_trend",6083,126,0,1.24134887834528
"133","beta_trend",6083,127,0,1.24132219763776
"134","beta_trend",6083,128,0,1.24129288543785
"135","beta_trend",6083,129,0,1.24126042147378
"136","beta_trend",6083,130,0,1.24122428158176
"137","beta_trend",6083,131,0,1.24118393830082
"138","beta_trend",6083,132,0,1.24113886147327
"139","beta_trend",6083,133,0,1.24108851884999
"140","beta_trend",6083,134,0,1.2410323767001
"141","beta_trend",6083,135,0,1.2409699004244
"142","beta_trend",6083,136,0,1.24090055517199
"143","beta_trend",6083,137,0,1.24082380645939
"144","beta_trend",6083,138,0,1.24073912079173
"145","beta_trend",6083,139,0,1.24064596628522
"146","beta_trend",6083,140,0,1.24054381329034
"147","beta_trend",6083,141,0,1.24043213501526
"148","beta_trend",6083,142,0,1.24031040814868
"149","beta_trend",6083,143,0,1.2401781134816
"150","beta_trend",6083,144,0,1.24003473652734
"151","beta_trend",6083,145,0,1.23987976813923
"152","beta_trend",6083,146,0,1.23971270512531
"153","beta_trend",6083,147,0,1.23953305085947
"154","beta_trend",6083,148,0,1.23934031588829
"155","beta_trend",6083,149,0,1.23913401853319
"156","beta_trend",6083,150,0,1.23891368548695
"157","beta_trend",6083,151,0,1.23867885240434
"158","beta_trend",6083,152,0,1.23842906448598
"159","beta_trend",6083,153,0,1.23816387705496
"160","beta_trend",6083,154,0,1.23788285612556
"161","beta_trend",6083,155,0,1.23758557896356
"162","beta_trend",6083,156,0,1.23727163463741
"163","beta_trend",6083,157,0,1.23694062455984
"164","beta_trend",6083,158,0,1.23659216301922
"165","beta_trend",6083,159,0,1.23622587770016
"166","beta_trend",6083,160,0,1.23584141019277
"167","beta_trend",6083,161,0,1.23543841649003
"168","beta_trend",6083,162,0,1.23501656747278
"169","beta_trend",6083,163,0,1.23457554938171
"170","beta_trend",6083,164,0,1.23411506427593
"171","beta_trend",6083,165,0,1.23363483047758
"172","beta_trend",6083,166,0,1.23313458300193
"173","beta_trend",6083,167,0,1.23261407397257
"174","beta_trend",6083,168,0,1.23207307302125
"175","beta_trend",6083,169,0,1.23151136767171
"176","beta_trend",6083,170,0,1.23092876370741
"177","beta_trend",6083,171,0,1.23032508552232
"178","beta_trend",6083,172,0,1.22972194062479
"179","beta_trend",6083,173,0,1.22907666566365
"180","beta_trend",6083,174,0,1.22840994810674
"181","beta_trend",6083,175,0,1.22772169171368
"182","beta_trend",6083,176,0,1.22701182040993
"183","beta_trend",6083,177,0,1.22628027853156
"184","beta_trend",6083,178,0,1.22552703105064
"185","beta_trend",6083,179,0,1.22475206378133
"186","beta_trend",6083,180,0,1.22395538356608
"187","beta_trend",6083,181,0,1.22313701844188
"188","beta_trend",6083,182,0,1.2222970177863
"189","beta_trend",6083,183,0,1.22143545244296
"190","beta_trend",6083,184,0,1.22055241482652
"191","beta_trend",6083,185,0,1.21964801900665
"192","beta_trend",6083,186,0,1.21872240077116
"193","beta_trend",6083,187,0,1.21777571766795
"194","beta_trend",6083,188,0,1.21680814902571
"195","beta_trend",6083,189,0,1.21581989595334
"196","beta_trend",6083,190,0,1.21481118131792
"197","beta_trend",6083,191,0,1.21378224970123
"198","beta_trend",6083,192,0,1.21273336733479
"199","beta_trend",6083,193,0,1.21166482201341
"200","beta_trend",6083,194,0,1.21057692298725
"201","beta_trend",6083,195,0,1.20947000083238
"202","beta_trend",6083,196,0,1.20834440729998
"203","beta_trend",6083,197,0,1.2072005151442
"204","beta_trend",6083,198,0,1.20603871792878
"205","beta_trend",6083,199,0,1.20485942981254
"206","beta_trend",6083,200,0,1.20366308531389
"207","beta_trend",6083,201,0,1.20245013905459
"208","beta_trend",6083,202,0,1.20122106548272
"209","beta_trend",6083,203,0,1.19997635857533
"210","beta_trend",6083,204,0,1.19871653152085
"211","beta_trend",6083,205,0,1.19744211638148
"212","beta_trend",6083,206,0,1.1961536637359
"213","beta_trend",6083,207,0,1.19485174230251
"214","beta_trend",6083,208,0,1.19353693854356
"215","beta_trend",6083,209,0,1.1922098562505
"216","beta_trend",6083,210,0,1.19087111611079
"217","beta_trend",6083,211,0,1.18952135525663
"218","beta_trend",6083,212,0,1.188161226796
"219","beta_trend",6083,213,0,1.18679139932627
"220","beta_trend",6083,214,0,1.18541255643101
"221","beta_trend",6083,215,0,1.18402539616017
"222","beta_trend",6083,216,0,1.18263063049435
"223","beta_trend",6083,217,0,1.18122898479345
"224","beta_trend",6083,218,0,1.17982119723016
"225","beta_trend",6083,219,0,1.17840801820901
"226","beta_trend",6083,220,0,1.17699020977117
"227","beta_trend",6083,221,0,1.17556854498585
"228","beta_trend",6083,222,0,1.17414380732861
"229","beta_trend",6083,223,0,1.17271679004725
"230","beta_trend",6083,224,0,1.1712882955158
"231","beta_trend",6083,225,0,1.16985913457726
"232","beta_trend",6083,226,0,1.16843012587562
"233","beta_trend",6083,227,0,1.16700209517779
"234","beta_trend",6083,228,0,1.16557587468605
"235","beta_trend",6083,229,0,1.16415230234168
"236","beta_trend",6083,230,0,1.16273222112038
"237","beta_trend",6083,231,0,1.16131647832016
"238","beta_trend",6083,232,0,1.15990592484225
"239","beta_trend",6083,233,0,1.15850141446592
"240","beta_trend",6083,234,0,1.15710380311761
"241","beta_trend",6083,235,0,1.15571394813526
"242","beta_trend",6083,236,0,1.15433270752841
"243","beta_trend",6083,237,0,1.15296093923482
"244","beta_trend",6083,238,0,1.15159950037427
"245","beta_trend",6083,239,0,1.15024924650026
"246","beta_trend",6083,240,0,1.14891103085028
"247","beta_trend",6083,241,0,1.14758570359545
"248","beta_trend",6083,242,0,1.14627411109005
"249","beta_trend",6083,243,0,1.14497709512189
"250","beta_trend",6083,244,0,1.14369549216402
"251","beta_trend",6083,245,0,1.14243013262859
"252","beta_trend",6083,246,0,1.14118184012358
"253","beta_trend",6083,247,0,1.13995143071305
"254","beta_trend",6083,248,0,1.13873971218162
"255","beta_trend",6083,249,0,1.13754748330395
"256","beta_trend",6083,250,0,1.13637553311982
"257","beta_trend",6083,251,0,1.13522464021559
"258","beta_trend",6083,252,0,1.13409557201263
"259","beta_trend",6083,253,0,1.13298908406348
"260","beta_trend",6083,254,0,1.13190591935646
"261","beta_trend",6083,255,0,1.13084680762919
"262","beta_trend",6083,256,0,1.12981246469194
"263","beta_trend",6083,257,0,1.12880359176127
"264","beta_trend",6083,258,0,1.12782087480469
"265","beta_trend",6083,259,0,1.12686498389696
"266","beta_trend",6083,260,0,1.12593657258864
"267","beta_trend",6083,261,0,1.12503627728747
"268","beta_trend",6083,262,0,1.12416471665327
"269","beta_trend",6083,263,0,1.12332249100682
"270","beta_trend",6083,264,0,1.12251018175342
"271","beta_trend",6083,265,0,1.12172835082159
"272","beta_trend",6083,266,0,1.12097754011751
"273","beta_trend",6083,267,0,1.12025827099572
"274","beta_trend",6083,268,0,1.11957924921884
"275","beta_trend",6083,269,0,1.11892492098961
"276","beta_trend",6083,270,0,1.11830358651521
"277","beta_trend",6083,271,0,1.11771568066091
"278","beta_trend",6083,272,0,1.11716161538
"279","beta_trend",6083,273,0,1.116641779293
"280","beta_trend",6083,274,0,1.1161565372866
"281","beta_trend",6083,275,0,1.11570623013237
"282","beta_trend",6083,276,0,1.11529117412592
"283","beta_trend",6083,277,0,1.1149116607466
"284","beta_trend",6083,278,0,1.11456795633834
"285","beta_trend",6083,279,0,1.1142603018117
"286","beta_trend",6083,280,0,1.11398891236761
"287","beta_trend",6083,281,0,1.11375397724303
"288","beta_trend",6083,282,0,1.11355565947868
"289","beta_trend",6083,283,0,1.11339409570927
"290","beta_trend",6083,284,0,1.11326939597627
"291","beta_trend",6083,285,0,1.11318164356349
"292","beta_trend",6083,286,0,1.11313089485566
"293","beta_trend",6083,287,0,1.11311717922009
"294","beta_trend",6083,288,0,1.11314049891162
"295","beta_trend",6083,289,0,1.11320082900086
"296","beta_trend",6083,290,0,1.11329811732594
"297","beta_trend",6083,291,0,1.11343228446771
"298","beta_trend",6083,292,0,1.11360322374842
"299","beta_trend",6083,293,0,1.11381080125409
"300","beta_trend",6083,294,0,1.11405485588024
"301","beta_trend",6083,295,0,1.11433519940128
"302","beta_trend",6083,296,0,1.11465161656325
"303","beta_trend",6083,297,0,1.1150038652
"304","beta_trend",6083,298,0,1.11539167637265
"305","beta_trend",6083,299,0,1.11581475453217
"306","beta_trend",6083,300,0,1.11627277770504
"307","beta_trend",6083,301,0,1.11676539770173
"308","beta_trend",6083,302,0,1.11729224034788
"309","beta_trend",6083,303,0,1.11785290573796
"310","beta_trend",6083,304,0,1.11844696851112
"311","beta_trend",6083,305,0,1.1190739781491
"312","beta_trend",6083,306,0,1.11973345929583
"313","beta_trend",6083,307,0,1.12042491209845
"314","beta_trend",6083,308,0,1.1211478125695
"315","beta_trend",6083,309,0,1.12190161296987
"316","beta_trend",6083,310,0,1.1226857422122
"317","beta_trend",6083,311,0,1.12349960628438
"318","beta_trend",6083,312,0,1.12434258869272
"319","beta_trend",6083,313,0,1.12521405092439
"320","beta_trend",6083,314,0,1.12611333292879
"321","beta_trend",6083,315,0,1.12703975361723
"322","beta_trend",6083,316,0,1.12799261138068
"323","beta_trend",6083,317,0,1.12897118462494
"324","beta_trend",6083,318,0,1.12997473232283
"325","beta_trend",6083,319,0,1.13100249458287
"326","beta_trend",6083,320,0,1.13205369323392
"327","beta_trend",6083,321,0,1.13312753242525
"328","beta_trend",6083,322,0,1.13422319924153
"329","beta_trend",6083,323,0,1.13533986433208
"330","beta_trend",6083,324,0,1.13647668255387
"331","beta_trend",6083,325,0,1.13763279362778
"332","beta_trend",6083,326,0,1.13880732280721
"333","beta_trend",6083,327,0,1.13999938155886
"334","beta_trend",6083,328,0,1.14120806825464
"335","beta_trend",6083,329,0,1.14243246887441
"336","beta_trend",6083,330,0,1.14367165771865
"337","beta_trend",6083,331,0,1.14492469813064
"338","beta_trend",6083,332,0,1.14619064322729
"339","beta_trend",6083,333,0,1.1474685366381
"340","beta_trend",6083,334,0,1.14875741325153
"341","beta_trend",6083,335,0,1.15005629996805
"342","beta_trend",6083,336,0,1.15136421645928
"343","beta_trend",6083,337,0,1.15268017593249
"344","beta_trend",6083,338,0,1.15400318589975
"345","beta_trend",6083,339,0,1.15533224895107
"346","beta_trend",6083,340,0,1.15666636353083
"347","beta_trend",6083,341,0,1.15800452471677
"348","beta_trend",6083,342,0,1.15934572500089
"349","beta_trend",6083,343,0,1.16068895507151
"350","beta_trend",6083,344,0,1.16203320459585
"351","beta_trend",6083,345,0,1.16337746300238
"352","beta_trend",6083,346,0,1.16472072026223
"353","beta_trend",6083,347,0,1.16606196766909
"354","beta_trend",6083,348,0,1.16740019861672
"355","beta_trend",6083,349,0,1.16873440937352
"356","beta_trend",6083,350,0,1.17006359985348
"357","beta_trend",6083,351,0,1.17138677438272
"358","beta_trend",6083,352,0,1.17270294246105
"359","beta_trend",6083,353,0,1.17401111951789
"360","beta_trend",6083,354,0,1.17531032766177
"361","beta_trend",6083,355,0,1.17659959642293
"362","beta_trend",6083,356,0,1.17787796348824
"363","beta_trend",6083,357,0,1.17914447542785
"364","beta_trend",6083,358,0,1.18039818841299
"365","beta_trend",6083,359,0,1.18163816892427
"366","beta_trend",6083,360,0,1.18286349444979
"367","beta_trend",6083,361,0,1.18407325417263
"368","beta_trend",6083,362,0,1.18526654964706
"369","beta_trend",6083,363,0,1.18644249546285
"370","beta_trend",6083,364,0,1.18760021989717
"371","beta_trend",6083,365,0,1.18873155634507
"372","beta_trend",6083,366,0,1.18984994409938
"373","beta_trend",6083,367,0,1.19094756912743
"374","beta_trend",6083,368,0,1.19202362011618
"375","beta_trend",6083,369,0,1.19307730247296
"376","beta_trend",6083,370,0,1.19410783889131
"377","beta_trend",6083,371,0,1.19511446990089
"378","beta_trend",6083,372,0,1.19609645440099
"379","beta_trend",6083,373,0,1.19705307017731
"380","beta_trend",6083,374,0,1.19798361440149
"381","beta_trend",6083,375,0,1.19888740411308
"382","beta_trend",6083,376,0,1.19976377668361
"383","beta_trend",6083,377,0,1.20061209026222
"384","beta_trend",6083,378,0,1.20143172420283
"385","beta_trend",6083,379,0,1.20222207947226
"386","beta_trend",6083,380,0,1.20298257903909
"387","beta_trend",6083,381,0,1.20371266824303
"388","beta_trend",6083,382,0,1.20441181514456
"389","beta_trend",6083,383,0,1.20507951085444
"390","beta_trend",6083,384,0,1.20571526984303
"391","beta_trend",6083,385,0,1.20631863022925
"392","beta_trend",6083,386,0,1.20688915404877
"393","beta_trend",6083,387,0,1.20742642750153
"394","beta_trend",6083,388,0,1.20793006117834
"395","beta_trend",6083,389,0,1.20839969026636
"396","beta_trend",6083,390,0,1.20883497473355
"397","beta_trend",6083,391,0,1.2092355994918
"398","beta_trend",6083,392,0,1.20960127453883
"399","beta_trend",6083,393,0,1.20993173507881
"400","beta_trend",6083,394,0,1.21022674162153
"401","beta_trend",6083,395,0,1.21048608006034
"402","beta_trend",6083,396,0,1.21070956172872
"403","beta_trend",6083,397,0,1.21089702343555
"404","beta_trend",6083,398,0,1.21104832747921
"405","beta_trend",6083,399,0,1.21116336164046
"406","beta_trend",6083,400,0,1.21124203915434
"407","beta_trend",6083,401,0,1.21128429866113
"408","beta_trend",6083,402,0,1.21129010413646
"409","beta_trend",6083,403,0,1.21125944480079
"410","beta_trend",6083,404,0,1.21119233500851
"411","beta_trend",6083,405,0,1.21108881411659
"412","beta_trend",6083,406,0,1.21094894633334
"413","beta_trend",6083,407,0,1.21077282054713
"414","beta_trend",6083,408,0,1.21051452047147
"415","beta_trend",6083,409,0,1.21026827878196
"416","beta_trend",6083,410,0,1.2099861064571
"417","beta_trend",6083,411,0,1.20966819236814
"418","beta_trend",6083,412,0,1.20931474879928
"419","beta_trend",6083,413,0,1.20892601116703
"420","beta_trend",6083,414,0,1.20850223772177
"421","beta_trend",6083,415,0,1.20804370923167
"422","beta_trend",6083,416,0,1.20755072864939
"423","beta_trend",6083,417,0,1.20702362076204
"424","beta_trend",6083,418,0,1.20646273182465
"425","beta_trend",6083,419,0,1.20586842917768
"426","beta_trend",6083,420,0,1.20524110084886
"427","beta_trend",6083,421,0,1.20458115513998
"428","beta_trend",6083,422,0,1.2038890201989
"429","beta_trend",6083,423,0,1.20316514357732
"430","beta_trend",6083,424,0,1.20240999177477
"431","beta_trend",6083,425,0,1.20162404976928
"432","beta_trend",6083,426,0,1.20080782053526
"433","beta_trend",6083,427,0,1.19996182454898
"434","beta_trend",6083,428,0,1.1990865992823
"435","beta_trend",6083,429,0,1.19818269868502
"436","beta_trend",6083,430,0,1.19725069265648
"437","beta_trend",6083,431,0,1.19629116650686
"438","beta_trend",6083,432,0,1.19530472040874
"439","beta_trend",6083,433,0,1.19429196883948
"440","beta_trend",6083,434,0,1.19325354001486
"441","beta_trend",6083,435,0,1.19219007531473
"442","beta_trend",6083,436,0,1.19110222870095
"443","beta_trend",6083,437,0,1.18999066612842
"444","beta_trend",6083,438,0,1.1888560649496
"445","beta_trend",6083,439,0,1.18769911331314
"446","beta_trend",6083,440,0,1.18652050955719
"447","beta_trend",6083,441,0,1.18532096159788
"448","beta_trend",6083,442,0,1.18410118631364
"449","beta_trend",6083,443,0,1.18286190892583
"450","beta_trend",6083,444,0,1.18160386237629
"451","beta_trend",6083,445,0,1.18032778670235
"452","beta_trend",6083,446,0,1.17903442840987
"453","beta_trend",6083,447,0,1.17772453984487
"454","beta_trend",6083,448,0,1.17639887856428
"455","beta_trend",6083,449,0,1.17505820670636
"456","beta_trend",6083,450,0,1.17370329036144
"457","beta_trend",6083,451,0,1.17233489894334
"458","beta_trend",6083,452,0,1.17095380456216
"459","beta_trend",6083,453,0,1.16956078139891
"460","beta_trend",6083,454,0,1.16815660508254
"461","beta_trend",6083,455,0,1.16674205206982
"462","beta_trend",6083,456,0,1.16531789902871
"463","beta_trend",6083,457,0,1.16388492222559
"464","beta_trend",6083,458,0,1.16244389691698
"465","beta_trend",6083,459,0,1.16099559674613
"466","beta_trend",6083,460,0,1.15954079314502
"467","beta_trend",6083,461,0,1.15809768097625
"468","beta_trend",6083,462,0,1.15663297676313
"469","beta_trend",6083,463,0,1.15516409921944
"470","beta_trend",6083,464,0,1.15369180649545
"471","beta_trend",6083,465,0,1.15221685169058
"472","beta_trend",6083,466,0,1.15073998229931
"473","beta_trend",6083,467,0,1.14926193966568
"474","beta_trend",6083,468,0,1.1477834584468
"475","beta_trend",6083,469,0,1.14630526608577
"476","beta_trend",6083,470,0,1.14482808229434
"477","beta_trend",6083,471,0,1.14335261854576
"478","beta_trend",6083,472,0,1.14187957757815
"479","beta_trend",6083,473,0,1.14040965290872
"480","beta_trend",6083,474,0,1.13894352835918
"481","beta_trend",6083,475,0,1.13748187759267
"482","beta_trend",6083,476,0,1.13602536366257
"483","beta_trend",6083,477,0,1.13457463857338
"484","beta_trend",6083,478,0,1.13313034285404
"485","beta_trend",6083,479,0,1.1316931051439
"486","beta_trend",6083,480,0,1.1302635417917
"487","beta_trend",6083,481,0,1.12884225646762
"488","beta_trend",6083,482,0,1.12742983978884
"489","beta_trend",6083,483,0,1.12602686895863
"490","beta_trend",6083,484,0,1.12463390741937
"491","beta_trend",6083,485,0,1.12325150451945
"492","beta_trend",6083,486,0,1.12188019519442
"493","beta_trend",6083,487,0,1.1205204996625
"494","beta_trend",6083,488,0,1.11917292313452
"495","beta_trend",6083,489,0,1.11783795553846
"496","beta_trend",6083,490,0,1.11651607125875
"497","beta_trend",6083,491,0,1.11520772889039
"498","beta_trend",6083,492,0,1.11391337100797
"499","beta_trend",6083,493,0,1.11263342394966
"500","beta_trend",6083,494,0,1.11136829761625
"501","beta_trend",6083,495,0,1.1101183852853
"502","beta_trend",6083,496,0,1.10888406344036
"503","beta_trend",6083,497,0,1.10766569161539
"504","beta_trend",6083,498,0,1.10646361225421
"505","beta_trend",6083,499,0,1.10527815058522
"506","beta_trend",6083,500,0,1.10410961451106
"507","beta_trend",6083,501,0,1.10295829451349
"508","beta_trend",6083,502,0,1.10182446357317
"509","beta_trend",6083,503,0,1.10070837710446
"510","beta_trend",6083,504,0,1.09961027290506
"511","beta_trend",6083,505,0,1.09854629187024
"512","beta_trend",6083,506,0,1.09748409006555
"513","beta_trend",6083,507,0,1.09644050754146
"514","beta_trend",6083,508,0,1.09541571025235
"515","beta_trend",6083,509,0,1.09440984654651
"516","beta_trend",6083,510,0,1.09342304720144
"517","beta_trend",6083,511,0,1.09245542547311
"518","beta_trend",6083,512,0,1.09150707715916
"519","beta_trend",6083,513,0,1.09057808067578
"520","beta_trend",6083,514,0,1.08966849714816
"521","beta_trend",6083,515,0,1.08877837051413
"522","beta_trend",6083,516,0,1.08790772764109
"523","beta_trend",6083,517,0,1.08705657845565
"524","beta_trend",6083,518,0,1.08622491608602
"525","beta_trend",6083,519,0,1.08541271701683
"526","beta_trend",6083,520,0,1.08461994125609
"527","beta_trend",6083,521,0,1.08384653251405
"528","beta_trend",6083,522,0,1.08309241839382
"529","beta_trend",6083,523,0,1.0823575105933
"530","beta_trend",6083,524,0,1.08164170511822
"531","beta_trend",6083,525,0,1.08094488250611
"532","beta_trend",6083,526,0,1.08026690806072
"533","beta_trend",6083,527,0,1.07960763209673
"534","beta_trend",6083,528,0,1.07896689019447
"535","beta_trend",6083,529,0,1.07834450346415
"536","beta_trend",6083,530,0,1.07774027881963
"537","beta_trend",6083,531,0,1.077154009261
"538","beta_trend",6083,532,0,1.076585474166
"539","beta_trend",6083,533,0,1.07603443958983
"540","beta_trend",6083,534,0,1.07550065857287
"541","beta_trend",6083,535,0,1.07498387145632
"542","beta_trend",6083,536,0,1.07448380620506
"543","beta_trend",6083,537,0,1.07400017873767
"544","beta_trend",6083,538,0,1.07353269326312
"545","beta_trend",6083,539,0,1.07308104262384
"546","beta_trend",6083,540,0,1.07264490864483
"547","beta_trend",6083,541,0,1.07222396248845
"548","beta_trend",6083,542,0,1.07181786501462
"549","beta_trend",6083,543,0,1.07142626714588
"550","beta_trend",6083,544,0,1.07104881023729
"551","beta_trend",6083,545,0,1.07068512645048
"552","beta_trend",6083,546,0,1.07033483913178
"553","beta_trend",6083,547,0,1.06999756319393
"554","beta_trend",6083,548,0,1.0696729055011
"555","beta_trend",6083,549,0,1.06936046525678
"556","beta_trend",6083,550,0,1.06905983439438
"557","beta_trend",6083,551,0,1.06877059797001
"558","beta_trend",6083,552,0,1.06849233455723
"559","beta_trend",6083,553,0,1.06822461664338
"560","beta_trend",6083,554,0,1.06796701102719
"561","beta_trend",6083,555,0,1.06771907921728
"562","beta_trend",6083,556,0,1.06748037783137
"563","beta_trend",6083,557,0,1.06725045899565
"564","beta_trend",6083,558,0,1.06703454972476
"565","beta_trend",6083,559,0,1.06682109801759
"566","beta_trend",6083,560,0,1.06661507364651
"567","beta_trend",6083,561,0,1.0664160152213
"568","beta_trend",6083,562,0,1.06622345886792
"569","beta_trend",6083,563,0,1.06603693862379
"570","beta_trend",6083,564,0,1.06585598683117
"571","beta_trend",6083,565,0,1.06568013452845
"572","beta_trend",6083,566,0,1.06550891183908
"573","beta_trend",6083,567,0,1.0653418483578
"574","beta_trend",6083,568,0,1.06517847353394
"575","beta_trend",6083,569,0,1.06501831705152
"576","beta_trend",6083,570,0,1.06486090920594
"577","beta_trend",6083,571,0,1.06470578127688
"578","beta_trend",6083,572,0,1.06455246589734
"579","beta_trend",6083,573,0,1.06440049741843
"580","beta_trend",6083,574,0,1.06424941226976
"581","beta_trend",6083,575,0,1.06409874931517
"582","beta_trend",6083,576,0,1.06394805020364
"583","beta_trend",6083,577,0,1.06379685971506
"584","beta_trend",6083,578,0,1.06364472610075
"585","beta_trend",6083,579,0,1.0634912014185
"586","beta_trend",6083,580,0,1.06333584186194
"587","beta_trend",6083,581,0,1.06317820808402
"588","beta_trend",6083,582,0,1.06301786551449
"589","beta_trend",6083,583,0,1.06285438467117
"590","beta_trend",6083,584,0,1.06268734146483
"591","beta_trend",6083,585,0,1.06251631749755
"592","beta_trend",6083,586,0,1.06234090035443
"593","beta_trend",6083,587,0,1.06216068388847
"594","beta_trend",6083,588,0,1.06197526849845
"595","beta_trend",6083,589,0,1.06178426139985
"596","beta_trend",6083,590,0,1.06158727688839
"597","beta_trend",6083,591,0,1.06138393659646
"598","beta_trend",6083,592,0,1.06117386974197
"599","beta_trend",6083,593,0,1.06095671336977
"600","beta_trend",6083,594,0,1.06073211258539
"601","beta_trend",6083,595,0,1.06049972078118
"602","beta_trend",6083,596,0,1.06025919985456
"603","beta_trend",6083,597,0,1.06001022041851
"604","beta_trend",6083,598,0,1.05975246200413
"605","beta_trend",6083,599,0,1.05948561325516
"606","beta_trend",6083,600,0,1.05920937211459
"607","beta_trend",6083,601,0,1.05886625402547
"608","beta_trend",6083,602,0,1.05857288907419
"609","beta_trend",6083,603,0,1.05826917704827
"610","beta_trend",6083,604,0,1.05795485896754
"611","beta_trend",6083,605,0,1.05762968580988
"612","beta_trend",6083,606,0,1.05729341865402
"613","beta_trend",6083,607,0,1.05694582881387
"614","beta_trend",6083,608,0,1.05658669796459
"615","beta_trend",6083,609,0,1.05621581826027
"616","beta_trend",6083,610,0,1.05583299244335
"617","beta_trend",6083,611,0,1.05543803394564
"618","beta_trend",6083,612,0,1.05503076698115
"619","beta_trend",6083,613,0,1.05461102663063
"620","beta_trend",6083,614,0,1.05417865891787
"621","beta_trend",6083,615,0,1.0537335208779
"622","beta_trend",6083,616,0,1.05327548061696
"623","beta_trend",6083,617,0,1.05280441736447
"624","beta_trend",6083,618,0,1.05232022151693
"625","beta_trend",6083,619,0,1.05182279467384
"626","beta_trend",6083,620,0,1.05131204966577
"627","beta_trend",6083,621,0,1.05078791057452
"628","beta_trend",6083,622,0,1.05025031274557
"629","beta_trend",6083,623,0,1.04969920279279
"630","beta_trend",6083,624,0,1.0491345385956
"631","beta_trend",6083,625,0,1.04855628928852
"632","beta_trend",6083,626,0,1.04796443524334
"633","beta_trend",6083,627,0,1.04735896804392
"634","beta_trend",6083,628,0,1.04673989045369
"635","beta_trend",6083,629,0,1.04610721637609
"636","beta_trend",6083,630,0,1.04546097080778
"637","beta_trend",6083,631,0,1.0448011897851
"638","beta_trend",6083,632,0,1.04412792032345
"639","beta_trend",6083,633,0,1.04344122035014
"640","beta_trend",6083,634,0,1.0427411586304
"641","beta_trend",6083,635,0,1.04202781468703
"642","beta_trend",6083,636,0,1.04130127871353
"643","beta_trend",6083,637,0,1.04056165148102
"644","beta_trend",6083,638,0,1.0398090442389
"645","beta_trend",6083,639,0,1.03904357860957
"646","beta_trend",6083,640,0,1.0382653864771
"647","beta_trend",6083,641,0,1.03747460987018
"648","beta_trend",6083,642,0,1.03667140083941
"649","beta_trend",6083,643,0,1.03585592132892
"650","beta_trend",6083,644,0,1.03502834304274
"651","beta_trend",6083,645,0,1.03418884730574
"652","beta_trend",6083,646,0,1.03333762491946
"653","beta_trend",6083,647,0,1.03247487601298
"654","beta_trend",6083,648,0,1.03160080988878
"655","beta_trend",6083,649,0,1.03071564486393
"656","beta_trend",6083,650,0,1.02981960810663
"657","beta_trend",6083,651,0,1.02891293546827
"658","beta_trend",6083,652,0,1.02799587131113
"659","beta_trend",6083,653,0,1.02706866833188
"660","beta_trend",6083,654,0,1.02612372816567
"661","beta_trend",6083,655,0,1.02517667552832
"662","beta_trend",6083,656,0,1.02422027456895
"663","beta_trend",6083,657,0,1.0232548088373
"664","beta_trend",6083,658,0,1.02228056925277
"665","beta_trend",6083,659,0,1.02129785390474
"666","beta_trend",6083,660,0,1.02030696784955
"667","beta_trend",6083,661,0,1.01930822290449
"668","beta_trend",6083,662,0,1.01830193743868
"669","beta_trend",6083,663,0,1.01728843616109
"670","beta_trend",6083,664,0,1.01626804990596
"671","beta_trend",6083,665,0,1.01524111541544
"672","beta_trend",6083,666,0,1.01420797511997
"673","beta_trend",6083,667,0,1.01316897691622
"674","beta_trend",6083,668,0,1.0121244739429
"675","beta_trend",6083,669,0,1.01107482435451
"676","beta_trend",6083,670,0,1.01002039109318
"677","beta_trend",6083,671,0,1.00896154165874
"678","beta_trend",6083,672,0,1.00789864787713
"679","beta_trend",6083,673,0,1.0068320856673
"680","beta_trend",6083,674,0,1.00576223480673
"681","beta_trend",6083,675,0,1.00468947869569
"682","beta_trend",6083,676,0,1.00361420412038
"683","beta_trend",6083,677,0,1.00253680101507
"684","beta_trend",6083,678,0,1.00145766222338
"685","beta_trend",6083,679,0,1.00037718325879
"686","beta_trend",6083,680,0,0.999295762064578
"687","beta_trend",6083,681,0,0.998213798773252
"688","beta_trend",6083,682,0,0.99713169546558
"689","beta_trend",6083,683,0,0.996049855929424
"690","beta_trend",6083,684,0,0.994968685418429
"691","beta_trend",6083,685,0,0.993888590410711
"692","beta_trend",6083,686,0,0.992809978367669
"693","beta_trend",6083,687,0,0.991733257493036
"694","beta_trend",6083,688,0,0.990658836492278
"695","beta_trend",6083,689,0,0.989587124332473
"696","beta_trend",6083,690,0,0.988518530002772
"697","beta_trend",6083,691,0,0.987453462275572
"698","beta_trend",6083,692,0,0.986392329468491
"699","beta_trend",6083,693,0,0.985335539207285
"700","beta_trend",6083,694,0,0.984283498189797
"701","beta_trend",6083,695,0,0.983236611951055
"702","beta_trend",6083,696,0,0.982195284629635
"703","beta_trend",6083,697,0,0.981159918735383
"704","beta_trend",6083,698,0,0.980168241124018
"705","beta_trend",6083,699,0,0.979144345478877
"706","beta_trend",6083,700,0,0.978127676099296
"707","beta_trend",6083,701,0,0.977118623952358
"708","beta_trend",6083,702,0,0.976117577339142
"709","beta_trend",6083,703,0,0.97512492166954
"710","beta_trend",6083,704,0,0.974141039239248
"711","beta_trend",6083,705,0,0.973166309009046
"712","beta_trend",6083,706,0,0.972201106386438
"713","beta_trend",6083,707,0,0.971245803009765
"714","beta_trend",6083,708,0,0.970300766534876
"715","beta_trend",6083,709,0,0.969366360424442
"716","beta_trend",6083,710,0,0.968442943740011
"717","beta_trend",6083,711,0,0.967530870936895
"718","beta_trend",6083,712,0,0.966630491661955
"719","beta_trend",6083,713,0,0.965742150554403
"720","beta_trend",6083,714,0,0.964866187049676
"721","beta_trend",6083,715,0,0.964002935186478
"722","beta_trend",6083,716,0,0.963152723417069
"723","beta_trend",6083,717,0,0.962315874420888
"724","beta_trend",6083,718,0,0.961492704921573
"725","beta_trend",6083,719,0,0.960683525507472
"726","beta_trend",6083,720,0,0.959888640455711
"727","beta_trend",6083,721,0,0.959108347559896
"728","beta_trend",6083,722,0,0.958342937961523
"729","beta_trend",6083,723,0,0.957592695985164
"730","beta_trend",6083,724,0,0.956857898977504
"731","beta_trend",6083,725,0,0.956138817150293
"732","beta_trend",6083,726,0,0.955435713427281
"733","beta_trend",6083,727,0,0.954748843295199
"734","beta_trend",6083,728,0,0.954078454658859
"735","beta_trend",6083,729,0,0.953424787700412
"736","beta_trend",6083,730,0,0.952788074742859
"737","beta_trend",6083,731,0,0.952168540117837
"738","beta_trend",6083,732,0,0.951566400037759
"739","beta_trend",6083,733,0,0.95098186247236
"740","beta_trend",6083,734,0,0.950415127029694
"741","beta_trend",6083,735,0,0.949866384841636
"742","beta_trend",6083,736,0,0.949335818453948
"743","beta_trend",6083,737,0,0.948823601720942
"744","beta_trend",6083,738,0,0.948329899704789
"745","beta_trend",6083,739,0,0.94785486857953
"746","beta_trend",6083,740,0,0.94739865553981
"747","beta_trend",6083,741,0,0.946961398714392
"748","beta_trend",6083,742,0,0.946543227084475
"749","beta_trend",6083,743,0,0.946144260406867
"750","beta_trend",6083,744,0,0.945764609142025
"751","beta_trend",6083,745,0,0.945404374387012
"752","beta_trend",6083,746,0,0.94506364781339
"753","beta_trend",6083,747,0,0.94474251161008
"754","beta_trend",6083,748,0,0.944441038431208
"755","beta_trend",6083,749,0,0.94415929134896
"756","beta_trend",6083,750,0,0.943897323811481
"757","beta_trend",6083,751,0,0.943668448254875
"758","beta_trend",6083,752,0,0.943446772807193
"759","beta_trend",6083,753,0,0.94324500571766
"760","beta_trend",6083,754,0,0.943063162694372
"761","beta_trend",6083,755,0,0.942901249726821
"762","beta_trend",6083,756,0,0.942759263075584
"763","beta_trend",6083,757,0,0.942637189267149
"764","beta_trend",6083,758,0,0.942535005093884
"765","beta_trend",6083,759,0,0.942452677619148
"766","beta_trend",6083,760,0,0.942390164187531
"767","beta_trend",6083,761,0,0.942347412440236
"768","beta_trend",6083,762,0,0.94232436033557
"769","beta_trend",6083,763,0,0.942320936174555
"770","beta_trend",6083,764,0,0.942337058631622
"771","beta_trend",6083,765,0,0.942372636790399
"772","beta_trend",6083,766,0,0.942427570184543
"773","beta_trend",6083,767,0,0.942501748843622
"774","beta_trend",6083,768,0,0.942595053343999
"775","beta_trend",6083,769,0,0.942707354864711
"776","beta_trend",6083,770,0,0.942838515248297
"777","beta_trend",6083,771,0,0.942988387066548
"778","beta_trend",6083,772,0,0.943156813691154
"779","beta_trend",6083,773,0,0.943343629369189
"780","beta_trend",6083,774,0,0.943548659303411
"781","beta_trend",6083,775,0,0.943771719737333
"782","beta_trend",6083,776,0,0.944012618045003
"783","beta_trend",6083,777,0,0.944271152825468
"784","beta_trend",6083,778,0,0.944547114001849
"785","beta_trend",6083,779,0,0.944840282924991
"786","beta_trend",6083,780,0,0.945150432481622
"787","beta_trend",6083,781,0,0.94547732720696
"788","beta_trend",6083,782,0,0.94582072340172
"789","beta_trend",6083,783,0,0.946180369253441
"790","beta_trend",6083,784,0,0.94655600496208
"791","beta_trend",6083,785,0,0.946947362869791
"792","beta_trend",6083,786,0,0.947354167594838
"793","beta_trend",6083,787,0,0.947776136169539
"794","beta_trend",6083,788,0,0.948212978182203
"795","beta_trend",6083,789,0,0.948664395922937
"796","beta_trend",6083,790,0,0.94913008453329
"797","beta_trend",6083,791,0,0.949609732159608
"798","beta_trend",6083,792,0,0.950103020110048
"799","beta_trend",6083,793,0,0.950609623015144
"800","beta_trend",6083,794,0,0.951069586702237
"801","beta_trend",6083,795,0,0.951604453752866
"802","beta_trend",6083,796,0,0.952151510709542
"803","beta_trend",6083,797,0,0.952710411517985
"804","beta_trend",6083,798,0,0.953280804140686
"805","beta_trend",6083,799,0,0.953862330742111
"806","beta_trend",6083,800,0,0.954454627876657
"807","beta_trend",6083,801,0,0.955057326679243
"808","beta_trend",6083,802,0,0.955670053058447
"809","beta_trend",6083,803,0,0.956292427892085
"810","beta_trend",6083,804,0,0.956924067225127
"811","beta_trend",6083,805,0,0.957564582469843
"812","beta_trend",6083,806,0,0.958213580608076
"813","beta_trend",6083,807,0,0.958870664395527
"814","beta_trend",6083,808,0,0.959535432567949
"815","beta_trend",6083,809,0,0.960207480049141
"816","beta_trend",6083,810,0,0.960886398160618
"817","beta_trend",6083,811,0,0.96157177483286
"818","beta_trend",6083,812,0,0.962263194818014
"819","beta_trend",6083,813,0,0.962960239903937
"820","beta_trend",6083,814,0,0.963662489129472
"821","beta_trend",6083,815,0,0.964369519000829
"822","beta_trend",6083,816,0,0.965080903708961
"823","beta_trend",6083,817,0,0.965796215347819
"824","beta_trend",6083,818,0,0.966515024133357
"825","beta_trend",6083,819,0,0.967236898623185
"826","beta_trend",6083,820,0,0.967961405936739
"827","beta_trend",6083,821,0,0.968688111975847
"828","beta_trend",6083,822,0,0.96941658164559
"829","beta_trend",6083,823,0,0.97014637907531
"830","beta_trend",6083,824,0,0.970877067839673
"831","beta_trend",6083,825,0,0.971608211179652
"832","beta_trend",6083,826,0,0.972339372223314
"833","beta_trend",6083,827,0,0.973070114206298
"834","beta_trend",6083,828,0,0.973800000691856
"835","beta_trend",6083,829,0,0.974528595790344
"836","beta_trend",6083,830,0,0.975255464378052
"837","beta_trend",6083,831,0,0.975980172315241
"838","beta_trend",6083,832,0,0.976702286663284
"839","beta_trend",6083,833,0,0.977421375900795
"840","beta_trend",6083,834,0,0.978137010138617
"841","beta_trend",6083,835,0,0.978848761333575
"842","beta_trend",6083,836,0,0.979556203500867
"843","beta_trend",6083,837,0,0.980258912924992
"844","beta_trend",6083,838,0,0.980956468369091
"845","beta_trend",6083,839,0,0.981648451282605
"846","beta_trend",6083,840,0,0.98233444600714
"847","beta_trend",6083,841,0,0.983014039980421
"848","beta_trend",6083,842,0,0.983686823938245
"849","beta_trend",6083,843,0,0.984352392114321
"850","beta_trend",6083,844,0,0.985010342437896
"851","beta_trend",6083,845,0,0.985660276729068
"852","beta_trend",6083,846,0,0.986301800891688
"853","beta_trend",6083,847,0,0.986925101075338
"854","beta_trend",6083,848,0,0.987548205207587
"855","beta_trend",6083,849,0,0.988161724400439
"856","beta_trend",6083,850,0,0.988765282002485
"857","beta_trend",6083,851,0,0.989358506342471
"858","beta_trend",6083,852,0,0.989941030904813
"859","beta_trend",6083,853,0,0.990512494502024
"860","beta_trend",6083,854,0,0.991072541443991
"861","beta_trend",6083,855,0,0.991620821704009
"862","beta_trend",6083,856,0,0.992156991081488
"863","beta_trend",6083,857,0,0.992680711361275
"864","beta_trend",6083,858,0,0.993191650469495
"865","beta_trend",6083,859,0,0.993689482625857
"866","beta_trend",6083,860,0,0.994173888492339
"867","beta_trend",6083,861,0,0.994644555318203
"868","beta_trend",6083,862,0,0.99510117708126
"869","beta_trend",6083,863,0,0.995543454625328
"870","beta_trend",6083,864,0,0.995971095793822
"871","beta_trend",6083,865,0,0.996383815559432
"872","beta_trend",6083,866,0,0.996781336149806
"873","beta_trend",6083,867,0,0.997163387169215
"874","beta_trend",6083,868,0,0.997529705716132
"875","beta_trend",6083,869,0,0.997880036496689
"876","beta_trend",6083,870,0,0.998214131933958
"877","beta_trend",6083,871,0,0.998531752273022
"878","beta_trend",6083,872,0,0.998832665681794
"879","beta_trend",6083,873,0,0.999116648347549
"880","beta_trend",6083,874,0,0.999383484569127
"881","beta_trend",6083,875,0,0.999632966844794
"882","beta_trend",6083,876,0,0.999864895955711
"883","beta_trend",6083,877,0,1.000079081045
"884","beta_trend",6083,878,0,1.00027533969237
"885","beta_trend",6083,879,0,1.00045349798431
"886","beta_trend",6083,880,0,1.0006133905798
"887","beta_trend",6083,881,0,1.0007548607715
"888","beta_trend",6083,882,0,1.00087776054255
"889","beta_trend",6083,883,0,1.00098195061868
"890","beta_trend",6083,884,0,1.00106730051602
"891","beta_trend",6083,885,0,1.00113368858417
"892","beta_trend",6083,886,0,1.00118100204492
"893","beta_trend",6083,887,0,1.00120913702634
"894","beta_trend",6083,888,0,1.00121799859237
"895","beta_trend",6083,889,0,1.00120750076788
"896","beta_trend",6083,890,0,1.00117756655928
"897","beta_trend",6083,891,0,1.00114305478948
"898","beta_trend",6083,892,0,1.00107339208399
"899","beta_trend",6083,893,0,1.00098414377961
"900","beta_trend",6083,894,0,1.00087526783061
"901","beta_trend",6083,895,0,1.0007467312481
"902","beta_trend",6083,896,0,1.0005985100925
"903","beta_trend",6083,897,0,1.00043058946158
"904","beta_trend",6083,898,0,1.00024296347409
"905","beta_trend",6083,899,0,1.0000356352492
"906","beta_trend",6083,900,0,0.999808616881567
"907","beta_trend",6083,901,0,0.999561929412115
"908","beta_trend",6083,902,0,0.999295602794662
"909","beta_trend",6083,903,0,0.999009675858283
"910","beta_trend",6083,904,0,0.998704196265535
"911","beta_trend",6083,905,0,0.998379220466544
"912","beta_trend",6083,906,0,0.99803481364901
"913","beta_trend",6083,907,0,0.997671049684152
"914","beta_trend",6083,908,0,0.997288011068655
"915","beta_trend",6083,909,0,0.996885788862646
"916","beta_trend",6083,910,0,0.99646448262375
"917","beta_trend",6083,911,0,0.996024200337274
"918","beta_trend",6083,912,0,0.995565058342565
"919","beta_trend",6083,913,0,0.995087181255591
"920","beta_trend",6083,914,0,0.994590701887796
"921","beta_trend",6083,915,0,0.994075761161282
"922","beta_trend",6083,916,0,0.993542508020367
"923","beta_trend",6083,917,0,0.992991099339583
"924","beta_trend",6083,918,0,0.992421699828161
"925","beta_trend",6083,919,0,0.991834481931057
"926","beta_trend",6083,920,0,0.991229625726594
"927","beta_trend",6083,921,0,0.990607318820759
"928","beta_trend",6083,922,0,0.989967756238225
"929","beta_trend",6083,923,0,0.989311140310166
"930","beta_trend",6083,924,0,0.988637680558908
"931","beta_trend",6083,925,0,0.987947593579498
"932","beta_trend",6083,926,0,0.987241102918246
"933","beta_trend",6083,927,0,0.986518438948307
"934","beta_trend",6083,928,0,0.985779838742361
"935","beta_trend",6083,929,0,0.985025545942476
"936","beta_trend",6083,930,0,0.984255810627201
"937","beta_trend",6083,931,0,0.983470889175962
"938","beta_trend",6083,932,0,0.982671044130845
"939","beta_trend",6083,933,0,0.981856544055809
"940","beta_trend",6083,934,0,0.981027663393423
"941","beta_trend",6083,935,0,0.980184682319177
"942","beta_trend",6083,936,0,0.979327886593457
"943","beta_trend",6083,937,0,0.978457567411239
"944","beta_trend",6083,938,0,0.977574021249587
"945","beta_trend",6083,939,0,0.976677549713009
"946","beta_trend",6083,940,0,0.975768459376774
"947","beta_trend",6083,941,0,0.974847061628229
"948","beta_trend",6083,942,0,0.973913672506212
"949","beta_trend",6083,943,0,0.972968612538632
"950","beta_trend",6083,944,0,0.972016317235568
"951","beta_trend",6083,945,0,0.971049083709024
"952","beta_trend",6083,946,0,0.970071174434803
"953","beta_trend",6083,947,0,0.969082926572228
"954","beta_trend",6083,948,0,0.968084680945038
"955","beta_trend",6083,949,0,0.967076781869926
"956","beta_trend",6083,950,0,0.966059576983781
"957","beta_trend",6083,951,0,0.96503341706971
"958","beta_trend",6083,952,0,0.963998655881909
"959","beta_trend",6083,953,0,0.962955649969472
"960","beta_trend",6083,954,0,0.961904758499203
"961","beta_trend",6083,955,0,0.96084634307752
"962","beta_trend",6083,956,0,0.959780767571514
"963","beta_trend",6083,957,0,0.958708397929256
"964","beta_trend",6083,958,0,0.957629601999417
"965","beta_trend",6083,959,0,0.95654474935029
"966","beta_trend",6083,960,0,0.95545421108828
"967","beta_trend",6083,961,0,0.95435835967595
"968","beta_trend",6083,962,0,0.953257568749695
"969","beta_trend",6083,963,0,0.952152212937125
"970","beta_trend",6083,964,0,0.951042667674237
"971","beta_trend",6083,965,0,0.949929309022448
"972","beta_trend",6083,966,0,0.948812513485572
"973","beta_trend",6083,967,0,0.947692657826825
"974","beta_trend",6083,968,0,0.946570118885919
"975","beta_trend",6083,969,0,0.945445273396345
"976","beta_trend",6083,970,0,0.944318497802908
"977","beta_trend",6083,971,0,0.943190168079602
"978","beta_trend",6083,972,0,0.942060659547891
"979","beta_trend",6083,973,0,0.940930346695494
"980","beta_trend",6083,974,0,0.939799602995733
"981","beta_trend",6083,975,0,0.938668800727536
"982","beta_trend",6083,976,0,0.937538310796164
"983","beta_trend",6083,977,0,0.936408502554749
"984","beta_trend",6083,978,0,0.935279743626715
"985","beta_trend",6083,979,0,0.934152399729163
"986","beta_trend",6083,980,0,0.933026834497294
"987","beta_trend",6083,981,0,0.931903409309959
"988","beta_trend",6083,982,0,0.930782483116401
"989","beta_trend",6083,983,0,0.929664412264273
"990","beta_trend",6083,984,0,0.928549550329008
"991","beta_trend",6083,985,0,0.927438247944624
"992","beta_trend",6083,986,0,0.926330852636033
"993","beta_trend",6083,987,0,0.925227708652934
"994","beta_trend",6083,988,0,0.924109014607902
"995","beta_trend",6083,989,0,0.923016284731757
"996","beta_trend",6083,990,0,0.921928780122203
"997","beta_trend",6083,991,0,0.920846831783031
"998","beta_trend",6083,992,0,0.919770766584558
"999","beta_trend",6083,993,0,0.918700907110432
"1000","beta_trend",6083,994,0,0.917637571506497
"1001","beta_trend",6083,995,0,0.916581073331806
"1002","beta_trend",6083,996,0,0.915531721411847
"1003","beta_trend",6083,997,0,0.914489819694059
"1004","beta_trend",6083,998,0,0.913455667105718
"1005","beta_trend",6083,999,0,0.912429557414257
"1006","beta_trend",6083,1000,0,0.911411779090106
"1007","beta_trend",6083,1001,0,0.910402615172112
"1008","beta_trend",6083,1002,0,0.909402343135617
"1009","beta_trend",6083,1003,0,0.90841123476327
"1010","beta_trend",6083,1004,0,0.907429556018634
"1011","beta_trend",6083,1005,0,0.906457566922667
"1012","beta_trend",6083,1006,0,0.905495521433137
"1013","beta_trend",6083,1007,0,0.904543667327047
"1014","beta_trend",6083,1008,0,0.90360224608614
"1015","beta_trend",6083,1009,0,0.902671492785536
"1016","beta_trend",6083,1010,0,0.90175163598558
"1017","beta_trend",6083,1011,0,0.900842897626967
"1018","beta_trend",6083,1012,0,0.899945492929195
"1019","beta_trend",6083,1013,0,0.899059630292415
"1020","beta_trend",6083,1014,0,0.89818551120275
"1021","beta_trend",6083,1015,0,0.897323330141123
"1022","beta_trend",6083,1016,0,0.896473274495663
"1023","beta_trend",6083,1017,0,0.895635524477757
"1024","beta_trend",6083,1018,0,0.894810253041782
"1025","beta_trend",6083,1019,0,0.893997625808593
"1026","beta_trend",6083,1020,0,0.893197800992801
"1027","beta_trend",6083,1021,0,0.892410929333917
"1028","beta_trend",6083,1022,0,0.891637154031386
"1029","beta_trend",6083,1023,0,0.890876610683578
"1030","beta_trend",6083,1024,0,0.890129427230778
"1031","beta_trend",6083,1025,0,0.889395723902219
"1032","beta_trend",6083,1026,0,0.888675613167204
"1033","beta_trend",6083,1027,0,0.887969199690353
"1034","beta_trend",6083,1028,0,0.887276580291027
"1035","beta_trend",6083,1029,0,0.886597843906953
"1036","beta_trend",6083,1030,0,0.8859330715621
"1037","beta_trend",6083,1031,0,0.885282336338824
"1038","beta_trend",6083,1032,0,0.884645703354331
"1039","beta_trend",6083,1033,0,0.884023229741479
"1040","beta_trend",6083,1034,0,0.883414964633944
"1041","beta_trend",6083,1035,0,0.882820949155783
"1042","beta_trend",6083,1036,0,0.88224121641541
"1043","beta_trend",6083,1037,0,0.881675791504016
"1044","beta_trend",6083,1038,0,0.881124691498441
"1045","beta_trend",6083,1039,0,0.880587925468516
"1046","beta_trend",6083,1040,0,0.880064167793025
"1047","beta_trend",6083,1041,0,0.879556003746266
"1048","beta_trend",6083,1042,0,0.879062150319827
"1049","beta_trend",6083,1043,0,0.87858258461072
"1050","beta_trend",6083,1044,0,0.878117275809126
"1051","beta_trend",6083,1045,0,0.877666185232636
"1052","beta_trend",6083,1046,0,0.877229266365012
"1053","beta_trend",6083,1047,0,0.87680646489944
"1054","beta_trend",6083,1048,0,0.876397718786293
"1055","beta_trend",6083,1049,0,0.876002958285375
"1056","beta_trend",6083,1050,0,0.875622106022643
"1057","beta_trend",6083,1051,0,0.875255077051387
"1058","beta_trend",6083,1052,0,0.874901778917842
"1059","beta_trend",6083,1053,0,0.874562111731231
"1060","beta_trend",6083,1054,0,0.874235968238189
"1061","beta_trend",6083,1055,0,0.873923233901556
"1062","beta_trend",6083,1056,0,0.873623786983502
"1063","beta_trend",6083,1057,0,0.873337498632956
"1064","beta_trend",6083,1058,0,0.873064232977291
"1065","beta_trend",6083,1059,0,0.872803847218238
"1066","beta_trend",6083,1060,0,0.872556191731979
"1067","beta_trend",6083,1061,0,0.87232111017337
"1068","beta_trend",6083,1062,0,0.872098439584256
"1069","beta_trend",6083,1063,0,0.871888010505812
"1070","beta_trend",6083,1064,0,0.871689647094866
"1071","beta_trend",6083,1065,0,0.871503167244141
"1072","beta_trend",6083,1066,0,0.871328382706358
"1073","beta_trend",6083,1067,0,0.871165099222128
"1074","beta_trend",6083,1068,0,0.871013116651573
"1075","beta_trend",6083,1069,0,0.870872229109612
"1076","beta_trend",6083,1070,0,0.870742225104817
"1077","beta_trend",6083,1071,0,0.870622887681792
"1078","beta_trend",6083,1072,0,0.870513994566968
"1079","beta_trend",6083,1073,0,0.870415318317755
"1080","beta_trend",6083,1074,0,0.870326626474952
"1081","beta_trend",6083,1075,0,0.870247681718334
"1082","beta_trend",6083,1076,0,0.870178242025323
"1083","beta_trend",6083,1077,0,0.870118060832652
"1084","beta_trend",6083,1078,0,0.870066887200926
"1085","beta_trend",6083,1079,0,0.870024465981979
"1086","beta_trend",6083,1080,0,0.869990537988934
"1087","beta_trend",6083,1081,0,0.869964840168849
"1088","beta_trend",6083,1082,0,0.86994710577786
"1089","beta_trend",6083,1083,0,0.8699370645587
"1090","beta_trend",6083,1084,0,0.869926480901594
"1091","beta_trend",6083,1085,0,0.869931354507846
"1092","beta_trend",6083,1086,0,0.869943076449737
"1093","beta_trend",6083,1087,0,0.869961364818463
"1094","beta_trend",6083,1088,0,0.869985935089888
"1095","beta_trend",6083,1089,0,0.870016500314649
"1096","beta_trend",6083,1090,0,0.870052771309807
"1097","beta_trend",6083,1091,0,0.870094456851914
"1098","beta_trend",6083,1092,0,0.870141263871374
"1099","beta_trend",6083,1093,0,0.870192897647962
"1100","beta_trend",6083,1094,0,0.870249062007386
"1101","beta_trend",6083,1095,0,0.870309459518748
"1102","beta_trend",6083,1096,0,0.870373791692774
"1103","beta_trend",6083,1097,0,0.870441759180687
"1104","beta_trend",6083,1098,0,0.87051306197359
"1105","beta_trend",6083,1099,0,0.870587399602201
"1106","beta_trend",6083,1100,0,0.870664471336843
"1107","beta_trend",6083,1101,0,0.870743976387507
"1108","beta_trend",6083,1102,0,0.870825614103893
"1109","beta_trend",6083,1103,0,0.870909084175252
"1110","beta_trend",6083,1104,0,0.870994086829925
"1111","beta_trend",6083,1105,0,0.871080323034407
"1112","beta_trend",6083,1106,0,0.871167494691824
"1113","beta_trend",6083,1107,0,0.871255304839665
"1114","beta_trend",6083,1108,0,0.871343457846638
"1115","beta_trend",6083,1109,0,0.871431659608505
"1116","beta_trend",6083,1110,0,0.87151961774276
"1117","beta_trend",6083,1111,0,0.871607041782016
"1118","beta_trend",6083,1112,0,0.871693643365941
"1119","beta_trend",6083,1113,0,0.871779136431639
"1120","beta_trend",6083,1114,0,0.871863237402301
"1121","beta_trend",6083,1115,0,0.871945665374021
"1122","beta_trend",6083,1116,0,0.872026142300621
"1123","beta_trend",6083,1117,0,0.872104393176356
"1124","beta_trend",6083,1118,0,0.87218014621637
"1125","beta_trend",6083,1119,0,0.872253133034763
"1126","beta_trend",6083,1120,0,0.872323088820146
"1127","beta_trend",6083,1121,0,0.872389752508549
"1128","beta_trend",6083,1122,0,0.872452866953551
"1129","beta_trend",6083,1123,0,0.872512179093516
"1130","beta_trend",6083,1124,0,0.872567440115808
"1131","beta_trend",6083,1125,0,0.872618405617852
"1132","beta_trend",6083,1126,0,0.872664835764939
"1133","beta_trend",6083,1127,0,0.872706495444638
"1134","beta_trend",6083,1128,0,0.87274315441772
"1135","beta_trend",6083,1129,0,0.872774587465462
"1136","beta_trend",6083,1130,0,0.872800574533234
"1137","beta_trend",6083,1131,0,0.872820900870256
"1138","beta_trend",6083,1132,0,0.872835357165412
"1139","beta_trend",6083,1133,0,0.872843739679047
"1140","beta_trend",6083,1134,0,0.872845850370602
"1141","beta_trend",6083,1135,0,0.872841497022043
"1142","beta_trend",6083,1136,0,0.872830493356944
"1143","beta_trend",6083,1137,0,0.872810040450786
"1144","beta_trend",6083,1138,0,0.872785080977077
"1145","beta_trend",6083,1139,0,0.872752943887176
"1146","beta_trend",6083,1140,0,0.872713467559932
"1147","beta_trend",6083,1141,0,0.872666496835478
"1148","beta_trend",6083,1142,0,0.872611883106358
"1149","beta_trend",6083,1143,0,0.872549484403755
"1150","beta_trend",6083,1144,0,0.872479165478781
"1151","beta_trend",6083,1145,0,0.872400797878753
"1152","beta_trend",6083,1146,0,0.872314260018396
"1153","beta_trend",6083,1147,0,0.872219437245934
"1154","beta_trend",6083,1148,0,0.872116221904006
"1155","beta_trend",6083,1149,0,0.872004513385371
"1156","beta_trend",6083,1150,0,0.871884218183362
"1157","beta_trend",6083,1151,0,0.871755249937044
"1158","beta_trend",6083,1152,0,0.87161752947106
"1159","beta_trend",6083,1153,0,0.871470984830121
"1160","beta_trend",6083,1154,0,0.871315551308124
"1161","beta_trend",6083,1155,0,0.871151171471887
"1162","beta_trend",6083,1156,0,0.870977795179473
"1163","beta_trend",6083,1157,0,0.870795379593098
"1164","beta_trend",6083,1158,0,0.870603889186626
"1165","beta_trend",6083,1159,0,0.870403295747632
"1166","beta_trend",6083,1160,0,0.870193578374062
"1167","beta_trend",6083,1161,0,0.869974723465468
"1168","beta_trend",6083,1162,0,0.869746724708855
"1169","beta_trend",6083,1163,0,0.869509583059146
"1170","beta_trend",6083,1164,0,0.86926330671428
"1171","beta_trend",6083,1165,0,0.869007911084992
"1172","beta_trend",6083,1166,0,0.868743418759269
"1173","beta_trend",6083,1167,0,0.868469859461556
"1174","beta_trend",6083,1168,0,0.868187270006717
"1175","beta_trend",6083,1169,0,0.867895694248818
"1176","beta_trend",6083,1170,0,0.867595183024766
"1177","beta_trend",6083,1171,0,0.867285794092861
"1178","beta_trend",6083,1172,0,0.866967592066314
"1179","beta_trend",6083,1173,0,0.8666406483418
"1180","beta_trend",6083,1174,0,0.866305041023093
"1181","beta_trend",6083,1175,0,0.865960854839869
"1182","beta_trend",6083,1176,0,0.865608181061741
"1183","beta_trend",6083,1177,0,0.865247117407597
"1184","beta_trend",6083,1178,0,0.864877767950337
"1185","beta_trend",6083,1179,0,0.864500243017075
"1186","beta_trend",6083,1180,0,0.864114659084905
"1187","beta_trend",6083,1181,0,0.863727932330909
"1188","beta_trend",6083,1182,0,0.863326302849199
"1189","beta_trend",6083,1183,0,0.862917012244987
"1190","beta_trend",6083,1184,0,0.862500199967885
"1191","beta_trend",6083,1185,0,0.8620760110513
"1192","beta_trend",6083,1186,0,0.861644595982999
"1193","beta_trend",6083,1187,0,0.861206110571951
"1194","beta_trend",6083,1188,0,0.860760715811584
"1195","beta_trend",6083,1189,0,0.860308577739552
"1196","beta_trend",6083,1190,0,0.859849867294136
"1197","beta_trend",6083,1191,0,0.859384760167419
"1198","beta_trend",6083,1192,0,0.85891343665533
"1199","beta_trend",6083,1193,0,0.85843608150471
"1200","beta_trend",6083,1194,0,0.857952883757513
"1201","beta_trend",6083,1195,0,0.857464036592285
"1202","beta_trend",6083,1196,0,0.856969737163045
"1203","beta_trend",6083,1197,0,0.856470186435707
"1204","beta_trend",6083,1198,0,0.855965589022185
"1205","beta_trend",6083,1199,0,0.855456153012316
"1206","beta_trend",6083,1200,0,0.854942089803738
"1207","beta_trend",6083,1201,0,0.854423613929873
"1208","beta_trend",6083,1202,0,0.853900942886153
"1209","beta_trend",6083,1203,0,0.853374296954636
"1210","beta_trend",6083,1204,0,0.852843899027156
"1211","beta_trend",6083,1205,0,0.852309974427152
"1212","beta_trend",6083,1206,0,0.85177275073033
"1213","beta_trend",6083,1207,0,0.8512324575843
"1214","beta_trend",6083,1208,0,0.850689326527333
"1215","beta_trend",6083,1209,0,0.850143590806397
"1216","beta_trend",6083,1210,0,0.849595485194614
"1217","beta_trend",6083,1211,0,0.849045245808288
"1218","beta_trend",6083,1212,0,0.848493109923648
"1219","beta_trend",6083,1213,0,0.847939315793472
"1220","beta_trend",6083,1214,0,0.847384102463715
"1221","beta_trend",6083,1215,0,0.846827709590312
"1222","beta_trend",6083,1216,0,0.846270377256287
"1223","beta_trend",6083,1217,0,0.845712345789328
"1224","beta_trend",6083,1218,0,0.845153855579958
"1225","beta_trend",6083,1219,0,0.844595146900463
"1226","beta_trend",6083,1220,0,0.84403645972471
"1227","beta_trend",6083,1221,0,0.843478033549003
"1228","beta_trend",6083,1222,0,0.842920107214108
"1229","beta_trend",6083,1223,0,0.842362918728603
"1230","beta_trend",6083,1224,0,0.841806705093674
"1231","beta_trend",6083,1225,0,0.841251702129507
"1232","beta_trend",6083,1226,0,0.840698144303397
"1233","beta_trend",6083,1227,0,0.840146264559714
"1234","beta_trend",6083,1228,0,0.839596294151862
"1235","beta_trend",6083,1229,0,0.839048462476336
"1236","beta_trend",6083,1230,0,0.838502996909037
"1237","beta_trend",6083,1231,0,0.83796012264393
"1238","beta_trend",6083,1232,0,0.837420062534196
"1239","beta_trend",6083,1233,0,0.836883036935981
"1240","beta_trend",6083,1234,0,0.836347445591652
"1241","beta_trend",6083,1235,0,0.835817055652317
"1242","beta_trend",6083,1236,0,0.835290341158133
"1243","beta_trend",6083,1237,0,0.834767510823592
"1244","beta_trend",6083,1238,0,0.83424877012236
"1245","beta_trend",6083,1239,0,0.83373432114875
"1246","beta_trend",6083,1240,0,0.833224362482545
"1247","beta_trend",6083,1241,0,0.832719089057242
"1248","beta_trend",6083,1242,0,0.832218692031817
"1249","beta_trend",6083,1243,0,0.831723358666096
"1250","beta_trend",6083,1244,0,0.831233272199824
"1251","beta_trend",6083,1245,0,0.830748611735483
"1252","beta_trend",6083,1246,0,0.830269552124974
"1253","beta_trend",6083,1247,0,0.829796263860203
"1254","beta_trend",6083,1248,0,0.829328912967648
"1255","beta_trend",6083,1249,0,0.828867660906984
"1256","beta_trend",6083,1250,0,0.828412664473803
"1257","beta_trend",6083,1251,0,0.82796407570651
"1258","beta_trend",6083,1252,0,0.827522041797422
"1259","beta_trend",6083,1253,0,0.827086705008148
"1260","beta_trend",6083,1254,0,0.826658202589263
"1261","beta_trend",6083,1255,0,0.826236666704341
"1262","beta_trend",6083,1256,0,0.825822224358376
"1263","beta_trend",6083,1257,0,0.825414997330612
"1264","beta_trend",6083,1258,0,0.825015102111832
"1265","beta_trend",6083,1259,0,0.824622649846114
"1266","beta_trend",6083,1260,0,0.824237746277075
"1267","beta_trend",6083,1261,0,0.823860491698636
"1268","beta_trend",6083,1262,0,0.823490980910292
"1269","beta_trend",6083,1263,0,0.823129303176926
"1270","beta_trend",6083,1264,0,0.82277554219315
"1271","beta_trend",6083,1265,0,0.822429776052179
"1272","beta_trend",6083,1266,0,0.82209207721924
"1273","beta_trend",6083,1267,0,0.8217625125095
"1274","beta_trend",6083,1268,0,0.821441143070511
"1275","beta_trend",6083,1269,0,0.821128024369145
"1276","beta_trend",6083,1270,0,0.820823206183014
"1277","beta_trend",6083,1271,0,0.820526732596335
"1278","beta_trend",6083,1272,0,0.820238642000237
"1279","beta_trend",6083,1273,0,0.81995896709745
"1280","beta_trend",6083,1274,0,0.819687734911371
"1281","beta_trend",6083,1275,0,0.81942496679945
"1282","beta_trend",6083,1276,0,0.819170678470864
"1283","beta_trend",6083,1277,0,0.818907897893096
"1284","beta_trend",6083,1278,0,0.818671345337398
"1285","beta_trend",6083,1279,0,0.81844325449973
"1286","beta_trend",6083,1280,0,0.818223620000401
"1287","beta_trend",6083,1281,0,0.818012430917044
"1288","beta_trend",6083,1282,0,0.817809670828459
"1289","beta_trend",6083,1283,0,0.817615317862309
"1290","beta_trend",6083,1284,0,0.817429344746624
"1291","beta_trend",6083,1285,0,0.817251718865032
"1292","beta_trend",6083,1286,0,0.817082402315645
"1293","beta_trend",6083,1287,0,0.816921351973533
"1294","beta_trend",6083,1288,0,0.816768519556702
"1295","beta_trend",6083,1289,0,0.816623851695508
"1296","beta_trend",6083,1290,0,0.816487290005407
"1297","beta_trend",6083,1291,0,0.816358771162983
"1298","beta_trend",6083,1292,0,0.81623822698514
"1299","beta_trend",6083,1293,0,0.816125584511397
"1300","beta_trend",6083,1294,0,0.816020766089169
"1301","beta_trend",6083,1295,0,0.815923689461968
"1302","beta_trend",6083,1296,0,0.815834267860408
"1303","beta_trend",6083,1297,0,0.815752410095941
"1304","beta_trend",6083,1298,0,0.815678020657196
"1305","beta_trend",6083,1299,0,0.81561099980886
"1306","beta_trend",6083,1300,0,0.815551243692967
"1307","beta_trend",6083,1301,0,0.815498644432517
"1308","beta_trend",6083,1302,0,0.81545309023731
"1309","beta_trend",6083,1303,0,0.815414465511895
"1310","beta_trend",6083,1304,0,0.815382650965532
"1311","beta_trend",6083,1305,0,0.815357523724058
"1312","beta_trend",6083,1306,0,0.815338957443551
"1313","beta_trend",6083,1307,0,0.815326822425686
"1314","beta_trend",6083,1308,0,0.815320985734682
"1315","beta_trend",6083,1309,0,0.815321311315715
"1316","beta_trend",6083,1310,0,0.81532766011471
"1317","beta_trend",6083,1311,0,0.815339890199388
"1318","beta_trend",6083,1312,0,0.815357856881468
"1319","beta_trend",6083,1313,0,0.815381412839909
"1320","beta_trend",6083,1314,0,0.815410408245091
"1321","beta_trend",6083,1315,0,0.815444690883821
"1322","beta_trend",6083,1316,0,0.815484106285057
"1323","beta_trend",6083,1317,0,0.815528497846245
"1324","beta_trend",6083,1318,0,0.815577706960161
"1325","beta_trend",6083,1319,0,0.815631573142148
"1326","beta_trend",6083,1320,0,0.815689934157644
"1327","beta_trend",6083,1321,0,0.815752626149904
"1328","beta_trend",6083,1322,0,0.815819483767796
"1329","beta_trend",6083,1323,0,0.81589034029358
"1330","beta_trend",6083,1324,0,0.815965027770566
"1331","beta_trend",6083,1325,0,0.816043377130543
"1332","beta_trend",6083,1326,0,0.816125218320892
"1333","beta_trend",6083,1327,0,0.816210380431263
"1334","beta_trend",6083,1328,0,0.81629869181975
"1335","beta_trend",6083,1329,0,0.816389980238434
"1336","beta_trend",6083,1330,0,0.816489699749516
"1337","beta_trend",6083,1331,0,0.816586683022912
"1338","beta_trend",6083,1332,0,0.816686135462119
"1339","beta_trend",6083,1333,0,0.816787884091968
"1340","beta_trend",6083,1334,0,0.816891755963544
"1341","beta_trend",6083,1335,0,0.816997578274682
"1342","beta_trend",6083,1336,0,0.817105178489243
"1343","beta_trend",6083,1337,0,0.817214384455078
"1344","beta_trend",6083,1338,0,0.817325024520616
"1345","beta_trend",6083,1339,0,0.817436927649981
"1346","beta_trend",6083,1340,0,0.817549923536582
"1347","beta_trend",6083,1341,0,0.817663842715079
"1348","beta_trend",6083,1342,0,0.817778516671681
"1349","beta_trend",6083,1343,0,0.817893777952685
"1350","beta_trend",6083,1344,0,0.818009460271205
"1351","beta_trend",6083,1345,0,0.818125398612017
"1352","beta_trend",6083,1346,0,0.818241429334468
"1353","beta_trend",6083,1347,0,0.818357390273378
"1354","beta_trend",6083,1348,0,0.818473120837887
"1355","beta_trend",6083,1349,0,0.818588462108201
"1356","beta_trend",6083,1350,0,0.818703256930156
"1357","beta_trend",6083,1351,0,0.81881735000759
"1358","beta_trend",6083,1352,0,0.81893058799244
"1359","beta_trend",6083,1353,0,0.819042819572549
"1360","beta_trend",6083,1354,0,0.819153895557118
"1361","beta_trend",6083,1355,0,0.819263668959783
"1362","beta_trend",6083,1356,0,0.819371995079268
"1363","beta_trend",6083,1357,0,0.819478731577583
"1364","beta_trend",6083,1358,0,0.819583738555739
"1365","beta_trend",6083,1359,0,0.819686878626946
"1366","beta_trend",6083,1360,0,0.819788016987276
"1367","beta_trend",6083,1361,0,0.819887021483756
"1368","beta_trend",6083,1362,0,0.819983762679876
"1369","beta_trend",6083,1363,0,0.820078113918495
"1370","beta_trend",6083,1364,0,0.820169951382128
"1371","beta_trend",6083,1365,0,0.820259154150591
"1372","beta_trend",6083,1366,0,0.820345604256012
"1373","beta_trend",6083,1367,0,0.820429186735175
"1374","beta_trend",6083,1368,0,0.820509789679215
"1375","beta_trend",6083,1369,0,0.820587304280638
"1376","beta_trend",6083,1370,0,0.82066162487768
"1377","beta_trend",6083,1371,0,0.820732648996
"1378","beta_trend",6083,1372,0,0.820800277387709
"1379","beta_trend",6083,1373,0,0.820864414067738
"1380","beta_trend",6083,1374,0,0.820919665169768
"1381","beta_trend",6083,1375,0,0.82097677856378
"1382","beta_trend",6083,1376,0,0.821030122321517
"1383","beta_trend",6083,1377,0,0.821079614209697
"1384","beta_trend",6083,1378,0,0.821125175385936
"1385","beta_trend",6083,1379,0,0.821166730419872
"1386","beta_trend",6083,1380,0,0.821204207311719
"1387","beta_trend",6083,1381,0,0.821237537508264
"1388","beta_trend",6083,1382,0,0.821266655916336
"1389","beta_trend",6083,1383,0,0.821291500913772
"1390","beta_trend",6083,1384,0,0.82131201435791
"1391","beta_trend",6083,1385,0,0.821328141591627
"1392","beta_trend",6083,1386,0,0.821339831446975
"1393","beta_trend",6083,1387,0,0.821347036246422
"1394","beta_trend",6083,1388,0,0.821349711801752
"1395","beta_trend",6083,1389,0,0.821347817410649
"1396","beta_trend",6083,1390,0,0.821341315851001
"1397","beta_trend",6083,1391,0,0.821330173372977
"1398","beta_trend",6083,1392,0,0.821314359688894
"1399","beta_trend",6083,1393,0,0.821293847960936
"1400","beta_trend",6083,1394,0,0.821268614786753
"1401","beta_trend",6083,1395,0,0.821238640182988
"1402","beta_trend",6083,1396,0,0.821203907566782
"1403","beta_trend",6083,1397,0,0.821164403735295
"1404","beta_trend",6083,1398,0,0.821120118843287
"1405","beta_trend",6083,1399,0,0.821071046378818
"1406","beta_trend",6083,1400,0,0.821017183137106
"1407","beta_trend",6083,1401,0,0.82095852919259
"1408","beta_trend",6083,1402,0,0.820895087869256
"1409","beta_trend",6083,1403,0,0.820826865709272
"1410","beta_trend",6083,1404,0,0.82075387243998
"1411","beta_trend",6083,1405,0,0.820676120939302
"1412","beta_trend",6083,1406,0,0.820593627199607
"1413","beta_trend",6083,1407,0,0.820506410290093
"1414","beta_trend",6083,1408,0,0.82041449231774
"1415","beta_trend",6083,1409,0,0.820317898386883
"1416","beta_trend",6083,1410,0,0.820216656557456
"1417","beta_trend",6083,1411,0,0.820110797801969
"1418","beta_trend",6083,1412,0,0.820000355961264
"1419","beta_trend",6083,1413,0,0.819885367699102
"1420","beta_trend",6083,1414,0,0.819765872455646
"1421","beta_trend",6083,1415,0,0.819641912399884
"1422","beta_trend",6083,1416,0,0.819513532381039
"1423","beta_trend",6083,1417,0,0.819380779879044
"1424","beta_trend",6083,1418,0,0.819243704954107
"1425","beta_trend",6083,1419,0,0.819102360195434
"1426","beta_trend",6083,1420,0,0.818956800669167
"1427","beta_trend",6083,1421,0,0.818807083865573
"1428","beta_trend",6083,1422,0,0.818653269645549
"1429","beta_trend",6083,1423,0,0.818495420186499
"1430","beta_trend",6083,1424,0,0.818333599927612
"1431","beta_trend",6083,1425,0,0.81816787551462
"1432","beta_trend",6083,1426,0,0.817998315744063
"1433","beta_trend",6083,1427,0,0.817805943559119
"1434","beta_trend",6083,1428,0,0.81762805091608
"1435","beta_trend",6083,1429,0,0.817446503587617
"1436","beta_trend",6083,1430,0,0.817261376867867
"1437","beta_trend",6083,1431,0,0.817072747860385
"1438","beta_trend",6083,1432,0,0.816880695418624
"1439","beta_trend",6083,1433,0,0.816685300086221
"1440","beta_trend",6083,1434,0,0.816486644037114
"1441","beta_trend",6083,1435,0,0.816284811015544
"1442","beta_trend",6083,1436,0,0.816079886275978
"1443","beta_trend",6083,1437,0,0.815871956522993
"1444","beta_trend",6083,1438,0,0.815661109851169
"1445","beta_trend",6083,1439,0,0.815447435685014
"1446","beta_trend",6083,1440,0,0.815231024718974
"1447","beta_trend",6083,1441,0,0.815011968857562
"1448","beta_trend",6083,1442,0,0.814790361155628
"1449","beta_trend",6083,1443,0,0.814566295758827
"1450","beta_trend",6083,1444,0,0.814339867844296
"1451","beta_trend",6083,1445,0,0.814111173561592
"1452","beta_trend",6083,1446,0,0.813880309973909
"1453","beta_trend",6083,1447,0,0.813647374999607
"1454","beta_trend",6083,1448,0,0.813412467354093
"1455","beta_trend",6083,1449,0,0.813175686492059
"1456","beta_trend",6083,1450,0,0.812937132550135
"1457","beta_trend",6083,1451,0,0.812696906289952
"1458","beta_trend",6083,1452,0,0.812455109041664
"1459","beta_trend",6083,1453,0,0.812211842647936
"1460","beta_trend",6083,1454,0,0.81196720940843
"1461","beta_trend",6083,1455,0,0.811721312024809
"1462","beta_trend",6083,1456,0,0.811474253546274
"1463","beta_trend",6083,1457,0,0.81122613731566
"1464","beta_trend",6083,1458,0,0.810977066916104
"1465","beta_trend",6083,1459,0,0.810727146118308
"1466","beta_trend",6083,1460,0,0.8104764788284
"1467","beta_trend",6083,1461,0,0.810225169036425
"1468","beta_trend",6083,1462,0,0.809973320765468
"1469","beta_trend",6083,1463,0,0.809721038021424
"1470","beta_trend",6083,1464,0,0.809468424743423
"1471","beta_trend",6083,1465,0,0.809215584754934
"1472","beta_trend",6083,1466,0,0.808962621715538
"1473","beta_trend",6083,1467,0,0.808709639073394
"1474","beta_trend",6083,1468,0,0.808456740018397
"1475","beta_trend",6083,1469,0,0.808204027436036
"1476","beta_trend",6083,1470,0,0.807959295804991
"1477","beta_trend",6083,1471,0,0.807706923005541
"1478","beta_trend",6083,1472,0,0.807455057341854
"1479","beta_trend",6083,1473,0,0.807203799471598
"1480","beta_trend",6083,1474,0,0.806953249548541
"1481","beta_trend",6083,1475,0,0.806703507180016
"1482","beta_trend",6083,1476,0,0.806454671385127
"1483","beta_trend",6083,1477,0,0.806206840553684
"1484","beta_trend",6083,1478,0,0.80596011240588
"1485","beta_trend",6083,1479,0,0.805714583952702
"1486","beta_trend",6083,1480,0,0.805470351457058
"1487","beta_trend",6083,1481,0,0.805227510395644
"1488","beta_trend",6083,1482,0,0.804986155421519
"1489","beta_trend",6083,1483,0,0.804746380327394
"1490","beta_trend",6083,1484,0,0.804508278009636
"1491","beta_trend",6083,1485,0,0.804271940432959
"1492","beta_trend",6083,1486,0,0.804037458595821
"1493","beta_trend",6083,1487,0,0.803804922496493
"1494","beta_trend",6083,1488,0,0.803574421099813
"1495","beta_trend",6083,1489,0,0.8033460423046
"1496","beta_trend",6083,1490,0,0.803119872911727
"1497","beta_trend",6083,1491,0,0.802895998592841
"1498","beta_trend",6083,1492,0,0.802674503859722
"1499","beta_trend",6083,1493,0,0.802455472034259
"1500","beta_trend",6083,1494,0,0.802238985219051
"1501","beta_trend",6083,1495,0,0.802025124268602
"1502","beta_trend",6083,1496,0,0.801813968761111
"1503","beta_trend",6083,1497,0,0.801605596970845
"1504","beta_trend",6083,1498,0,0.801400085841068
"1505","beta_trend",6083,1499,0,0.801197510957533
"1506","beta_trend",6083,1500,0,0.800997946522517
"1507","beta_trend",6083,1501,0,0.800801465329376
"1508","beta_trend",6083,1502,0,0.800608138737624
"1509","beta_trend",6083,1503,0,0.800418036648513
"1510","beta_trend",6083,1504,0,0.800231227481104
"1511","beta_trend",6083,1505,0,0.80004777814881
"1512","beta_trend",6083,1506,0,0.799867754036413
"1513","beta_trend",6083,1507,0,0.799691218977526
"1514","beta_trend",6083,1508,0,0.799518235232492
"1515","beta_trend",6083,1509,0,0.799348863466715
"1516","beta_trend",6083,1510,0,0.7991831627294
"1517","beta_trend",6083,1511,0,0.799021190432696
"1518","beta_trend",6083,1512,0,0.798863002331225
"1519","beta_trend",6083,1513,0,0.798708652501994
"1520","beta_trend",6083,1514,0,0.798558193324661
"1521","beta_trend",6083,1515,0,0.798411675462168
"1522","beta_trend",6083,1516,0,0.798269147841703
"1523","beta_trend",6083,1517,0,0.798130657636003
"1524","beta_trend",6083,1518,0,0.797996250244973
"1525","beta_trend",6083,1519,0,0.797865969277615
"1526","beta_trend",6083,1520,0,0.797739856534262
"1527","beta_trend",6083,1521,0,0.797617951989099
"1528","beta_trend",6083,1522,0,0.797500293772966
"1529","beta_trend",6083,1523,0,0.7973887425089
"1530","beta_trend",6083,1524,0,0.797279767980074
"1531","beta_trend",6083,1525,0,0.797175146600168
"1532","beta_trend",6083,1526,0,0.797074909108246
"1533","beta_trend",6083,1527,0,0.796979084323516
"1534","beta_trend",6083,1528,0,0.796887699129852
"1535","beta_trend",6083,1529,0,0.796800778460553
"1536","beta_trend",6083,1530,0,0.796718345283334
"1537","beta_trend",6083,1531,0,0.796640420585548
"1538","beta_trend",6083,1532,0,0.796567023359633
"1539","beta_trend",6083,1533,0,0.796498170588785
"1540","beta_trend",6083,1534,0,0.796433877232852
"1541","beta_trend",6083,1535,0,0.796374156214438
"1542","beta_trend",6083,1536,0,0.796319018405245
"1543","beta_trend",6083,1537,0,0.796268472612611
"1544","beta_trend",6083,1538,0,0.796222525566283
"1545","beta_trend",6083,1539,0,0.796181181905406
"1546","beta_trend",6083,1540,0,0.796144444165726
"1547","beta_trend",6083,1541,0,0.796112312767029
"1548","beta_trend",6083,1542,0,0.796084786000799
"1549","beta_trend",6083,1543,0,0.796061860018112
"1550","beta_trend",6083,1544,0,0.796043528817763
"1551","beta_trend",6083,1545,0,0.796029784234637
"1552","beta_trend",6083,1546,0,0.796020615928325
"1553","beta_trend",6083,1547,0,0.796016011371996
"1554","beta_trend",6083,1548,0,0.796015955841533
"1555","beta_trend",6083,1549,0,0.796020432404933
"1556","beta_trend",6083,1550,0,0.796029421911994
"1557","beta_trend",6083,1551,0,0.796042902984285
"1558","beta_trend",6083,1552,0,0.796060852005414
"1559","beta_trend",6083,1553,0,0.796083243111616
"1560","beta_trend",6083,1554,0,0.796110048182649
"1561","beta_trend",6083,1555,0,0.796141236833036
"1562","beta_trend",6083,1556,0,0.796176776403652
"1563","beta_trend",6083,1557,0,0.796216631953667
"1564","beta_trend",6083,1558,0,0.79626076625287
"1565","beta_trend",6083,1559,0,0.796309139774385
"1566","beta_trend",6083,1560,0,0.79636171068779
"1567","beta_trend",6083,1561,0,0.796418434852663
"1568","beta_trend",6083,1562,0,0.796479265812564
"1569","beta_trend",6083,1563,0,0.796544154789478
"1570","beta_trend",6083,1564,0,0.796613050678736
"1571","beta_trend",6083,1565,0,0.796685900044422
"1572","beta_trend",6083,1566,0,0.796762647115305
"1573","beta_trend",6083,1567,0,0.796830794441701
"1574","beta_trend",6083,1568,0,0.796915711328644
"1575","beta_trend",6083,1569,0,0.79700432140717
"1576","beta_trend",6083,1570,0,0.797096560448973
"1577","beta_trend",6083,1571,0,0.79719236184507
"1578","beta_trend",6083,1572,0,0.797291656606347
"1579","beta_trend",6083,1573,0,0.797394373364736
"1580","beta_trend",6083,1574,0,0.797500438375048
"1581","beta_trend",6083,1575,0,0.797609775517479
"1582","beta_trend",6083,1576,0,0.797722306300821
"1583","beta_trend",6083,1577,0,0.797837949866401
"1584","beta_trend",6083,1578,0,0.79795662299276
"1585","beta_trend",6083,1579,0,0.798078240101123
"1586","beta_trend",6083,1580,0,0.798202713261654
"1587","beta_trend",6083,1581,0,0.798329952200548
"1588","beta_trend",6083,1582,0,0.798459864307967
"1589","beta_trend",6083,1583,0,0.798592354646853
"1590","beta_trend",6083,1584,0,0.798727325962644
"1591","beta_trend",6083,1585,0,0.798864678693917
"1592","beta_trend",6083,1586,0,0.799004310983983
"1593","beta_trend",6083,1587,0,0.799146118693453
"1594","beta_trend",6083,1588,0,0.799289995413818
"1595","beta_trend",6083,1589,0,0.799435832482048
"1596","beta_trend",6083,1590,0,0.799583518996247
"1597","beta_trend",6083,1591,0,0.799732941832382
"1598","beta_trend",6083,1592,0,0.799883985662121
"1599","beta_trend",6083,1593,0,0.800036532971786
"1600","beta_trend",6083,1594,0,0.800190464082469
"1601","beta_trend",6083,1595,0,0.800345657171306
"1602","beta_trend",6083,1596,0,0.800501988293964
"1603","beta_trend",6083,1597,0,0.800659331408332
"1604","beta_trend",6083,1598,0,0.800817558399464
"1605","beta_trend",6083,1599,0,0.800976539105777
"1606","beta_trend",6083,1600,0,0.801136141346542
"1607","beta_trend",6083,1601,0,0.801296230950672
"1608","beta_trend",6083,1602,0,0.801456671786837
"1609","beta_trend",6083,1603,0,0.801617325794925
"1610","beta_trend",6083,1604,0,0.801778053018862
"1611","beta_trend",6083,1605,0,0.801938711640817
"1612","beta_trend",6083,1606,0,0.802099158016796
"1613","beta_trend",6083,1607,0,0.802259246713661
"1614","beta_trend",6083,1608,0,0.802418830547567
"1615","beta_trend",6083,1609,0,0.802577760623848
"1616","beta_trend",6083,1610,0,0.802735886378362
"1617","beta_trend",6083,1611,0,0.802893055620293
"1618","beta_trend",6083,1612,0,0.803049114576452
"1619","beta_trend",6083,1613,0,0.803203907937053
"1620","beta_trend",6083,1614,0,0.803357278902999
"1621","beta_trend",6083,1615,0,0.803509069234671
"1622","beta_trend",6083,1616,0,0.80365911930224
"1623","beta_trend",6083,1617,0,0.803807268137489
"1624","beta_trend",6083,1618,0,0.803953353487175
"1625","beta_trend",6083,1619,0,0.804097211867911
"1626","beta_trend",6083,1620,0,0.804232260868902
"1627","beta_trend",6083,1621,0,0.804370874749036
"1628","beta_trend",6083,1622,0,0.804506751574767
"1629","beta_trend",6083,1623,0,0.80463972300242
"1630","beta_trend",6083,1624,0,0.804769619736294
"1631","beta_trend",6083,1625,0,0.804896271592081
"1632","beta_trend",6083,1626,0,0.805019507561785
"1633","beta_trend",6083,1627,0,0.805139155880127
"1634","beta_trend",6083,1628,0,0.805255044092436
"1635","beta_trend",6083,1629,0,0.805366999123999
"1636","beta_trend",6083,1630,0,0.805474847350879
"1637","beta_trend",6083,1631,0,0.805578414672162
"1638","beta_trend",6083,1632,0,0.80567752658364
"1639","beta_trend",6083,1633,0,0.805772008252895
"1640","beta_trend",6083,1634,0,0.805861684595776
"1641","beta_trend",6083,1635,0,0.80594638035424
"1642","beta_trend",6083,1636,0,0.806025920175543
"1643","beta_trend",6083,1637,0,0.806100128692751
"1644","beta_trend",6083,1638,0,0.806168830606543
"1645","beta_trend",6083,1639,0,0.806231850768289
"1646","beta_trend",6083,1640,0,0.806289014264358
"1647","beta_trend",6083,1641,0,0.806340146501646
"1648","beta_trend",6083,1642,0,0.806385073294264
"1649","beta_trend",6083,1643,0,0.806423620951385
"1650","beta_trend",6083,1644,0,0.80645561636618
"1651","beta_trend",6083,1645,0,0.806480887105833
"1652","beta_trend",6083,1646,0,0.806499261502575
"1653","beta_trend",6083,1647,0,0.806510568745719
"1654","beta_trend",6083,1648,0,0.806514638974621
"1655","beta_trend",6083,1649,0,0.806511303372559
"1656","beta_trend",6083,1650,0,0.806500394261453
"1657","beta_trend",6083,1651,0,0.806481745197402
"1658","beta_trend",6083,1652,0,0.806455191066968
"1659","beta_trend",6083,1653,0,0.806420568184178
"1660","beta_trend",6083,1654,0,0.80637771438817
"1661","beta_trend",6083,1655,0,0.806326469141445
"1662","beta_trend",6083,1656,0,0.806266673628664
"1663","beta_trend",6083,1657,0,0.806198170855928
"1664","beta_trend",6083,1658,0,0.806120805750494
"1665","beta_trend",6083,1659,0,0.806034425260853
"1666","beta_trend",6083,1660,0,0.805938878457125
"1667","beta_trend",6083,1661,0,0.80583401663169
"1668","beta_trend",6083,1662,0,0.805719693400008
"1669","beta_trend",6083,1663,0,0.80560502802381
"1670","beta_trend",6083,1664,0,0.805470942764598
"1671","beta_trend",6083,1665,0,0.805326989091099
"1672","beta_trend",6083,1666,0,0.805173030242864
"1673","beta_trend",6083,1667,0,0.805008932311728
"1674","beta_trend",6083,1668,0,0.804834564341488
"1675","beta_trend",6083,1669,0,0.804649798427302
"1676","beta_trend",6083,1670,0,0.804454509814737
"1677","beta_trend",6083,1671,0,0.804248576998388
"1678","beta_trend",6083,1672,0,0.804031881820007
"1679","beta_trend",6083,1673,0,0.80380430956604
"1680","beta_trend",6083,1674,0,0.803565749064525
"1681","beta_trend",6083,1675,0,0.803316092781251
"1682","beta_trend",6083,1676,0,0.803055236915105
"1683","beta_trend",6083,1677,0,0.802783081492538
"1684","beta_trend",6083,1678,0,0.802499530461056
"1685","beta_trend",6083,1679,0,0.802204491781673
"1686","beta_trend",6083,1680,0,0.801897877520223
"1687","beta_trend",6083,1681,0,0.801579603937479
"1688","beta_trend",6083,1682,0,0.801249591577976
"1689","beta_trend",6083,1683,0,0.800907765357463
"1690","beta_trend",6083,1684,0,0.800554054648915
"1691","beta_trend",6083,1685,0,0.800188393367006
"1692","beta_trend",6083,1686,0,0.799810720050977
"1693","beta_trend",6083,1687,0,0.799420977945808
"1694","beta_trend",6083,1688,0,0.799019115081626
"1695","beta_trend",6083,1689,0,0.798605084351258
"1696","beta_trend",6083,1690,0,0.79817884358585
"1697","beta_trend",6083,1691,0,0.797740355628487
"1698","beta_trend",6083,1692,0,0.797289588405715
"1699","beta_trend",6083,1693,0,0.796826514996903
"1700","beta_trend",6083,1694,0,0.796351113701366
"1701","beta_trend",6083,1695,0,0.795863368103161
"1702","beta_trend",6083,1696,0,0.795363267133498
"1703","beta_trend",6083,1697,0,0.794850805130678
"1704","beta_trend",6083,1698,0,0.79432598189749
"1705","beta_trend",6083,1699,0,0.793788802756002
"1706","beta_trend",6083,1700,0,0.793239278599656
"1707","beta_trend",6083,1701,0,0.792677425942618
"1708","beta_trend",6083,1702,0,0.792103266966305
"1709","beta_trend",6083,1703,0,0.791516829563021
"1710","beta_trend",6083,1704,0,0.790918147376639
"1711","beta_trend",6083,1705,0,0.790307259840272
"1712","beta_trend",6083,1706,0,0.789684212210853
"1713","beta_trend",6083,1707,0,0.78904905560059
"1714","beta_trend",6083,1708,0,0.788401847005211
"1715","beta_trend",6083,1709,0,0.787742649328961
"1716","beta_trend",6083,1710,0,0.787071531406295
"1717","beta_trend",6083,1711,0,0.786388568020198
"1718","beta_trend",6083,1712,0,0.78569383991711
"1719","beta_trend",6083,1713,0,0.784987433818383
"1720","beta_trend",6083,1714,0,0.784269442428234
"1721","beta_trend",6083,1715,0,0.783539964438159
"1722","beta_trend",6083,1716,0,0.782785283210215
"1723","beta_trend",6083,1717,0,0.782032514867575
"1724","beta_trend",6083,1718,0,0.781268564213415
"1725","beta_trend",6083,1719,0,0.780493552736959
"1726","beta_trend",6083,1720,0,0.779707607840421
"1727","beta_trend",6083,1721,0,0.778910862819982
"1728","beta_trend",6083,1722,0,0.778103456842942
"1729","beta_trend",6083,1723,0,0.77728553492104
"1730","beta_trend",6083,1724,0,0.77645724787991
"1731","beta_trend",6083,1725,0,0.775618752324665
"1732","beta_trend",6083,1726,0,0.774770210601581
"1733","beta_trend",6083,1727,0,0.773911790755894
"1734","beta_trend",6083,1728,0,0.773043666485675
"1735","beta_trend",6083,1729,0,0.772166017091797
"1736","beta_trend",6083,1730,0,0.771279027423984
"1737","beta_trend",6083,1731,0,0.770382887822948
"1738","beta_trend",6083,1732,0,0.76947779405861
"1739","beta_trend",6083,1733,0,0.768563947264431
"1740","beta_trend",6083,1734,0,0.767641553867839
"1741","beta_trend",6083,1735,0,0.766710825516785
"1742","beta_trend",6083,1736,0,0.765771979002445
"1743","beta_trend",6083,1737,0,0.764825236178078
"1744","beta_trend",6083,1738,0,0.763870823874071
"1745","beta_trend",6083,1739,0,0.762908973809204
"1746","beta_trend",6083,1740,0,0.761939922498152
"1747","beta_trend",6083,1741,0,0.760963911155275
"1748","beta_trend",6083,1742,0,0.759981185594715
"1749","beta_trend",6083,1743,0,0.758991996126865
"1750","beta_trend",6083,1744,0,0.757996597451225
"1751","beta_trend",6083,1745,0,0.756995248545715
"1752","beta_trend",6083,1746,0,0.755988212552494
"1753","beta_trend",6083,1747,0,0.754975756660321
"1754","beta_trend",6083,1748,0,0.753958151983537
"1755","beta_trend",6083,1749,0,0.752935673437717
"1756","beta_trend",6083,1750,0,0.751908599612058
"1757","beta_trend",6083,1751,0,0.750877212638567
"1758","beta_trend",6083,1752,0,0.749841798058124
"1759","beta_trend",6083,1753,0,0.748802644683493
"1760","beta_trend",6083,1754,0,0.747760044459351
"1761","beta_trend",6083,1755,0,0.746714292319416
"1762","beta_trend",6083,1756,0,0.745665686040765
"1763","beta_trend",6083,1757,0,0.744614526095411
"1764","beta_trend",6083,1758,0,0.743561115499239
"1765","beta_trend",6083,1759,0,0.74250575965839
"1766","beta_trend",6083,1760,0,0.741444895860753
"1767","beta_trend",6083,1761,0,0.740386745968999
"1768","beta_trend",6083,1762,0,0.739327572617177
"1769","beta_trend",6083,1763,0,0.738267689472726
"1770","beta_trend",6083,1764,0,0.737207411779887
"1771","beta_trend",6083,1765,0,0.736147056193139
"1772","beta_trend",6083,1766,0,0.735086940608784
"1773","beta_trend",6083,1767,0,0.734027383994777
"1774","beta_trend",6083,1768,0,0.732968706218921
"1775","beta_trend",6083,1769,0,0.731911227875537
"1776","beta_trend",6083,1770,0,0.730855270110728
"1777","beta_trend",6083,1771,0,0.729801154446351
"1778","beta_trend",6083,1772,0,0.728749202602827
"1779","beta_trend",6083,1773,0,0.72769973632089
"1780","beta_trend",6083,1774,0,0.726653077182429
"1781","beta_trend",6083,1775,0,0.725609546430507
"1782","beta_trend",6083,1776,0,0.724569464788727
"1783","beta_trend",6083,1777,0,0.72353315228003
"1784","beta_trend",6083,1778,0,0.722500928045086
"1785","beta_trend",6083,1779,0,0.721473110160389
"1786","beta_trend",6083,1780,0,0.720450015456185
"1787","beta_trend",6083,1781,0,0.719431959334378
"1788","beta_trend",6083,1782,0,0.718419255586526
"1789","beta_trend",6083,1783,0,0.717412216212077
"1790","beta_trend",6083,1784,0,0.716411151236963
"1791","beta_trend",6083,1785,0,0.715416368532693
"1792","beta_trend",6083,1786,0,0.714428173636072
"1793","beta_trend",6083,1787,0,0.713446869569686
"1794","beta_trend",6083,1788,0,0.712472756663276
"1795","beta_trend",6083,1789,0,0.711506132376145
"1796","beta_trend",6083,1790,0,0.710547291120714
"1797","beta_trend",6083,1791,0,0.709596524087383
"1798","beta_trend",6083,1792,0,0.7086541190708
"1799","beta_trend",6083,1793,0,0.707720360297689
"1800","beta_trend",6083,1794,0,0.706795528256366
"1801","beta_trend",6083,1795,0,0.705879899528057
"1802","beta_trend",6083,1796,0,0.70497374662016
"1803","beta_trend",6083,1797,0,0.704077337801574
"1804","beta_trend",6083,1798,0,0.703190936940221
"1805","beta_trend",6083,1799,0,0.702314803342883
"1806","beta_trend",6083,1800,0,0.701449191597478
"1807","beta_trend",6083,1801,0,0.700594351417898
"1808","beta_trend",6083,1802,0,0.699750527491527
"1809","beta_trend",6083,1803,0,0.698917959329557
"1810","beta_trend",6083,1804,0,0.698096881120218
"1811","beta_trend",6083,1805,0,0.697287521585038
"1812","beta_trend",6083,1806,0,0.696490103838233
"1813","beta_trend",6083,1807,0,0.695704845249364
"1814","beta_trend",6083,1808,0,0.694931957309329
"1815","beta_trend",6083,1809,0,0.694171645499835
"1816","beta_trend",6083,1810,0,0.693424109166419
"1817","beta_trend",6083,1811,0,0.692689541395138
"1818","beta_trend",6083,1812,0,0.691968128893022
"1819","beta_trend",6083,1813,0,0.691256980830307
"1820","beta_trend",6083,1814,0,0.690562271488168
"1821","beta_trend",6083,1815,0,0.689881231985716
"1822","beta_trend",6083,1816,0,0.689214022148213
"1823","beta_trend",6083,1817,0,0.688560794874487
"1824","beta_trend",6083,1818,0,0.687921696041497
"1825","beta_trend",6083,1819,0,0.687296864413252
"1826","beta_trend",6083,1820,0,0.686686431554141
"1827","beta_trend",6083,1821,0,0.686090521746751
"1828","beta_trend",6083,1822,0,0.685509251914241
"1829","beta_trend",6083,1823,0,0.684942731547315
"1830","beta_trend",6083,1824,0,0.684391062635882
"1831","beta_trend",6083,1825,0,0.683854339605421
"1832","beta_trend",6083,1826,0,0.683332649258139
"1833","beta_trend",6083,1827,0,0.682826070718935
"1834","beta_trend",6083,1828,0,0.682334675386234
"1835","beta_trend",6083,1829,0,0.681858526887727
"1836","beta_trend",6083,1830,0,0.681397681041041
"1837","beta_trend",6083,1831,0,0.680952185819383
"1838","beta_trend",6083,1832,0,0.680522081322178
"1839","beta_trend",6083,1833,0,0.680107399750732
"1840","beta_trend",6083,1834,0,0.679708165388921
"1841","beta_trend",6083,1835,0,0.679324394588952
"1842","beta_trend",6083,1836,0,0.678956095762169
"1843","beta_trend",6083,1837,0,0.678603269374953
"1844","beta_trend",6083,1838,0,0.678265907949678
"1845","beta_trend",6083,1839,0,0.677943996070758
"1846","beta_trend",6083,1840,0,0.677637510395752
"1847","beta_trend",6083,1841,0,0.677346419671544
"1848","beta_trend",6083,1842,0,0.677070684755558
"1849","beta_trend",6083,1843,0,0.676810258642015
"1850","beta_trend",6083,1844,0,0.676565086493198
"1851","beta_trend",6083,1845,0,0.676335105675704
"1852","beta_trend",6083,1846,0,0.676120245801657
"1853","beta_trend",6083,1847,0,0.675920428774845
"1854","beta_trend",6083,1848,0,0.675735568841746
"1855","beta_trend",6083,1849,0,0.675565572647406
"1856","beta_trend",6083,1850,0,0.675410339296126
"1857","beta_trend",6083,1851,0,0.675269760416901
"1858","beta_trend",6083,1852,0,0.675143720233573
"1859","beta_trend",6083,1853,0,0.675032095639634
"1860","beta_trend",6083,1854,0,0.674934756277627
"1861","beta_trend",6083,1855,0,0.674851564623075
"1862","beta_trend",6083,1856,0,0.674783685753805
"1863","beta_trend",6083,1857,0,0.674728290777816
"1864","beta_trend",6083,1858,0,0.67468659127057
"1865","beta_trend",6083,1859,0,0.674658421871373
"1866","beta_trend",6083,1860,0,0.674643610541271
"1867","beta_trend",6083,1861,0,0.674641978672584
"1868","beta_trend",6083,1862,0,0.67465334120245
"1869","beta_trend",6083,1863,0,0.674677506730301
"1870","beta_trend",6083,1864,0,0.674714277639167
"1871","beta_trend",6083,1865,0,0.674763450220728
"1872","beta_trend",6083,1866,0,0.674824814804011
"1873","beta_trend",6083,1867,0,0.674898155887639
"1874","beta_trend",6083,1868,0,0.674983252275532
"1875","beta_trend",6083,1869,0,0.675079877215943
"1876","beta_trend",6083,1870,0,0.675187798543753
"1877","beta_trend",6083,1871,0,0.675306778825892
"1878","beta_trend",6083,1872,0,0.675436575509782
"1879","beta_trend",6083,1873,0,0.675576941074706
"1880","beta_trend",6083,1874,0,0.675727623185971
"1881","beta_trend",6083,1875,0,0.675888364851763
"1882","beta_trend",6083,1876,0,0.676058904582571
"1883","beta_trend",6083,1877,0,0.676238976553067
"1884","beta_trend",6083,1878,0,0.676428310766319
"1885","beta_trend",6083,1879,0,0.676626633220222
"1886","beta_trend",6083,1880,0,0.676833666076018
"1887","beta_trend",6083,1881,0,0.677049127828791
"1888","beta_trend",6083,1882,0,0.677272733479802
"1889","beta_trend",6083,1883,0,0.677504194710556
"1890","beta_trend",6083,1884,0,0.677743220058456
"1891","beta_trend",6083,1885,0,0.677989515093938
"1892","beta_trend",6083,1886,0,0.678242782598945
"1893","beta_trend",6083,1887,0,0.678502722746622
"1894","beta_trend",6083,1888,0,0.678769033282102
"1895","beta_trend",6083,1889,0,0.67904140970426
"1896","beta_trend",6083,1890,0,0.679319545448298
"1897","beta_trend",6083,1891,0,0.679603132069045
"1898","beta_trend",6083,1892,0,0.67989185942484
"1899","beta_trend",6083,1893,0,0.68018541586187
"1900","beta_trend",6083,1894,0,0.680483488398838
"1901","beta_trend",6083,1895,0,0.680785762911837
"1902","beta_trend",6083,1896,0,0.681091924319304
"1903","beta_trend",6083,1897,0,0.681401656766921
"1904","beta_trend",6083,1898,0,0.68171464381236
"1905","beta_trend",6083,1899,0,0.68203056860972
"1906","beta_trend",6083,1900,0,0.682349114093561
"1907","beta_trend",6083,1901,0,0.682669963162401
"1908","beta_trend",6083,1902,0,0.682992798861552
"1909","beta_trend",6083,1903,0,0.683317304565187
"1910","beta_trend",6083,1904,0,0.683643164157521
"1911","beta_trend",6083,1905,0,0.683970062212974
"1912","beta_trend",6083,1906,0,0.684297684175228
"1913","beta_trend",6083,1907,0,0.684625716535034
"1914","beta_trend",6083,1908,0,0.684953847006698
"1915","beta_trend",6083,1909,0,0.685251814333824
"1916","beta_trend",6083,1910,0,0.685577829032177
"1917","beta_trend",6083,1911,0,0.685902954029109
"1918","beta_trend",6083,1912,0,0.686226881232361
"1919","beta_trend",6083,1913,0,0.68654930454108
"1920","beta_trend",6083,1914,0,0.686869920008987
"1921","beta_trend",6083,1915,0,0.687188426005411
"1922","beta_trend",6083,1916,0,0.687504523374068
"1923","beta_trend",6083,1917,0,0.687817915589499
"1924","beta_trend",6083,1918,0,0.688128308911079
"1925","beta_trend",6083,1919,0,0.688435412534502
"1926","beta_trend",6083,1920,0,0.68873893874066
"1927","beta_trend",6083,1921,0,0.689038603041827
"1928","beta_trend",6083,1922,0,0.68933412432507
"1929","beta_trend",6083,1923,0,0.689625224992807
"1930","beta_trend",6083,1924,0,0.689911631100432
"1931","beta_trend",6083,1925,0,0.690193072490943
"1932","beta_trend",6083,1926,0,0.690469282926486
"1933","beta_trend",6083,1927,0,0.690740000216765
"1934","beta_trend",6083,1928,0,0.691004966344238
"1935","beta_trend",6083,1929,0,0.691263927586039
"1936","beta_trend",6083,1930,0,0.69151663463258
"1937","beta_trend",6083,1931,0,0.691762842702749
"1938","beta_trend",6083,1932,0,0.692002311655679
"1939","beta_trend",6083,1933,0,0.692234806099013
"1940","beta_trend",6083,1934,0,0.692460095493633
"1941","beta_trend",6083,1935,0,0.692677954254795
"1942","beta_trend",6083,1936,0,0.692888161849637
"1943","beta_trend",6083,1937,0,0.693090502891015
"1944","beta_trend",6083,1938,0,0.693284767227629
"1945","beta_trend",6083,1939,0,0.693470750030408
"1946","beta_trend",6083,1940,0,0.693648251875123
"1947","beta_trend",6083,1941,0,0.693817078821195
"1948","beta_trend",6083,1942,0,0.693977042486679
"1949","beta_trend",6083,1943,0,0.694127960119394
"1950","beta_trend",6083,1944,0,0.694269654664188
"1951","beta_trend",6083,1945,0,0.694401954826311
"1952","beta_trend",6083,1946,0,0.694524695130889
"1953","beta_trend",6083,1947,0,0.694637715978486
"1954","beta_trend",6083,1948,0,0.694740863696743
"1955","beta_trend",6083,1949,0,0.69483399058809
"1956","beta_trend",6083,1950,0,0.694916954973527
"1957","beta_trend",6083,1951,0,0.69498962123247
"1958","beta_trend",6083,1952,0,0.695051859838678
"1959","beta_trend",6083,1953,0,0.695106023641407
"1960","beta_trend",6083,1954,0,0.695146933220938
"1961","beta_trend",6083,1955,0,0.69517706804262
"1962","beta_trend",6083,1956,0,0.695196323056571
"1963","beta_trend",6083,1957,0,0.69520459943478
"1964","beta_trend",6083,1958,0,0.695201804583416
"1965","beta_trend",6083,1959,0,0.695187852151286
"1966","beta_trend",6083,1960,0,0.695162662034478
"1967","beta_trend",6083,1961,0,0.695126160377214
"1968","beta_trend",6083,1962,0,0.695078279568923
"1969","beta_trend",6083,1963,0,0.695018958237582
"1970","beta_trend",6083,1964,0,0.694948141239341
"1971","beta_trend",6083,1965,0,0.694865779644472
"1972","beta_trend",6083,1966,0,0.694771830719668
"1973","beta_trend",6083,1967,0,0.694666257906736
"1974","beta_trend",6083,1968,0,0.694549030797722
"1975","beta_trend",6083,1969,0,0.694420125106498
"1976","beta_trend",6083,1970,0,0.694279522636864
"1977","beta_trend",6083,1971,0,0.694127211247205
"1978","beta_trend",6083,1972,0,0.693963184811743
"1979","beta_trend",6083,1973,0,0.693787443178436
"1980","beta_trend",6083,1974,0,0.693599992123573
"1981","beta_trend",6083,1975,0,0.693400843303111
"1982","beta_trend",6083,1976,0,0.693190014200807
"1983","beta_trend",6083,1977,0,0.692967528073198
"1984","beta_trend",6083,1978,0,0.692733413891484
"1985","beta_trend",6083,1979,0,0.692487706280369
"1986","beta_trend",6083,1980,0,0.692230445453912
"1987","beta_trend",6083,1981,0,0.691961677148455
"1988","beta_trend",6083,1982,0,0.691681452552678
"1989","beta_trend",6083,1983,0,0.691389828234849
"1990","beta_trend",6083,1984,0,0.691086866067324
"1991","beta_trend",6083,1985,0,0.69077263314836
"1992","beta_trend",6083,1986,0,0.690447201721311
"1993","beta_trend",6083,1987,0,0.69011064909126
"1994","beta_trend",6083,1988,0,0.689763057539159
"1995","beta_trend",6083,1989,0,0.689404514233548
"1996","beta_trend",6083,1990,0,0.689035111139901
"1997","beta_trend",6083,1991,0,0.688654944927687
"1998","beta_trend",6083,1992,0,0.688264116875203
"1999","beta_trend",6083,1993,0,0.687862732772245
"2000","beta_trend",6083,1994,0,0.687450902820699
"2001","beta_trend",6083,1995,0,0.687028741533099
"2002","beta_trend",6083,1996,0,0.686596367629249
"2003","beta_trend",6083,1997,0,0.686153903930962
"2004","beta_trend",6083,1998,0,0.685701477254982
"2005","beta_trend",6083,1999,0,0.685239218304185
"2006","beta_trend",6083,2000,0,0.684767261557099
"2007","beta_trend",6083,2001,0,0.684285745155843
"2008","beta_trend",6083,2002,0,0.683794810792534
"2009","beta_trend",6083,2003,0,0.683294603594252
"2010","beta_trend",6083,2004,0,0.682785272006621
"2011","beta_trend",6083,2005,0,0.682266967676097
"2012","beta_trend",6083,2006,0,0.681744262181882
"2013","beta_trend",6083,2007,0,0.681208682914373
"2014","beta_trend",6083,2008,0,0.680664612684866
"2015","beta_trend",6083,2009,0,0.680112215099996
"2016","beta_trend",6083,2010,0,0.679551656374888
"2017","beta_trend",6083,2011,0,0.678983105209577
"2018","beta_trend",6083,2012,0,0.678406732664647
"2019","beta_trend",6083,2013,0,0.677822712036157
"2020","beta_trend",6083,2014,0,0.677231218729931
"2021","beta_trend",6083,2015,0,0.676632430135284
"2022","beta_trend",6083,2016,0,0.676026525498254
"2023","beta_trend",6083,2017,0,0.675413685794412
"2024","beta_trend",6083,2018,0,0.674794093601327
"2025","beta_trend",6083,2019,0,0.674167932970752
"2026","beta_trend",6083,2020,0,0.673535389300607
"2027","beta_trend",6083,2021,0,0.672896649206827
"2028","beta_trend",6083,2022,0,0.672251900395146
"2029","beta_trend",6083,2023,0,0.671601331532893
"2030","beta_trend",6083,2024,0,0.670945132120859
"2031","beta_trend",6083,2025,0,0.670283492365324
"2032","beta_trend",6083,2026,0,0.669616603050291
"2033","beta_trend",6083,2027,0,0.668944655410014
"2034","beta_trend",6083,2028,0,0.66826784100188
"2035","beta_trend",6083,2029,0,0.667586351579716
"2036","beta_trend",6083,2030,0,0.666900378967595
"2037","beta_trend",6083,2031,0,0.666210114934193
"2038","beta_trend",6083,2032,0,0.665515751067785
"2039","beta_trend",6083,2033,0,0.664817478651927
"2040","beta_trend",6083,2034,0,0.664115488541911
"2041","beta_trend",6083,2035,0,0.663409971042036
"2042","beta_trend",6083,2036,0,0.662701115783785
"2043","beta_trend",6083,2037,0,0.661989111604947
"2044","beta_trend",6083,2038,0,0.661274146429776
"2045","beta_trend",6083,2039,0,0.660556407150229
"2046","beta_trend",6083,2040,0,0.659836079508353
"2047","beta_trend",6083,2041,0,0.659113347979898
"2048","beta_trend",6083,2042,0,0.65838839565919
"2049","beta_trend",6083,2043,0,0.657661404145356
"2050","beta_trend",6083,2044,0,0.656932553429941
"2051","beta_trend",6083,2045,0,0.656202021785988
"2052","beta_trend",6083,2046,0,0.655469985658639
"2053","beta_trend",6083,2047,0,0.654736619557315
"2054","beta_trend",6083,2048,0,0.654002095949535
"2055","beta_trend",6083,2049,0,0.653268308039868
"2056","beta_trend",6083,2050,0,0.652531901920533
"2057","beta_trend",6083,2051,0,0.651794845606979
"2058","beta_trend",6083,2052,0,0.651057302246185
"2059","beta_trend",6083,2053,0,0.65031943244353
"2060","beta_trend",6083,2054,0,0.649581394167498
"2061","beta_trend",6083,2055,0,0.648843342656427
"2062","beta_trend",6083,2056,0,0.64810543032734
"2063","beta_trend",6083,2057,0,0.647367806686926
"2064","beta_trend",6083,2058,0,0.646630618244716
"2065","beta_trend",6083,2059,0,0.645894008428507
"2066","beta_trend",6083,2060,0,0.645158117502079
"2067","beta_trend",6083,2061,0,0.644423082485264
"2068","beta_trend",6083,2062,0,0.643689037076412
"2069","beta_trend",6083,2063,0,0.642956111577291
"2070","beta_trend",6083,2064,0,0.642224432820491
"2071","beta_trend",6083,2065,0,0.64149412409935
"2072","beta_trend",6083,2066,0,0.640765305100476
"2073","beta_trend",6083,2067,0,0.640038091838877
"2074","beta_trend",6083,2068,0,0.639312596595778
"2075","beta_trend",6083,2069,0,0.638588927859137
"2076","beta_trend",6083,2070,0,0.637867190266913
"2077","beta_trend",6083,2071,0,0.637147484553131
"2078","beta_trend",6083,2072,0,0.636429907496772
"2079","beta_trend",6083,2073,0,0.635714551873537
"2080","beta_trend",6083,2074,0,0.635001506410511
"2081","beta_trend",6083,2075,0,0.634290855743767
"2082","beta_trend",6083,2076,0,0.633582680378951
"2083","beta_trend",6083,2077,0,0.632877056654868
"2084","beta_trend",6083,2078,0,0.63217405671011
"2085","beta_trend",6083,2079,0,0.631473748452752
"2086","beta_trend",6083,2080,0,0.630776195533152
"2087","beta_trend",6083,2081,0,0.630081457319871
"2088","beta_trend",6083,2082,0,0.629389588878752
"2089","beta_trend",6083,2083,0,0.62870064095517
"2090","beta_trend",6083,2084,0,0.628014659959493
"2091","beta_trend",6083,2085,0,0.627331687955759
"2092","beta_trend",6083,2086,0,0.626651762653596
"2093","beta_trend",6083,2087,0,0.625974917403414
"2094","beta_trend",6083,2088,0,0.625301181194866
"2095","beta_trend",6083,2089,0,0.624630578658611
"2096","beta_trend",6083,2090,0,0.623963130071388
"2097","beta_trend",6083,2091,0,0.623298851364406
"2098","beta_trend",6083,2092,0,0.622637754135072
"2099","beta_trend",6083,2093,0,0.621979845662062
"2100","beta_trend",6083,2094,0,0.62132512892373
"2101","beta_trend",6083,2095,0,0.620673602619885
"2102","beta_trend",6083,2096,0,0.620025261196914
"2103","beta_trend",6083,2097,0,0.61938009487627
"2104","beta_trend",6083,2098,0,0.618738089686312
"2105","beta_trend",6083,2099,0,0.618099227497507
"2106","beta_trend",6083,2100,0,0.617463486060979
"2107","beta_trend",6083,2101,0,0.616830839050403
"2108","beta_trend",6083,2102,0,0.616161171284484
"2109","beta_trend",6083,2103,0,0.615532769673229
"2110","beta_trend",6083,2104,0,0.614907279137098
"2111","beta_trend",6083,2105,0,0.614284654265411
"2112","beta_trend",6083,2106,0,0.613664845707966
"2113","beta_trend",6083,2107,0,0.613047800232709
"2114","beta_trend",6083,2108,0,0.612433460786536
"2115","beta_trend",6083,2109,0,0.611821766559193
"2116","beta_trend",6083,2110,0,0.611212653050244
"2117","beta_trend",6083,2111,0,0.610606052139092
"2118","beta_trend",6083,2112,0,0.610001892157991
"2119","beta_trend",6083,2113,0,0.60940009796805
"2120","beta_trend",6083,2114,0,0.608800591038158
"2121","beta_trend",6083,2115,0,0.608203289526812
"2122","beta_trend",6083,2116,0,0.607608108366799
"2123","beta_trend",6083,2117,0,0.607014959352684
"2124","beta_trend",6083,2118,0,0.606423751231061
"2125","beta_trend",6083,2119,0,0.605834389793517
"2126","beta_trend",6083,2120,0,0.60524677797226
"2127","beta_trend",6083,2121,0,0.604660815938346
"2128","beta_trend",6083,2122,0,0.604076401202464
"2129","beta_trend",6083,2123,0,0.603493428718212
"2130","beta_trend",6083,2124,0,0.602911790987796
"2131","beta_trend",6083,2125,0,0.602331378170104
"2132","beta_trend",6083,2126,0,0.601752078191078
"2133","beta_trend",6083,2127,0,0.601173776856318
"2134","beta_trend",6083,2128,0,0.600596357965844
"2135","beta_trend",6083,2129,0,0.600019703430959
"2136","beta_trend",6083,2130,0,0.59944369339311
"2137","beta_trend",6083,2131,0,0.598868206344701
"2138","beta_trend",6083,2132,0,0.598293119251749
"2139","beta_trend",6083,2133,0,0.597718307678326
"2140","beta_trend",6083,2134,0,0.597143645912688
"2141","beta_trend",6083,2135,0,0.596569007095006
"2142","beta_trend",6083,2136,0,0.595994263346616
"2143","beta_trend",6083,2137,0,0.595419285900699
"2144","beta_trend",6083,2138,0,0.594843945234291
"2145","beta_trend",6083,2139,0,0.594268111201529
"2146","beta_trend",6083,2140,0,0.593691653168053
"2147","beta_trend",6083,2141,0,0.593114440146436
"2148","beta_trend",6083,2142,0,0.592536340932578
"2149","beta_trend",6083,2143,0,0.591957224242928
"2150","beta_trend",6083,2144,0,0.591376958852457
"2151","beta_trend",6083,2145,0,0.590795413733261
"2152","beta_trend",6083,2146,0,0.590207114552374
"2153","beta_trend",6083,2147,0,0.589622855025593
"2154","beta_trend",6083,2148,0,0.589036915322624
"2155","beta_trend",6083,2149,0,0.588449166991216
"2156","beta_trend",6083,2150,0,0.587859482460682
"2157","beta_trend",6083,2151,0,0.587267735182505
"2158","beta_trend",6083,2152,0,0.586673799770786
"2159","beta_trend",6083,2153,0,0.586077552142415
"2160","beta_trend",6083,2154,0,0.58547886965687
"2161","beta_trend",6083,2155,0,0.584877631255504
"2162","beta_trend",6083,2156,0,0.584273717600211
"2163","beta_trend",6083,2157,0,0.583667011211356
"2164","beta_trend",6083,2158,0,0.583057396604841
"2165","beta_trend",6083,2159,0,0.5824447604282
"2166","beta_trend",6083,2160,0,0.581828991595581
"2167","beta_trend",6083,2161,0,0.581209981421522
"2168","beta_trend",6083,2162,0,0.580587623753376
"2169","beta_trend",6083,2163,0,0.579961815102276
"2170","beta_trend",6083,2164,0,0.57933245477252
"2171","beta_trend",6083,2165,0,0.578699444989248
"2172","beta_trend",6083,2166,0,0.578062691024292
"2173","beta_trend",6083,2167,0,0.577422101320089
"2174","beta_trend",6083,2168,0,0.576777587611517
"2175","beta_trend",6083,2169,0,0.576129065045556
"2176","beta_trend",6083,2170,0,0.575476452298636
"2177","beta_trend",6083,2171,0,0.574819671691571
"2178","beta_trend",6083,2172,0,0.574158649301949
"2179","beta_trend",6083,2173,0,0.573493315073865
"2180","beta_trend",6083,2174,0,0.572823602924891
"2181","beta_trend",6083,2175,0,0.572149450850148
"2182","beta_trend",6083,2176,0,0.571470801023397
"2183","beta_trend",6083,2177,0,0.570787599895009
"2184","beta_trend",6083,2178,0,0.570099798286725
"2185","beta_trend",6083,2179,0,0.569407351483086
"2186","beta_trend",6083,2180,0,0.568710219319433
"2187","beta_trend",6083,2181,0,0.568008366266374
"2188","beta_trend",6083,2182,0,0.567301761510611
"2189","beta_trend",6083,2183,0,0.566590379032033
"2190","beta_trend",6083,2184,0,0.565874197676969
"2191","beta_trend",6083,2185,0,0.565153201227519
"2192","beta_trend",6083,2186,0,0.564427378466857
"2193","beta_trend",6083,2187,0,0.563696723240428
"2194","beta_trend",6083,2188,0,0.56296123451294
"2195","beta_trend",6083,2189,0,0.562220916421079
"2196","beta_trend",6083,2190,0,0.561475778321856
"2197","beta_trend",6083,2191,0,0.560725834836515
"2198","beta_trend",6083,2192,0,0.559971105889923
"2199","beta_trend",6083,2193,0,0.559211616745367
"2200","beta_trend",6083,2194,0,0.558447398034706
"2201","beta_trend",6083,2195,0,0.55767848578379
"2202","beta_trend",6083,2196,0,0.556904921433101
"2203","beta_trend",6083,2197,0,0.55612675185356
"2204","beta_trend",6083,2198,0,0.555344029357433
"2205","beta_trend",6083,2199,0,0.554558814273877
"2206","beta_trend",6083,2200,0,0.553767256903742
"2207","beta_trend",6083,2201,0,0.552971340241895
"2208","beta_trend",6083,2202,0,0.552171138537798
"2209","beta_trend",6083,2203,0,0.551366731467853
"2210","beta_trend",6083,2204,0,0.550558204116268
"2211","beta_trend",6083,2205,0,0.549745646950763
"2212","beta_trend",6083,2206,0,0.548929155793121
"2213","beta_trend",6083,2207,0,0.54810883178455
"2214","beta_trend",6083,2208,0,0.547284781345857
"2215","beta_trend",6083,2209,0,0.546457116132429
"2216","beta_trend",6083,2210,0,0.545625952984004
"2217","beta_trend",6083,2211,0,0.544791413869261
"2218","beta_trend",6083,2212,0,0.543953625825215
"2219","beta_trend",6083,2213,0,0.543112720891443
"2220","beta_trend",6083,2214,0,0.542268836039153
"2221","beta_trend",6083,2215,0,0.541422113095128
"2222","beta_trend",6083,2216,0,0.540572698660559
"2223","beta_trend",6083,2217,0,0.539720744024812
"2224","beta_trend",6083,2218,0,0.538866405074168
"2225","beta_trend",6083,2219,0,0.538009842195566
"2226","beta_trend",6083,2220,0,0.537151220175413
"2227","beta_trend",6083,2221,0,0.536290708093503
"2228","beta_trend",6083,2222,0,0.53542847921211
"2229","beta_trend",6083,2223,0,0.534564710860316
"2230","beta_trend",6083,2224,0,0.53369958431364
"2231","beta_trend",6083,2225,0,0.532833284669045
"2232","beta_trend",6083,2226,0,0.531966000715402
"2233","beta_trend",6083,2227,0,0.531097924799487
"2234","beta_trend",6083,2228,0,0.530229252687608
"2235","beta_trend",6083,2229,0,0.529360183422956
"2236","beta_trend",6083,2230,0,0.528490919178759
"2237","beta_trend",6083,2231,0,0.527621665107376
"2238","beta_trend",6083,2232,0,0.5267526291854
"2239","beta_trend",6083,2233,0,0.525884022054913
"2240","beta_trend",6083,2234,0,0.525016056860992
"2241","beta_trend",6083,2235,0,0.524148949085596
"2242","beta_trend",6083,2236,0,0.523282916377951
"2243","beta_trend",6083,2237,0,0.522418178381573
"2244","beta_trend",6083,2238,0,0.52155495655806
"2245","beta_trend",6083,2239,0,0.520693474007789
"2246","beta_trend",6083,2240,0,0.519833955287659
"2247","beta_trend",6083,2241,0,0.518976626226034
"2248","beta_trend",6083,2242,0,0.518139843214612
"2249","beta_trend",6083,2243,0,0.517286773221131
"2250","beta_trend",6083,2244,0,0.516436609744504
"2251","beta_trend",6083,2245,0,0.515589580472806
"2252","beta_trend",6083,2246,0,0.514745913451954
"2253","beta_trend",6083,2247,0,0.513905836885524
"2254","beta_trend",6083,2248,0,0.513069578932937
"2255","beta_trend",6083,2249,0,0.512237367506202
"2256","beta_trend",6083,2250,0,0.511409430065366
"2257","beta_trend",6083,2251,0,0.510585993412878
"2258","beta_trend",6083,2252,0,0.509767283487029
"2259","beta_trend",6083,2253,0,0.508953525154661
"2260","beta_trend",6083,2254,0,0.508144942003333
"2261","beta_trend",6083,2255,0,0.507341756133127
"2262","beta_trend",6083,2256,0,0.506544187948283
"2263","beta_trend",6083,2257,0,0.505752455948869
"2264","beta_trend",6083,2258,0,0.504966776522666
"2265","beta_trend",6083,2259,0,0.504187363737463
"2266","beta_trend",6083,2260,0,0.503414429133973
"2267","beta_trend",6083,2261,0,0.502648181519548
"2268","beta_trend",6083,2262,0,0.501888826762916
"2269","beta_trend",6083,2263,0,0.501136567590105
"2270","beta_trend",6083,2264,0,0.500391603381797
"2271","beta_trend",6083,2265,0,0.499654129972266
"2272","beta_trend",6083,2266,0,0.498924339450143
"2273","beta_trend",6083,2267,0,0.498202419961172
"2274","beta_trend",6083,2268,0,0.497488555513185
"2275","beta_trend",6083,2269,0,0.496782925783471
"2276","beta_trend",6083,2270,0,0.496085705928765
"2277","beta_trend",6083,2271,0,0.495397066398021
"2278","beta_trend",6083,2272,0,0.494717172748197
"2279","beta_trend",6083,2273,0,0.494046185463231
"2280","beta_trend",6083,2274,0,0.493384259776401
"2281","beta_trend",6083,2275,0,0.492731545496267
"2282","beta_trend",6083,2276,0,0.492088186836384
"2283","beta_trend",6083,2277,0,0.491454322248972
"2284","beta_trend",6083,2278,0,0.490830084262728
"2285","beta_trend",6083,2279,0,0.490215599324967
"2286","beta_trend",6083,2280,0,0.48961098764827
"2287","beta_trend",6083,2281,0,0.489016363061812
"2288","beta_trend",6083,2282,0,0.488431832867557
"2289","beta_trend",6083,2283,0,0.48785749770148
"2290","beta_trend",6083,2284,0,0.48729345139998
"2291","beta_trend",6083,2285,0,0.486739780871666
"2292","beta_trend",6083,2286,0,0.486196565974659
"2293","beta_trend",6083,2287,0,0.48566387939957
"2294","beta_trend",6083,2288,0,0.485141786558308
"2295","beta_trend",6083,2289,0,0.484630345478872
"2296","beta_trend",6083,2290,0,0.484129606706248
"2297","beta_trend",6083,2291,0,0.483639613209578
"2298","beta_trend",6083,2292,0,0.483160400295708
"2299","beta_trend",6083,2293,0,0.482691995529257
"2300","beta_trend",6083,2294,0,0.482234418659329
"2301","beta_trend",6083,2295,0,0.481754052737257
"2302","beta_trend",6083,2296,0,0.481316608440741
"2303","beta_trend",6083,2297,0,0.480889936316186
"2304","beta_trend",6083,2298,0,0.480474021518394
"2305","beta_trend",6083,2299,0,0.480068841021832
"2306","beta_trend",6083,2300,0,0.479674363586044
"2307","beta_trend",6083,2301,0,0.47929054972831
"2308","beta_trend",6083,2302,0,0.478917351703612
"2309","beta_trend",6083,2303,0,0.478554713491984
"2310","beta_trend",6083,2304,0,0.478202570793294
"2311","beta_trend",6083,2305,0,0.477860851029525
"2312","beta_trend",6083,2306,0,0.477529473354586
"2313","beta_trend",6083,2307,0,0.477208348671703
"2314","beta_trend",6083,2308,0,0.476897379658416
"2315","beta_trend",6083,2309,0,0.47659646079921
"2316","beta_trend",6083,2310,0,0.476305478425793
"2317","beta_trend",6083,2311,0,0.476024310765039
"2318","beta_trend",6083,2312,0,0.475752827994585
"2319","beta_trend",6083,2313,0,0.475490892306098
"2320","beta_trend",6083,2314,0,0.47523835797618
"2321","beta_trend",6083,2315,0,0.4749950714449
"2322","beta_trend",6083,2316,0,0.474760871401934
"2323","beta_trend",6083,2317,0,0.474535588880264
"2324","beta_trend",6083,2318,0,0.474319047357402
"2325","beta_trend",6083,2319,0,0.474111062864089
"2326","beta_trend",6083,2320,0,0.473911444100418
"2327","beta_trend",6083,2321,0,0.473719992559297
"2328","beta_trend",6083,2322,0,0.473536502657209
"2329","beta_trend",6083,2323,0,0.473360761872162
"2330","beta_trend",6083,2324,0,0.473192550888762
"2331","beta_trend",6083,2325,0,0.473031643750304
"2332","beta_trend",6083,2326,0,0.47287780801778
"2333","beta_trend",6083,2327,0,0.472730804935706
"2334","beta_trend",6083,2328,0,0.472590389604638
"2335","beta_trend",6083,2329,0,0.47245631116026
"2336","beta_trend",6083,2330,0,0.472328312958913
"2337","beta_trend",6083,2331,0,0.472206132769437
"2338","beta_trend",6083,2332,0,0.472089502971159
"2339","beta_trend",6083,2333,0,0.471978150757907
"2340","beta_trend",6083,2334,0,0.47187179834786
"2341","beta_trend",6083,2335,0,0.471770163199101
"2342","beta_trend",6083,2336,0,0.471672958230679
"2343","beta_trend",6083,2337,0,0.471579892049015
"2344","beta_trend",6083,2338,0,0.471490669179467
"2345","beta_trend",6083,2339,0,0.471403250284365
"2346","beta_trend",6083,2340,0,0.471320889528165
"2347","beta_trend",6083,2341,0,0.471241460326925
"2348","beta_trend",6083,2342,0,0.471164653421489
"2349","beta_trend",6083,2343,0,0.471090156695367
"2350","beta_trend",6083,2344,0,0.47101765543325
"2351","beta_trend",6083,2345,0,0.470946832583229
"2352","beta_trend",6083,2346,0,0.470877369022515
"2353","beta_trend",6083,2347,0,0.470808943826413
"2354","beta_trend",6083,2348,0,0.470741234540324
"2355","beta_trend",6083,2349,0,0.470673917454536
"2356","beta_trend",6083,2350,0,0.470606667881556
"2357","beta_trend",6083,2351,0,0.470539160435738
"2358","beta_trend",6083,2352,0,0.470471069314967
"2359","beta_trend",6083,2353,0,0.470402068584131
"2360","beta_trend",6083,2354,0,0.47033183246013
"2361","beta_trend",6083,2355,0,0.470260035598177
"2362","beta_trend",6083,2356,0,0.4701863533791
"2363","beta_trend",6083,2357,0,0.470110462197414
"2364","beta_trend",6083,2358,0,0.470032039749876
"2365","beta_trend",6083,2359,0,0.469950765324264
"2366","beta_trend",6083,2360,0,0.469866320088104
"2367","beta_trend",6083,2361,0,0.469778387377093
"2368","beta_trend",6083,2362,0,0.469686652982917
"2369","beta_trend",6083,2363,0,0.469590805440226
"2370","beta_trend",6083,2364,0,0.469490536312464
"2371","beta_trend",6083,2365,0,0.469385540476309
"2372","beta_trend",6083,2366,0,0.469275516404422
"2373","beta_trend",6083,2367,0,0.469160166446264
"2374","beta_trend",6083,2368,0,0.469039197106677
"2375","beta_trend",6083,2369,0,0.468912319321995
"2376","beta_trend",6083,2370,0,0.468779248733382
"2377","beta_trend",6083,2371,0,0.468639705957153
"2378","beta_trend",6083,2372,0,0.468493416851799
"2379","beta_trend",6083,2373,0,0.468340112781466
"2380","beta_trend",6083,2374,0,0.468179530875606
"2381","beta_trend",6083,2375,0,0.468011414284566
"2382","beta_trend",6083,2376,0,0.467835512430836
"2383","beta_trend",6083,2377,0,0.467651581255723
"2384","beta_trend",6083,2378,0,0.467459383461186
"2385","beta_trend",6083,2379,0,0.467258688746596
"2386","beta_trend",6083,2380,0,0.467049274040175
"2387","beta_trend",6083,2381,0,0.46683092372488
"2388","beta_trend",6083,2382,0,0.46660342985849
"2389","beta_trend",6083,2383,0,0.466366592387686
"2390","beta_trend",6083,2384,0,0.466120219355873
"2391","beta_trend",6083,2385,0,0.465864127104553
"2392","beta_trend",6083,2386,0,0.46559814046802
"2393","beta_trend",6083,2387,0,0.465322092961173
"2394","beta_trend",6083,2388,0,0.465035826960245
"2395","beta_trend",6083,2389,0,0.464739193876261
"2396","beta_trend",6083,2390,0,0.46443205432102
"2397","beta_trend",6083,2391,0,0.464114278265434
"2398","beta_trend",6083,2392,0,0.46378075927592
"2399","beta_trend",6083,2393,0,0.463441128650193
"2400","beta_trend",6083,2394,0,0.463090519081768
"2401","beta_trend",6083,2395,0,0.462728838998364
"2402","beta_trend",6083,2396,0,0.462356006842842
"2403","beta_trend",6083,2397,0,0.461971951181702
"2404","beta_trend",6083,2398,0,0.461576610804852
"2405","beta_trend",6083,2399,0,0.461169934816497
"2406","beta_trend",6083,2400,0,0.460751882717065
"2407","beta_trend",6083,2401,0,0.460322424476031
"2408","beta_trend",6083,2402,0,0.459881540595565
"2409","beta_trend",6083,2403,0,0.459429222164905
"2410","beta_trend",6083,2404,0,0.458965470905368
"2411","beta_trend",6083,2405,0,0.458490299205934
"2412","beta_trend",6083,2406,0,0.458003730149343
"2413","beta_trend",6083,2407,0,0.457505797528633
"2414","beta_trend",6083,2408,0,0.456996545854098
"2415","beta_trend",6083,2409,0,0.456476030350611
"2416","beta_trend",6083,2410,0,0.455944316945284
"2417","beta_trend",6083,2411,0,0.45540148224547
"2418","beta_trend",6083,2412,0,0.454847613507067
"2419","beta_trend",6083,2413,0,0.454282808593149
"2420","beta_trend",6083,2414,0,0.453707175922921
"2421","beta_trend",6083,2415,0,0.453120834411029
"2422","beta_trend",6083,2416,0,0.452523913397236
"2423","beta_trend",6083,2417,0,0.451916552566528
"2424","beta_trend",6083,2418,0,0.45129890185967
"2425","beta_trend",6083,2419,0,0.450671121374292
"2426","beta_trend",6083,2420,0,0.450033381256563
"2427","beta_trend",6083,2421,0,0.449385861583523
"2428","beta_trend",6083,2422,0,0.448728752236168
"2429","beta_trend",6083,2423,0,0.448062252763382
"2430","beta_trend",6083,2424,0,0.447386572236808
"2431","beta_trend",6083,2425,0,0.446701929096787
"2432","beta_trend",6083,2426,0,0.446008550989477
"2433","beta_trend",6083,2427,0,0.445306674595281
"2434","beta_trend",6083,2428,0,0.444596545448732
"2435","beta_trend",6083,2429,0,0.443878417749975
"2436","beta_trend",6083,2430,0,0.443152554168006
"2437","beta_trend",6083,2431,0,0.442419225635833
"2438","beta_trend",6083,2432,0,0.441678711137736
"2439","beta_trend",6083,2433,0,0.440931297488793
"2440","beta_trend",6083,2434,0,0.440177279106883
"2441","beta_trend",6083,2435,0,0.439423092381163
"2442","beta_trend",6083,2436,0,0.438656505707693
"2443","beta_trend",6083,2437,0,0.437884252161056
"2444","beta_trend",6083,2438,0,0.437106653698558
"2445","beta_trend",6083,2439,0,0.436324038650778
"2446","beta_trend",6083,2440,0,0.435536741452227
"2447","beta_trend",6083,2441,0,0.43474510236601
"2448","beta_trend",6083,2442,0,0.433949467202752
"2449","beta_trend",6083,2443,0,0.433150187034035
"2450","beta_trend",6083,2444,0,0.4323476179006
"2451","beta_trend",6083,2445,0,0.431542120515594
"2452","beta_trend",6083,2446,0,0.430734059963099
"2453","beta_trend",6083,2447,0,0.429923805392255
"2454","beta_trend",6083,2448,0,0.429111729707229
"2455","beta_trend",6083,2449,0,0.428298209253319
"2456","beta_trend",6083,2450,0,0.42748362349949
"2457","beta_trend",6083,2451,0,0.426668354717626
"2458","beta_trend",6083,2452,0,0.425852787658791
"2459","beta_trend",6083,2453,0,0.425037309226809
"2460","beta_trend",6083,2454,0,0.424222308149452
"2461","beta_trend",6083,2455,0,0.423408174647556
"2462","beta_trend",6083,2456,0,0.422595300102356
"2463","beta_trend",6083,2457,0,0.421784076721363
"2464","beta_trend",6083,2458,0,0.420974897203093
"2465","beta_trend",6083,2459,0,0.420168154400958
"2466","beta_trend",6083,2460,0,0.419364240986634
"2467","beta_trend",6083,2461,0,0.418563549113225
"2468","beta_trend",6083,2462,0,0.41776647007854
"2469","beta_trend",6083,2463,0,0.416973393988803
"2470","beta_trend",6083,2464,0,0.416184709423098
"2471","beta_trend",6083,2465,0,0.415400803098892
"2472","beta_trend",6083,2466,0,0.41462205953893
"2473","beta_trend",6083,2467,0,0.413848860739828
"2474","beta_trend",6083,2468,0,0.413081585842678
"2475","beta_trend",6083,2469,0,0.412320610805982
"2476","beta_trend",6083,2470,0,0.41156630808121
"2477","beta_trend",6083,2471,0,0.410819046291316
"2478","beta_trend",6083,2472,0,0.410079189912497
"2479","beta_trend",6083,2473,0,0.409347098959515
"2480","beta_trend",6083,2474,0,0.408623128674869
"2481","beta_trend",6083,2475,0,0.407907629222127
"2482","beta_trend",6083,2476,0,0.407200945383708
"2483","beta_trend",6083,2477,0,0.406503416263395
"2484","beta_trend",6083,2478,0,0.405815374993886
"2485","beta_trend",6083,2479,0,0.405137148449639
"2486","beta_trend",6083,2480,0,0.404469056965306
"2487","beta_trend",6083,2481,0,0.403811414060025
"2488","beta_trend",6083,2482,0,0.403164526167821
"2489","beta_trend",6083,2483,0,0.402528692374401
"2490","beta_trend",6083,2484,0,0.401904204160576
"2491","beta_trend",6083,2485,0,0.40129134515257
"2492","beta_trend",6083,2486,0,0.400690390879453
"2493","beta_trend",6083,2487,0,0.400101608537936
"2494","beta_trend",6083,2488,0,0.399500463832896
"2495","beta_trend",6083,2489,0,0.39893564895862
"2496","beta_trend",6083,2490,0,0.398383705636325
"2497","beta_trend",6083,2491,0,0.397844863518277
"2498","beta_trend",6083,2492,0,0.397319342791361
"2499","beta_trend",6083,2493,0,0.396807353988088
"2500","beta_trend",6083,2494,0,0.39630909780631
"2501","beta_trend",6083,2495,0,0.395824764937857
"2502","beta_trend",6083,2496,0,0.395354535906229
"2503","beta_trend",6083,2497,0,0.394898580913516
"2504","beta_trend",6083,2498,0,0.394457059696678
"2505","beta_trend",6083,2499,0,0.394030121393338
"2506","beta_trend",6083,2500,0,0.3936179044172
"2507","beta_trend",6083,2501,0,0.393220536343219
"2508","beta_trend",6083,2502,0,0.392838133802635
"2509","beta_trend",6083,2503,0,0.392470802387955
"2510","beta_trend",6083,2504,0,0.392118636567999
"2511","beta_trend",6083,2505,0,0.391781719613056
"2512","beta_trend",6083,2506,0,0.391460123530253
"2513","beta_trend",6083,2507,0,0.391153909009173
"2514","beta_trend",6083,2508,0,0.390863125377786
"2515","beta_trend",6083,2509,0,0.390587810568729
"2516","beta_trend",6083,2510,0,0.390327991095959
"2517","beta_trend",6083,2511,0,0.390083682041809
"2518","beta_trend",6083,2512,0,0.38985488705445
"2519","beta_trend",6083,2513,0,0.389641598355763
"2520","beta_trend",6083,2514,0,0.389443796759603
"2521","beta_trend",6083,2515,0,0.389261451700444
"2522","beta_trend",6083,2516,0,0.389094521272367
"2523","beta_trend",6083,2517,0,0.38894295227835
"2524","beta_trend",6083,2518,0,0.388806680289819
"2525","beta_trend",6083,2519,0,0.38868562971638
"2526","beta_trend",6083,2520,0,0.388579713885684
"2527","beta_trend",6083,2521,0,0.388488835133325
"2528","beta_trend",6083,2522,0,0.388412884902691
"2529","beta_trend",6083,2523,0,0.388351743854665
"2530","beta_trend",6083,2524,0,0.388305281987062
"2531","beta_trend",6083,2525,0,0.388273358763695
"2532","beta_trend",6083,2526,0,0.388255823252928
"2533","beta_trend",6083,2527,0,0.388252514275581
"2534","beta_trend",6083,2528,0,0.388263260562046
"2535","beta_trend",6083,2529,0,0.388287880918456
"2536","beta_trend",6083,2530,0,0.388326184401738
"2537","beta_trend",6083,2531,0,0.388377970503378
"2538","beta_trend",6083,2532,0,0.388456268585804
"2539","beta_trend",6083,2533,0,0.388533794925787
"2540","beta_trend",6083,2534,0,0.38862417154526
"2541","beta_trend",6083,2535,0,0.388727160708538
"2542","beta_trend",6083,2536,0,0.388842516192863
"2543","beta_trend",6083,2537,0,0.388969983519197
"2544","beta_trend",6083,2538,0,0.38910930019031
"2545","beta_trend",6083,2539,0,0.389260195935958
"2546","beta_trend",6083,2540,0,0.389422392964882
"2547","beta_trend",6083,2541,0,0.389595606223404
"2548","beta_trend",6083,2542,0,0.389779543660338
"2549","beta_trend",6083,2543,0,0.389973906497986
"2550","beta_trend",6083,2544,0,0.390178389508926
"2551","beta_trend",6083,2545,0,0.390392681298333
"2552","beta_trend",6083,2546,0,0.390616464591559
"2553","beta_trend",6083,2547,0,0.39084941652668
"2554","beta_trend",6083,2548,0,0.391091208951733
"2555","beta_trend",6083,2549,0,0.391341508726347
"2556","beta_trend",6083,2550,0,0.391599978027477
"2557","beta_trend",6083,2551,0,0.391866274658941
"2558","beta_trend",6083,2552,0,0.392140052364459
"2559","beta_trend",6083,2553,0,0.392420961143893
"2560","beta_trend",6083,2554,0,0.392708647572374
"2561","beta_trend",6083,2555,0,0.393002755122012
"2562","beta_trend",6083,2556,0,0.393302924485878
"2563","beta_trend",6083,2557,0,0.39360879390394
"2564","beta_trend",6083,2558,0,0.393919999490642
"2565","beta_trend",6083,2559,0,0.39423617556381
"2566","beta_trend",6083,2560,0,0.394556954974566
"2567","beta_trend",6083,2561,0,0.394881969437933
"2568","beta_trend",6083,2562,0,0.395210849863818
"2569","beta_trend",6083,2563,0,0.395543226688051
"2570","beta_trend",6083,2564,0,0.395878730203162
"2571","beta_trend",6083,2565,0,0.396216990888588
"2572","beta_trend",6083,2566,0,0.396557639739983
"2573","beta_trend",6083,2567,0,0.396900308597331
"2574","beta_trend",6083,2568,0,0.39724463047154
"2575","beta_trend",6083,2569,0,0.397590239869213
"2576","beta_trend",6083,2570,0,0.397936773115281
"2577","beta_trend",6083,2571,0,0.398283868673207
"2578","beta_trend",6083,2572,0,0.398631167462446
"2579","beta_trend",6083,2573,0,0.398978313172868
"2580","beta_trend",6083,2574,0,0.399324952575852
"2581","beta_trend",6083,2575,0,0.399670735831752
"2582","beta_trend",6083,2576,0,0.40001531679346
"2583","beta_trend",6083,2577,0,0.400358353305766
"2584","beta_trend",6083,2578,0,0.400699507500262
"2585","beta_trend",6083,2579,0,0.401038446085488
"2586","beta_trend",6083,2580,0,0.401374840632081
"2587","beta_trend",6083,2581,0,0.40170836785264
"2588","beta_trend",6083,2582,0,0.402038709876073
"2589","beta_trend",6083,2583,0,0.402365554516155
"2590","beta_trend",6083,2584,0,0.402688595534071
"2591","beta_trend",6083,2585,0,0.402991429929052
"2592","beta_trend",6083,2586,0,0.403305228220587
"2593","beta_trend",6083,2587,0,0.403614310164563
"2594","beta_trend",6083,2588,0,0.40391839450319
"2595","beta_trend",6083,2589,0,0.404217207091855
"2596","beta_trend",6083,2590,0,0.404510481119168
"2597","beta_trend",6083,2591,0,0.404797957319432
"2598","beta_trend",6083,2592,0,0.405079384177337
"2599","beta_trend",6083,2593,0,0.405354518124708
"2600","beta_trend",6083,2594,0,0.40562312372914
"2601","beta_trend",6083,2595,0,0.40588497387434
"2602","beta_trend",6083,2596,0,0.406139849932047
"2603","beta_trend",6083,2597,0,0.406387541925364
"2604","beta_trend",6083,2598,0,0.406627848683379
"2605","beta_trend",6083,2599,0,0.406860577986936
"2606","beta_trend",6083,2600,0,0.407085546705458
"2607","beta_trend",6083,2601,0,0.40730258092468
"2608","beta_trend",6083,2602,0,0.407511516065234
"2609","beta_trend",6083,2603,0,0.407712196991952
"2610","beta_trend",6083,2604,0,0.407904478113848
"2611","beta_trend",6083,2605,0,0.408088223474666
"2612","beta_trend",6083,2606,0,0.40826330683397
"2613","beta_trend",6083,2607,0,0.408429611738696
"2614","beta_trend",6083,2608,0,0.408587031585137
"2615","beta_trend",6083,2609,0,0.408735469671319
"2616","beta_trend",6083,2610,0,0.408874839239757
"2617","beta_trend",6083,2611,0,0.409005063510561
"2618","beta_trend",6083,2612,0,0.409126075704897
"2619","beta_trend",6083,2613,0,0.409237819058812
"2620","beta_trend",6083,2614,0,0.409340246827419
"2621","beta_trend",6083,2615,0,0.409433322279493
"2622","beta_trend",6083,2616,0,0.409517018682486
"2623","beta_trend",6083,2617,0,0.409591319278023
"2624","beta_trend",6083,2618,0,0.40965621724792
"2625","beta_trend",6083,2619,0,0.409711715670787
"2626","beta_trend",6083,2620,0,0.409757827469295
"2627","beta_trend",6083,2621,0,0.409794575348175
"2628","beta_trend",6083,2622,0,0.409821991723045
"2629","beta_trend",6083,2623,0,0.409840118640165
"2630","beta_trend",6083,2624,0,0.409849007687216
"2631","beta_trend",6083,2625,0,0.409848719895231
"2632","beta_trend",6083,2626,0,0.40983932563179
"2633","beta_trend",6083,2627,0,0.409820904485623
"2634","beta_trend",6083,2628,0,0.409796493333474
"2635","beta_trend",6083,2629,0,0.409760163074319
"2636","beta_trend",6083,2630,0,0.409715104212364
"2637","beta_trend",6083,2631,0,0.409661431684722
"2638","beta_trend",6083,2632,0,0.409599268956684
"2639","beta_trend",6083,2633,0,0.409528747857685
"2640","beta_trend",6083,2634,0,0.409450008409812
"2641","beta_trend",6083,2635,0,0.409363198649059
"2642","beta_trend",6083,2636,0,0.409268474439519
"2643","beta_trend",6083,2637,0,0.409165999280726
"2644","beta_trend",6083,2638,0,0.409055944108355
"2645","beta_trend",6083,2639,0,0.408938487088492
"2646","beta_trend",6083,2640,0,0.408813813405707
"2647","beta_trend",6083,2641,0,0.408682115045148
"2648","beta_trend",6083,2642,0,0.408543590568902
"2649","beta_trend",6083,2643,0,0.408398444886849
"2650","beta_trend",6083,2644,0,0.40824688902226
"2651","beta_trend",6083,2645,0,0.408089139872385
"2652","beta_trend",6083,2646,0,0.407925419964287
"2653","beta_trend",6083,2647,0,0.407755957206167
"2654","beta_trend",6083,2648,0,0.407580984634452
"2655","beta_trend",6083,2649,0,0.407400740156907
"2656","beta_trend",6083,2650,0,0.407215466292029
"2657","beta_trend",6083,2651,0,0.407025409905001
"2658","beta_trend",6083,2652,0,0.406830821940473
"2659","beta_trend",6083,2653,0,0.406631957152446
"2660","beta_trend",6083,2654,0,0.406429073831535
"2661","beta_trend",6083,2655,0,0.406222433529889
"2662","beta_trend",6083,2656,0,0.406012300784038
"2663","beta_trend",6083,2657,0,0.405798942835971
"2664","beta_trend",6083,2658,0,0.40558262935269
"2665","beta_trend",6083,2659,0,0.405363632144562
"2666","beta_trend",6083,2660,0,0.405142224882715
"2667","beta_trend",6083,2661,0,0.404918682815781
"2668","beta_trend",6083,2662,0,0.404693282486269
"2669","beta_trend",6083,2663,0,0.404466301446827
"2670","beta_trend",6083,2664,0,0.404238017976702
"2671","beta_trend",6083,2665,0,0.404008710798656
"2672","beta_trend",6083,2666,0,0.403778658796622
"2673","beta_trend",6083,2667,0,0.40354814073438
"2674","beta_trend",6083,2668,0,0.403317434975521
"2675","beta_trend",6083,2669,0,0.403086819204971
"2676","beta_trend",6083,2670,0,0.40285657015235
"2677","beta_trend",6083,2671,0,0.402626963317426
"2678","beta_trend",6083,2672,0,0.402398272697926
"2679","beta_trend",6083,2673,0,0.402170770519972
"2680","beta_trend",6083,2674,0,0.401944726971396
"2681","beta_trend",6083,2675,0,0.401720409938175
"2682","beta_trend",6083,2676,0,0.401498084744255
"2683","beta_trend",6083,2677,0,0.401278013894992
"2684","beta_trend",6083,2678,0,0.401060456824454
"2685","beta_trend",6083,2679,0,0.400845669646828
"2686","beta_trend",6083,2680,0,0.400633904912148
"2687","beta_trend",6083,2681,0,0.400406529296941
"2688","beta_trend",6083,2682,0,0.400200680644459
"2689","beta_trend",6083,2683,0,0.399998550436897
"2690","beta_trend",6083,2684,0,0.399800373081787
"2691","beta_trend",6083,2685,0,0.399606378216512
"2692","beta_trend",6083,2686,0,0.399416790492636
"2693","beta_trend",6083,2687,0,0.399231829365961
"2694","beta_trend",6083,2688,0,0.399051708892501
"2695","beta_trend",6083,2689,0,0.398876637530544
"2696","beta_trend",6083,2690,0,0.398706817948974
"2697","beta_trend",6083,2691,0,0.398542446842013
"2698","beta_trend",6083,2692,0,0.398383714750542
"2699","beta_trend",6083,2693,0,0.398230805890141
"2700","beta_trend",6083,2694,0,0.398083897986002
"2701","beta_trend",6083,2695,0,0.397943162114834
"2702","beta_trend",6083,2696,0,0.397808762553896
"2703","beta_trend",6083,2697,0,0.39768085663727
"2704","beta_trend",6083,2698,0,0.397559594619493
"2705","beta_trend",6083,2699,0,0.397445119546636
"2706","beta_trend",6083,2700,0,0.39733756713494
"2707","beta_trend",6083,2701,0,0.39723706565709
"2708","beta_trend",6083,2702,0,0.397143735836206
"2709","beta_trend",6083,2703,0,0.397057690747618
"2710","beta_trend",6083,2704,0,0.396979035728495
"2711","beta_trend",6083,2705,0,0.396907868295381
"2712","beta_trend",6083,2706,0,0.396844278069686
"2713","beta_trend",6083,2707,0,0.396788346711161
"2714","beta_trend",6083,2708,0,0.396740147859402
"2715","beta_trend",6083,2709,0,0.396699747083401
"2716","beta_trend",6083,2710,0,0.396667201839147
"2717","beta_trend",6083,2711,0,0.396642561435307
"2718","beta_trend",6083,2712,0,0.396625867006958
"2719","beta_trend",6083,2713,0,0.396617151497382
"2720","beta_trend",6083,2714,0,0.3966164396479
"2721","beta_trend",6083,2715,0,0.396623747995712
"2722","beta_trend",6083,2716,0,0.396639084879721
"2723","beta_trend",6083,2717,0,0.396662450454294
"2724","beta_trend",6083,2718,0,0.396693836710915
"2725","beta_trend",6083,2719,0,0.396733227507668
"2726","beta_trend",6083,2720,0,0.396780598606493
"2727","beta_trend",6083,2721,0,0.39683591771814
"2728","beta_trend",6083,2722,0,0.396899144554746
"2729","beta_trend",6083,2723,0,0.396970230889945
"2730","beta_trend",6083,2724,0,0.397049120626424
"2731","beta_trend",6083,2725,0,0.397164562610204
"2732","beta_trend",6083,2726,0,0.397257584187246
"2733","beta_trend",6083,2727,0,0.397358247989583
"2734","beta_trend",6083,2728,0,0.39746646514484
"2735","beta_trend",6083,2729,0,0.397582139432536
"2736","beta_trend",6083,2730,0,0.397705167391428
"2737","beta_trend",6083,2731,0,0.397835438433544
"2738","beta_trend",6083,2732,0,0.39797283496475
"2739","beta_trend",6083,2733,0,0.39811723251171
"2740","beta_trend",6083,2734,0,0.398268499855078
"2741","beta_trend",6083,2735,0,0.398426499168751
"2742","beta_trend",6083,2736,0,0.39859108616504
"2743","beta_trend",6083,2737,0,0.398762110245564
"2744","beta_trend",6083,2738,0,0.398939414657701
"2745","beta_trend",6083,2739,0,0.39912283665642
"2746","beta_trend",6083,2740,0,0.399312207671294
"2747","beta_trend",6083,2741,0,0.399507353478526
"2748","beta_trend",6083,2742,0,0.399708094377776
"2749","beta_trend",6083,2743,0,0.399914245373601
"2750","beta_trend",6083,2744,0,0.400125616361315
"2751","beta_trend",6083,2745,0,0.400342012317046
"2752","beta_trend",6083,2746,0,0.400563233491809
"2753","beta_trend",6083,2747,0,0.400789075609363
"2754","beta_trend",6083,2748,0,0.401019330067664
"2755","beta_trend",6083,2749,0,0.401253784143671
"2756","beta_trend",6083,2750,0,0.401492221201326
"2757","beta_trend",6083,2751,0,0.401734420902452
"2758","beta_trend",6083,2752,0,0.401980159420382
"2759","beta_trend",6083,2753,0,0.402229209656079
"2760","beta_trend",6083,2754,0,0.402481341456534
"2761","beta_trend",6083,2755,0,0.402736321835214
"2762","beta_trend",6083,2756,0,0.402993915194345
"2763","beta_trend",6083,2757,0,0.403253883548795
"2764","beta_trend",6083,2758,0,0.403515986751344
"2765","beta_trend",6083,2759,0,0.403779982719115
"2766","beta_trend",6083,2760,0,0.404045627660929
"2767","beta_trend",6083,2761,0,0.404312676305382
"2768","beta_trend",6083,2762,0,0.404580882129411
"2769","beta_trend",6083,2763,0,0.404849997587119
"2770","beta_trend",6083,2764,0,0.405119774338654
"2771","beta_trend",6083,2765,0,0.405389963478917
"2772","beta_trend",6083,2766,0,0.405660315765873
"2773","beta_trend",6083,2767,0,0.405930581848264
"2774","beta_trend",6083,2768,0,0.406200512492497
"2775","beta_trend",6083,2769,0,0.406469858808505
"2776","beta_trend",6083,2770,0,0.406738372474363
"2777","beta_trend",6083,2771,0,0.407005805959459
"2778","beta_trend",6083,2772,0,0.407271912746015
"2779","beta_trend",6083,2773,0,0.407536447548752
"2780","beta_trend",6083,2774,0,0.407799166532503
"2781","beta_trend",6083,2775,0,0.40805982752759
"2782","beta_trend",6083,2776,0,0.408318190242752
"2783","beta_trend",6083,2777,0,0.408574016475457
"2784","beta_trend",6083,2778,0,0.408807243193313
"2785","beta_trend",6083,2779,0,0.409056377739109
"2786","beta_trend",6083,2780,0,0.409302236101177
"2787","beta_trend",6083,2781,0,0.409544588868241
"2788","beta_trend",6083,2782,0,0.409783209663883
"2789","beta_trend",6083,2783,0,0.410017875335413
"2790","beta_trend",6083,2784,0,0.410248366138864
"2791","beta_trend",6083,2785,0,0.410474465919951
"2792","beta_trend",6083,2786,0,0.410695962290852
"2793","beta_trend",6083,2787,0,0.41091264680267
"2794","beta_trend",6083,2788,0,0.411124315113426
"2795","beta_trend",6083,2789,0,0.41133076715146
"2796","beta_trend",6083,2790,0,0.411531807274114
"2797","beta_trend",6083,2791,0,0.411727244421556
"2798","beta_trend",6083,2792,0,0.411916892265655
"2799","beta_trend",6083,2793,0,0.412100569353773
"2800","beta_trend",6083,2794,0,0.412278099247379
"2801","beta_trend",6083,2795,0,0.412449310655389
"2802","beta_trend",6083,2796,0,0.41261403756212
"2803","beta_trend",6083,2797,0,0.412772119349799
"2804","beta_trend",6083,2798,0,0.412923400915513
"2805","beta_trend",6083,2799,0,0.413067732782549
"2806","beta_trend",6083,2800,0,0.413204971206041
"2807","beta_trend",6083,2801,0,0.413334978272863
"2808","beta_trend",6083,2802,0,0.413457621995708
"2809","beta_trend",6083,2803,0,0.413572776401309
"2810","beta_trend",6083,2804,0,0.413680321612743
"2811","beta_trend",6083,2805,0,0.413780143925794
"2812","beta_trend",6083,2806,0,0.413872135879327
"2813","beta_trend",6083,2807,0,0.413956196319652
"2814","beta_trend",6083,2808,0,0.414032230458861
"2815","beta_trend",6083,2809,0,0.414100149927116
"2816","beta_trend",6083,2810,0,0.414159872818875
"2817","beta_trend",6083,2811,0,0.414211323733068
"2818","beta_trend",6083,2812,0,0.414254433807208
"2819","beta_trend",6083,2813,0,0.414289140745458
"2820","beta_trend",6083,2814,0,0.41431538884066
"2821","beta_trend",6083,2815,0,0.414333128990354
"2822","beta_trend",6083,2816,0,0.414342318706807
"2823","beta_trend",6083,2817,0,0.414342922121082
"2824","beta_trend",6083,2818,0,0.414334909981193
"2825","beta_trend",6083,2819,0,0.414318259644378
"2826","beta_trend",6083,2820,0,0.414292955063546
"2827","beta_trend",6083,2821,0,0.414254728344115
"2828","beta_trend",6083,2822,0,0.414212281702795
"2829","beta_trend",6083,2823,0,0.414161164133855
"2830","beta_trend",6083,2824,0,0.414101386033582
"2831","beta_trend",6083,2825,0,0.414032964229445
"2832","beta_trend",6083,2826,0,0.413955921933246
"2833","beta_trend",6083,2827,0,0.413870288688905
"2834","beta_trend",6083,2828,0,0.413776100314973
"2835","beta_trend",6083,2829,0,0.413673398841971
"2836","beta_trend",6083,2830,0,0.413562232444639
"2837","beta_trend",6083,2831,0,0.41344265536921
"2838","beta_trend",6083,2832,0,0.413314727855805
"2839","beta_trend",6083,2833,0,0.413178516056063
"2840","beta_trend",6083,2834,0,0.413034091946112
"2841","beta_trend",6083,2835,0,0.412881533235008
"2842","beta_trend",6083,2836,0,0.412720923268748
"2843","beta_trend",6083,2837,0,0.412552350930002
"2844","beta_trend",6083,2838,0,0.412375910533659
"2845","beta_trend",6083,2839,0,0.412191701718347
"2846","beta_trend",6083,2840,0,0.411999829334046
"2847","beta_trend",6083,2841,0,0.411800403325922
"2848","beta_trend",6083,2842,0,0.411593538614535
"2849","beta_trend",6083,2843,0,0.411379354972554
"2850","beta_trend",6083,2844,0,0.411157976898114
"2851","beta_trend",6083,2845,0,0.410929533484975
"2852","beta_trend",6083,2846,0,0.410694158289618
"2853","beta_trend",6083,2847,0,0.410451989195426
"2854","beta_trend",6083,2848,0,0.410203168274111
"2855","beta_trend",6083,2849,0,0.409947841644527
"2856","beta_trend",6083,2850,0,0.409686159329019
"2857","beta_trend",6083,2851,0,0.409418275107481
"2858","beta_trend",6083,2852,0,0.409144346369254
"2859","beta_trend",6083,2853,0,0.408864533963032
"2860","beta_trend",6083,2854,0,0.408579002044938
"2861","beta_trend",6083,2855,0,0.408287917924909
"2862","beta_trend",6083,2856,0,0.40799145191156
"2863","beta_trend",6083,2857,0,0.407689777155686
"2864","beta_trend",6083,2858,0,0.40738306949255
"2865","beta_trend",6083,2859,0,0.407071507283112
"2866","beta_trend",6083,2860,0,0.406755271254377
"2867","beta_trend",6083,2861,0,0.406434544338986
"2868","beta_trend",6083,2862,0,0.406109511514235
"2869","beta_trend",6083,2863,0,0.405780359640655
"2870","beta_trend",6083,2864,0,0.405447277300326
"2871","beta_trend",6083,2865,0,0.405110454635055
"2872","beta_trend",6083,2866,0,0.404770083184595
"2873","beta_trend",6083,2867,0,0.404426355725038
"2874","beta_trend",6083,2868,0,0.404079466107529
"2875","beta_trend",6083,2869,0,0.403729609097469
"2876","beta_trend",6083,2870,0,0.403376980214326
"2877","beta_trend",6083,2871,0,0.403021775572218
"2878","beta_trend",6083,2872,0,0.402664191721392
"2879","beta_trend",6083,2873,0,0.402304425490765
"2880","beta_trend",6083,2874,0,0.401922521880752
"2881","beta_trend",6083,2875,0,0.401558052019437
"2882","beta_trend",6083,2876,0,0.401191949932315
"2883","beta_trend",6083,2877,0,0.400824410372337
"2884","beta_trend",6083,2878,0,0.400455627543027
"2885","beta_trend",6083,2879,0,0.400085794948051
"2886","beta_trend",6083,2880,0,0.399715105242676
"2887","beta_trend",6083,2881,0,0.399343750087247
"2888","beta_trend",6083,2882,0,0.398971920002791
"2889","beta_trend",6083,2883,0,0.398599804228858
"2890","beta_trend",6083,2884,0,0.398227590583712
"2891","beta_trend",6083,2885,0,0.397855465326976
"2892","beta_trend",6083,2886,0,0.397483613024824
"2893","beta_trend",6083,2887,0,0.397112216417836
"2894","beta_trend",6083,2888,0,0.396741456291589
"2895","beta_trend",6083,2889,0,0.39637151135009
"2896","beta_trend",6083,2890,0,0.396002558092135
"2897","beta_trend",6083,2891,0,0.395634770690674
"2898","beta_trend",6083,2892,0,0.395268320875267
"2899","beta_trend",6083,2893,0,0.394903377817703
"2900","beta_trend",6083,2894,0,0.394540108020858
"2901","beta_trend",6083,2895,0,0.394178675210858
"2902","beta_trend",6083,2896,0,0.393819240232615
"2903","beta_trend",6083,2897,0,0.393461960948793
"2904","beta_trend",6083,2898,0,0.393106992142265
"2905","beta_trend",6083,2899,0,0.392754485422112
"2906","beta_trend",6083,2900,0,0.392404589133214
"2907","beta_trend",6083,2901,0,0.392057448269477
"2908","beta_trend",6083,2902,0,0.391713204390742
"2909","beta_trend",6083,2903,0,0.391371995543408
"2910","beta_trend",6083,2904,0,0.391033956184806
"2911","beta_trend",6083,2905,0,0.390699217111352
"2912","beta_trend",6083,2906,0,0.390367905390506
"2913","beta_trend",6083,2907,0,0.390040144296562
"2914","beta_trend",6083,2908,0,0.38971605325028
"2915","beta_trend",6083,2909,0,0.389395747762379
"2916","beta_trend",6083,2910,0,0.389079339380903
"2917","beta_trend",6083,2911,0,0.388766935642464
"2918","beta_trend",6083,2912,0,0.388458640027365
"2919","beta_trend",6083,2913,0,0.388154551918602
"2920","beta_trend",6083,2914,0,0.387854766564747
"2921","beta_trend",6083,2915,0,0.387559375046693
"2922","beta_trend",6083,2916,0,0.38726846424826
"2923","beta_trend",6083,2917,0,0.38698211683064
"2924","beta_trend",6083,2918,0,0.386739139736192
"2925","beta_trend",6083,2919,0,0.386460435714095
"2926","beta_trend",6083,2920,0,0.386186589492841
"2927","beta_trend",6083,2921,0,0.38591766382587
"2928","beta_trend",6083,2922,0,0.385653717276706
"2929","beta_trend",6083,2923,0,0.385394804212532
"2930","beta_trend",6083,2924,0,0.385140974801499
"2931","beta_trend",6083,2925,0,0.384892275013741
"2932","beta_trend",6083,2926,0,0.384648746626039
"2933","beta_trend",6083,2927,0,0.384410427230101
"2934","beta_trend",6083,2928,0,0.384177350244381
"2935","beta_trend",6083,2929,0,0.38394954492941
"2936","beta_trend",6083,2930,0,0.383727036406569
"2937","beta_trend",6083,2931,0,0.383509845680244
"2938","beta_trend",6083,2932,0,0.383297989663308
"2939","beta_trend",6083,2933,0,0.38309148120586
"2940","beta_trend",6083,2934,0,0.382890329127162
"2941","beta_trend",6083,2935,0,0.382694538250703
"2942","beta_trend",6083,2936,0,0.382504109442315
"2943","beta_trend",6083,2937,0,0.382319039651284
"2944","beta_trend",6083,2938,0,0.382139321954359
"2945","beta_trend",6083,2939,0,0.381964945602611
"2946","beta_trend",6083,2940,0,0.381795896071045
"2947","beta_trend",6083,2941,0,0.381632155110891
"2948","beta_trend",6083,2942,0,0.381473700804502
"2949","beta_trend",6083,2943,0,0.381320507622768
"2950","beta_trend",6083,2944,0,0.381172546484969
"2951","beta_trend",6083,2945,0,0.381029784820985
"2952","beta_trend",6083,2946,0,0.380892186635767
"2953","beta_trend",6083,2947,0,0.380759712576003
"2954","beta_trend",6083,2948,0,0.380632319998875
"2955","beta_trend",6083,2949,0,0.380509963042825
"2956","beta_trend",6083,2950,0,0.380392592700249
"2957","beta_trend",6083,2951,0,0.380280156892024
"2958","beta_trend",6083,2952,0,0.380172600543773
"2959","beta_trend",6083,2953,0,0.380069865663799
"2960","beta_trend",6083,2954,0,0.379971891422576
"2961","beta_trend",6083,2955,0,0.37987861423372
"2962","beta_trend",6083,2956,0,0.379789967836348
"2963","beta_trend",6083,2957,0,0.379705883378735
"2964","beta_trend",6083,2958,0,0.379626289503177
"2965","beta_trend",6083,2959,0,0.379551112431973
"2966","beta_trend",6083,2960,0,0.37948027605444
"2967","beta_trend",6083,2961,0,0.379413702014862
"2968","beta_trend",6083,2962,0,0.379351309801295
"2969","beta_trend",6083,2963,0,0.379293016835137
"2970","beta_trend",6083,2964,0,0.379238738561373
"2971","beta_trend",6083,2965,0,0.379188388539404
"2972","beta_trend",6083,2966,0,0.379141878534396
"2973","beta_trend",6083,2967,0,0.379099118609028
"2974","beta_trend",6083,2968,0,0.379060017215592
"2975","beta_trend",6083,2969,0,0.379024481288335
"2976","beta_trend",6083,2970,0,0.37899241633597
"2977","beta_trend",6083,2971,0,0.378948323201415
"2978","beta_trend",6083,2972,0,0.378922201716422
"2979","beta_trend",6083,2973,0,0.378899229266148
"2980","beta_trend",6083,2974,0,0.378879305333206
"2981","beta_trend",6083,2975,0,0.378862328390525
"2982","beta_trend",6083,2976,0,0.378848195991682
"2983","beta_trend",6083,2977,0,0.378836804860811
"2984","beta_trend",6083,2978,0,0.378828050982026
"2985","beta_trend",6083,2979,0,0.378821829688289
"2986","beta_trend",6083,2980,0,0.378818035749651
"2987","beta_trend",6083,2981,0,0.378816563460787
"2988","beta_trend",6083,2982,0,0.378817306727784
"2989","beta_trend",6083,2983,0,0.378820159154091
"2990","beta_trend",6083,2984,0,0.378825014125588
"2991","beta_trend",6083,2985,0,0.378831764894698
"2992","beta_trend",6083,2986,0,0.378840304663501
"2993","beta_trend",6083,2987,0,0.378850526665773
"2994","beta_trend",6083,2988,0,0.37886232424791
"2995","beta_trend",6083,2989,0,0.378875590948676
"2996","beta_trend",6083,2990,0,0.37889022057773
"2997","beta_trend",6083,2991,0,0.378906107292872
"2998","beta_trend",6083,2992,0,0.378923145675973
"2999","beta_trend",6083,2993,0,0.378941230807539
"3000","beta_trend",6083,2994,0,0.37896025833986
"3001","beta_trend",6083,2995,0,0.378980124568712
"3002","beta_trend",6083,2996,0,0.379000726503568
"3003","beta_trend",6083,2997,0,0.379021961936278
"3004","beta_trend",6083,2998,0,0.379043729508194
"3005","beta_trend",6083,2999,0,0.379065928775689
"3006","beta_trend",6083,3000,0,0.37908846027406
"3007","beta_trend",6083,3001,0,0.379111225579768
"3008","beta_trend",6083,3002,0,0.379134127370999
"3009","beta_trend",6083,3003,0,0.379157069486519
"3010","beta_trend",6083,3004,0,0.379179956982792
"3011","beta_trend",6083,3005,0,0.379202696189359
"3012","beta_trend",6083,3006,0,0.37922519476244
"3013","beta_trend",6083,3007,0,0.379247361736748
"3014","beta_trend",6083,3008,0,0.379269107575509
"3015","beta_trend",6083,3009,0,0.379290344218667
"3016","beta_trend",6083,3010,0,0.379310985129258
"3017","beta_trend",6083,3011,0,0.379330945337961
"3018","beta_trend",6083,3012,0,0.3793501414858
"3019","beta_trend",6083,3013,0,0.379368491865008
"3020","beta_trend",6083,3014,0,0.379385916458038
"3021","beta_trend",6083,3015,0,0.379400483646444
"3022","beta_trend",6083,3016,0,0.379415905692026
"3023","beta_trend",6083,3017,0,0.3794301689501
"3024","beta_trend",6083,3018,0,0.379443200653478
"3025","beta_trend",6083,3019,0,0.379454929887556
"3026","beta_trend",6083,3020,0,0.37946528761844
"3027","beta_trend",6083,3021,0,0.379474206719241
"3028","beta_trend",6083,3022,0,0.379481621994551
"3029","beta_trend",6083,3023,0,0.379487470203125
"3030","beta_trend",6083,3024,0,0.379491690078765
"3031","beta_trend",6083,3025,0,0.379494222349438
"3032","beta_trend",6083,3026,0,0.379495009754629
"3033","beta_trend",6083,3027,0,0.37949399706096
"3034","beta_trend",6083,3028,0,0.379491131076089
"3035","beta_trend",6083,3029,0,0.379486360660907
"3036","beta_trend",6083,3030,0,0.37947963674006
"3037","beta_trend",6083,3031,0,0.37947091231082
"3038","beta_trend",6083,3032,0,0.37946014245032
"3039","beta_trend",6083,3033,0,0.379447284321194
"3040","beta_trend",6083,3034,0,0.37943229717563
"3041","beta_trend",6083,3035,0,0.379415142357886
"3042","beta_trend",6083,3036,0,0.379395783305275
"3043","beta_trend",6083,3037,0,0.379374185547662
"3044","beta_trend",6083,3038,0,0.379350316705506
"3045","beta_trend",6083,3039,0,0.379324146486468
"3046","beta_trend",6083,3040,0,0.37929564668062
"3047","beta_trend",6083,3041,0,0.379264791154299
"3048","beta_trend",6083,3042,0,0.379231555842626
"3049","beta_trend",6083,3043,0,0.379195918740727
"3050","beta_trend",6083,3044,0,0.379157859893699
"3051","beta_trend",6083,3045,0,0.379117361385351
"3052","beta_trend",6083,3046,0,0.379074407325749
"3053","beta_trend",6083,3047,0,0.379028983837622
"3054","beta_trend",6083,3048,0,0.378981079041639
"3055","beta_trend",6083,3049,0,0.378930683040619
"3056","beta_trend",6083,3050,0,0.378877787902694
"3057","beta_trend",6083,3051,0,0.378822387643478
"3058","beta_trend",6083,3052,0,0.378764478207264
"3059","beta_trend",6083,3053,0,0.378704057447301
"3060","beta_trend",6083,3054,0,0.378641125105187
"3061","beta_trend",6083,3055,0,0.378575682789408
"3062","beta_trend",6083,3056,0,0.378507733953076
"3063","beta_trend",6083,3057,0,0.378437283870888
"3064","beta_trend",6083,3058,0,0.378364339615367
"3065","beta_trend",6083,3059,0,0.3782889100324
"3066","beta_trend",6083,3060,0,0.378211005716128
"3067","beta_trend",6083,3061,0,0.378130638983222
"3068","beta_trend",6083,3062,0,0.37804782384658
"3069","beta_trend",6083,3063,0,0.377962575988492
"3070","beta_trend",6083,3064,0,0.3778749127333
"3071","beta_trend",6083,3065,0,0.377784853019599
"3072","beta_trend",6083,3066,0,0.377692417372016
"3073","beta_trend",6083,3067,0,0.37756797517785
"3074","beta_trend",6083,3068,0,0.377469487272767
"3075","beta_trend",6083,3069,0,0.377368634702688
"3076","beta_trend",6083,3070,0,0.377265441630421
"3077","beta_trend",6083,3071,0,0.377159933568587
"3078","beta_trend",6083,3072,0,0.377052137346616
"3079","beta_trend",6083,3073,0,0.376942081077496
"3080","beta_trend",6083,3074,0,0.376829794124285
"3081","beta_trend",6083,3075,0,0.376715307066439
"3082","beta_trend",6083,3076,0,0.376598651665971
"3083","beta_trend",6083,3077,0,0.376479860833477
"3084","beta_trend",6083,3078,0,0.376358968594063
"3085","beta_trend",6083,3079,0,0.376236010053197
"3086","beta_trend",6083,3080,0,0.37611102136251
"3087","beta_trend",6083,3081,0,0.375984039685585
"3088","beta_trend",6083,3082,0,0.375855103163753
"3089","beta_trend",6083,3083,0,0.375724250881924
"3090","beta_trend",6083,3084,0,0.375591522834474
"3091","beta_trend",6083,3085,0,0.375456959891224
"3092","beta_trend",6083,3086,0,0.375320603763521
"3093","beta_trend",6083,3087,0,0.375182496970458
"3094","beta_trend",6083,3088,0,0.375042682805237
"3095","beta_trend",6083,3089,0,0.374901205301718
"3096","beta_trend",6083,3090,0,0.374758109201158
"3097","beta_trend",6083,3091,0,0.374613439919168
"3098","beta_trend",6083,3092,0,0.374467243512903
"3099","beta_trend",6083,3093,0,0.374319566648503
"3100","beta_trend",6083,3094,0,0.374170456568813
"3101","beta_trend",6083,3095,0,0.374019961061375
"3102","beta_trend",6083,3096,0,0.373868128426735
"3103","beta_trend",6083,3097,0,0.37371500744706
"3104","beta_trend",6083,3098,0,0.373560647355087
"3105","beta_trend",6083,3099,0,0.373405097803416
"3106","beta_trend",6083,3100,0,0.373248408834161
"3107","beta_trend",6083,3101,0,0.373090630848966
"3108","beta_trend",6083,3102,0,0.372931814579397
"3109","beta_trend",6083,3103,0,0.37277201105773
"3110","beta_trend",6083,3104,0,0.372611271588129
"3111","beta_trend",6083,3105,0,0.372449647718229
"3112","beta_trend",6083,3106,0,0.372287191211135
"3113","beta_trend",6083,3107,0,0.37212395401784
"3114","beta_trend",6083,3108,0,0.371959988250065
"3115","beta_trend",6083,3109,0,0.371795346153531
"3116","beta_trend",6083,3110,0,0.371630080081667
"3117","beta_trend",6083,3111,0,0.371496873530686
"3118","beta_trend",6083,3112,0,0.371329072590523
"3119","beta_trend",6083,3113,0,0.371160865750029
"3120","beta_trend",6083,3114,0,0.370992303149209
"3121","beta_trend",6083,3115,0,0.370823434998179
"3122","beta_trend",6083,3116,0,0.370654311550646
"3123","beta_trend",6083,3117,0,0.370484983077918
"3124","beta_trend",6083,3118,0,0.370315499843433
"3125","beta_trend",6083,3119,0,0.370145912077819
"3126","beta_trend",6083,3120,0,0.369976269954463
"3127","beta_trend",6083,3121,0,0.369806623565594
"3128","beta_trend",6083,3122,0,0.369637022898877
"3129","beta_trend",6083,3123,0,0.369467517814504
"3130","beta_trend",6083,3124,0,0.369298158022783
"3131","beta_trend",6083,3125,0,0.369128993062212
"3132","beta_trend",6083,3126,0,0.368960072278043
"3133","beta_trend",6083,3127,0,0.368791444801309
"3134","beta_trend",6083,3128,0,0.368623159528326
"3135","beta_trend",6083,3129,0,0.368455265100645
"3136","beta_trend",6083,3130,0,0.368287809885466
"3137","beta_trend",6083,3131,0,0.368120841956473
"3138","beta_trend",6083,3132,0,0.36795440907512
"3139","beta_trend",6083,3133,0,0.367788558672326
"3140","beta_trend",6083,3134,0,0.367623337830584
"3141","beta_trend",6083,3135,0,0.367458793266473
"3142","beta_trend",6083,3136,0,0.367294971313565
"3143","beta_trend",6083,3137,0,0.367131917905705
"3144","beta_trend",6083,3138,0,0.366969678560664
"3145","beta_trend",6083,3139,0,0.366808298364161
"3146","beta_trend",6083,3140,0,0.366647821954216
"3147","beta_trend",6083,3141,0,0.36648829350586
"3148","beta_trend",6083,3142,0,0.366329756716155
"3149","beta_trend",6083,3143,0,0.366172254789544
"3150","beta_trend",6083,3144,0,0.366015830423493
"3151","beta_trend",6083,3145,0,0.365860525794441
"3152","beta_trend",6083,3146,0,0.365706382544017
"3153","beta_trend",6083,3147,0,0.365553441765541
"3154","beta_trend",6083,3148,0,0.365401743990778
"3155","beta_trend",6083,3149,0,0.365251329176949
"3156","beta_trend",6083,3150,0,0.365102236693974
"3157","beta_trend",6083,3151,0,0.364954505311949
"3158","beta_trend",6083,3152,0,0.364808173188838
"3159","beta_trend",6083,3153,0,0.364663277858375
"3160","beta_trend",6083,3154,0,0.364519856218162
"3161","beta_trend",6083,3155,0,0.364377944517961
"3162","beta_trend",6083,3156,0,0.364237578348153
"3163","beta_trend",6083,3157,0,0.36409879262838
"3164","beta_trend",6083,3158,0,0.363961621596339
"3165","beta_trend",6083,3159,0,0.363826098796727
"3166","beta_trend",6083,3160,0,0.363692257070337
"3167","beta_trend",6083,3161,0,0.363560128543279
"3168","beta_trend",6083,3162,0,0.363429744616338
"3169","beta_trend",6083,3163,0,0.363301135954444
"3170","beta_trend",6083,3164,0,0.363160937624909
"3171","beta_trend",6083,3165,0,0.363035351197928
"3172","beta_trend",6083,3166,0,0.362911600687363
"3173","beta_trend",6083,3167,0,0.362789712624463
"3174","beta_trend",6083,3168,0,0.362669712713144
"3175","beta_trend",6083,3169,0,0.362551625818705
"3176","beta_trend",6083,3170,0,0.362435475956595
"3177","beta_trend",6083,3171,0,0.362321286281213
"3178","beta_trend",6083,3172,0,0.362209079074748
"3179","beta_trend",6083,3173,0,0.362098875736047
"3180","beta_trend",6083,3174,0,0.361990696769506
"3181","beta_trend",6083,3175,0,0.361884561773994
"3182","beta_trend",6083,3176,0,0.361780489431797
"3183","beta_trend",6083,3177,0,0.361678497497581
"3184","beta_trend",6083,3178,0,0.361578602787377
"3185","beta_trend",6083,3179,0,0.361480821167591
"3186","beta_trend",6083,3180,0,0.361385167544027
"3187","beta_trend",6083,3181,0,0.361291655850936
"3188","beta_trend",6083,3182,0,0.36120029904009
"3189","beta_trend",6083,3183,0,0.361111109069875
"3190","beta_trend",6083,3184,0,0.361024096894415
"3191","beta_trend",6083,3185,0,0.360939272452724
"3192","beta_trend",6083,3186,0,0.360856644657899
"3193","beta_trend",6083,3187,0,0.36077622138634
"3194","beta_trend",6083,3188,0,0.360698009467028
"3195","beta_trend",6083,3189,0,0.360622014670836
"3196","beta_trend",6083,3190,0,0.360548241699908
"3197","beta_trend",6083,3191,0,0.360476694177095
"3198","beta_trend",6083,3192,0,0.360407374635461
"3199","beta_trend",6083,3193,0,0.360340284507862
"3200","beta_trend",6083,3194,0,0.36027542411662
"3201","beta_trend",6083,3195,0,0.360212792663279
"3202","beta_trend",6083,3196,0,0.360152388218478
"3203","beta_trend",6083,3197,0,0.360094207711928
"3204","beta_trend",6083,3198,0,0.360038246922522
"3205","beta_trend",6083,3199,0,0.359984500468576
"3206","beta_trend",6083,3200,0,0.359932961798222
"3207","beta_trend",6083,3201,0,0.359883623179959
"3208","beta_trend",6083,3202,0,0.359836475693379
"3209","beta_trend",6083,3203,0,0.359791509220081
"3210","beta_trend",6083,3204,0,0.359748712434783
"3211","beta_trend",6083,3205,0,0.359708072796653
"3212","beta_trend",6083,3206,0,0.359669576540867
"3213","beta_trend",6083,3207,0,0.359633208670418
"3214","beta_trend",6083,3208,0,0.359603587184301
"3215","beta_trend",6083,3209,0,0.359571220776391
"3216","beta_trend",6083,3210,0,0.35954093892236
"3217","beta_trend",6083,3211,0,0.359512721279226
"3218","beta_trend",6083,3212,0,0.359486546247555
"3219","beta_trend",6083,3213,0,0.359462390964679
"3220","beta_trend",6083,3214,0,0.359440231298276
"3221","beta_trend",6083,3215,0,0.359420041840359
"3222","beta_trend",6083,3216,0,0.359401795901669
"3223","beta_trend",6083,3217,0,0.3593854655065
"3224","beta_trend",6083,3218,0,0.359371021387983
"3225","beta_trend",6083,3219,0,0.359358432983827
"3226","beta_trend",6083,3220,0,0.359347668432559
"3227","beta_trend",6083,3221,0,0.359338694570273
"3228","beta_trend",6083,3222,0,0.359331476927898
"3229","beta_trend",6083,3223,0,0.359325979729031
"3230","beta_trend",6083,3224,0,0.359322165888322
"3231","beta_trend",6083,3225,0,0.359319997010462
"3232","beta_trend",6083,3226,0,0.359319433389769
"3233","beta_trend",6083,3227,0,0.359320434010413
"3234","beta_trend",6083,3228,0,0.359322956547286
"3235","beta_trend",6083,3229,0,0.359326957367543
"3236","beta_trend",6083,3230,0,0.359332391532834
"3237","beta_trend",6083,3231,0,0.359339212802247
"3238","beta_trend",6083,3232,0,0.359347373635981
"3239","beta_trend",6083,3233,0,0.35935682519977
"3240","beta_trend",6083,3234,0,0.359367517370081
"3241","beta_trend",6083,3235,0,0.359379398740094
"3242","beta_trend",6083,3236,0,0.359392416626502
"3243","beta_trend",6083,3237,0,0.359406517077132
"3244","beta_trend",6083,3238,0,0.359421644879418
"3245","beta_trend",6083,3239,0,0.359437743569741
"3246","beta_trend",6083,3240,0,0.359454755443647
"3247","beta_trend",6083,3241,0,0.359472621566981
"3248","beta_trend",6083,3242,0,0.359491281787924
"3249","beta_trend",6083,3243,0,0.359510674749984
"3250","beta_trend",6083,3244,0,0.35953073790593
"3251","beta_trend",6083,3245,0,0.359551407532701
"3252","beta_trend",6083,3246,0,0.359572618747299
"3253","beta_trend",6083,3247,0,0.359594305523683
"3254","beta_trend",6083,3248,0,0.359616400710686
"3255","beta_trend",6083,3249,0,0.359638836050945
"3256","beta_trend",6083,3250,0,0.359661542200895
"3257","beta_trend",6083,3251,0,0.359684448751801
"3258","beta_trend",6083,3252,0,0.359707484251866
"3259","beta_trend",6083,3253,0,0.359730576229421
"3260","beta_trend",6083,3254,0,0.359753651217196
"3261","beta_trend",6083,3255,0,0.359776634777697
"3262","beta_trend",6083,3256,0,0.35979945152969
"3263","beta_trend",6083,3257,0,0.359822025175801
"3264","beta_trend",6083,3258,0,0.359844278531237
"3265","beta_trend",6083,3259,0,0.359866133553643
"3266","beta_trend",6083,3260,0,0.359887511374094
"3267","beta_trend",6083,3261,0,0.359870678189499
"3268","beta_trend",6083,3262,0,0.359889128660649
"3269","beta_trend",6083,3263,0,0.359906785474807
"3270","beta_trend",6083,3264,0,0.359923563745761
"3271","beta_trend",6083,3265,0,0.359939377819861
"3272","beta_trend",6083,3266,0,0.359954141310149
"3273","beta_trend",6083,3267,0,0.359967767131521
"3274","beta_trend",6083,3268,0,0.359980167536934
"3275","beta_trend",6083,3269,0,0.359991254154644
"3276","beta_trend",6083,3270,0,0.360000938026469
"3277","beta_trend",6083,3271,0,0.360009129647068
"3278","beta_trend",6083,3272,0,0.360015739004227
"3279","beta_trend",6083,3273,0,0.360020675620148
"3280","beta_trend",6083,3274,0,0.360023848593722
"3281","beta_trend",6083,3275,0,0.360025166643771
"3282","beta_trend",6083,3276,0,0.360024538153255
"3283","beta_trend",6083,3277,0,0.360021871214422
"3284","beta_trend",6083,3278,0,0.36001707367489
"3285","beta_trend",6083,3279,0,0.36001005318463
"3286","beta_trend",6083,3280,0,0.360000717243855
"3287","beta_trend",6083,3281,0,0.359988973251765
"3288","beta_trend",6083,3282,0,0.359974728556162
"3289","beta_trend",6083,3283,0,0.359957890503875
"3290","beta_trend",6083,3284,0,0.359938366492005
"3291","beta_trend",6083,3285,0,0.359916064019938
"3292","beta_trend",6083,3286,0,0.359890890742123
"3293","beta_trend",6083,3287,0,0.359862754521571
"3294","beta_trend",6083,3288,0,0.35983156348405
"3295","beta_trend",6083,3289,0,0.359797226072956
"3296","beta_trend",6083,3290,0,0.359759651104815
"3297","beta_trend",6083,3291,0,0.359718747825397
"3298","beta_trend",6083,3292,0,0.359674425966397
"3299","beta_trend",6083,3293,0,0.359626595802656
"3300","beta_trend",6083,3294,0,0.35957516820989
"3301","beta_trend",6083,3295,0,0.359520054722876
"3302","beta_trend",6083,3296,0,0.359461167594076
"3303","beta_trend",6083,3297,0,0.359398419852641
"3304","beta_trend",6083,3298,0,0.359331725363776
"3305","beta_trend",6083,3299,0,0.359260998888405
"3306","beta_trend",6083,3300,0,0.359186156143104
"3307","beta_trend",6083,3301,0,0.359107113860268
"3308","beta_trend",6083,3302,0,0.359023789848447
"3309","beta_trend",6083,3303,0,0.358936103052822
"3310","beta_trend",6083,3304,0,0.358868134684087
"3311","beta_trend",6083,3305,0,0.358770414737089
"3312","beta_trend",6083,3306,0,0.358668141145192
"3313","beta_trend",6083,3307,0,0.358561236236937
"3314","beta_trend",6083,3308,0,0.358449623844865
"3315","beta_trend",6083,3309,0,0.358333229363681
"3316","beta_trend",6083,3310,0,0.358211979808291
"3317","beta_trend",6083,3311,0,0.358085803871641
"3318","beta_trend",6083,3312,0,0.357954631982313
"3319","beta_trend",6083,3313,0,0.357818396361827
"3320","beta_trend",6083,3314,0,0.357677031081584
"3321","beta_trend",6083,3315,0,0.357530472119413
"3322","beta_trend",6083,3316,0,0.357378657415645
"3323","beta_trend",6083,3317,0,0.357221526928684
"3324","beta_trend",6083,3318,0,0.357059022690001
"3325","beta_trend",6083,3319,0,0.356891088858495
"3326","beta_trend",6083,3320,0,0.356717671774188
"3327","beta_trend",6083,3321,0,0.356538720011163
"3328","beta_trend",6083,3322,0,0.35635418442972
"3329","beta_trend",6083,3323,0,0.356164018227679
"3330","beta_trend",6083,3324,0,0.35596817699077
"3331","beta_trend",6083,3325,0,0.355766618742068
"3332","beta_trend",6083,3326,0,0.355559303990409
"3333","beta_trend",6083,3327,0,0.355346195777723
"3334","beta_trend",6083,3328,0,0.355127259725249
"3335","beta_trend",6083,3329,0,0.354902464078557
"3336","beta_trend",6083,3330,0,0.354671779751335
"3337","beta_trend",6083,3331,0,0.354435180367878
"3338","beta_trend",6083,3332,0,0.35419264230423
"3339","beta_trend",6083,3333,0,0.353944144727931
"3340","beta_trend",6083,3334,0,0.353689669636301
"3341","beta_trend",6083,3335,0,0.353429201893225
"3342","beta_trend",6083,3336,0,0.353162729264373
"3343","beta_trend",6083,3337,0,0.352890242450824
"3344","beta_trend",6083,3338,0,0.352611735121019
"3345","beta_trend",6083,3339,0,0.352327203941019
"3346","beta_trend",6083,3340,0,0.352036648603001
"3347","beta_trend",6083,3341,0,0.351740071851956
"3348","beta_trend",6083,3342,0,0.351437479510541
"3349","beta_trend",6083,3343,0,0.351128880502041
"3350","beta_trend",6083,3344,0,0.350814286871388
"3351","beta_trend",6083,3345,0,0.350493713804218
"3352","beta_trend",6083,3346,0,0.350167179643896
"3353","beta_trend",6083,3347,0,0.349834705906492
"3354","beta_trend",6083,3348,0,0.34949631729366
"3355","beta_trend",6083,3349,0,0.349152041703389
"3356","beta_trend",6083,3350,0,0.348801910238582
"3357","beta_trend",6083,3351,0,0.348445957213441
"3358","beta_trend",6083,3352,0,0.348084220157617
"3359","beta_trend",6083,3353,0,0.347716739818102
"3360","beta_trend",6083,3354,0,0.347343560158833
"3361","beta_trend",6083,3355,0,0.346964728357976
"3362","beta_trend",6083,3356,0,0.346580294802873
"3363","beta_trend",6083,3357,0,0.346172709615679
"3364","beta_trend",6083,3358,0,0.345776425167848
"3365","beta_trend",6083,3359,0,0.345374674034913
"3366","beta_trend",6083,3360,0,0.344967517913513
"3367","beta_trend",6083,3361,0,0.344555021595218
"3368","beta_trend",6083,3362,0,0.344137252945275
"3369","beta_trend",6083,3363,0,0.343714282878843
"3370","beta_trend",6083,3364,0,0.343286185334711
"3371","beta_trend",6083,3365,0,0.342853037246501
"3372","beta_trend",6083,3366,0,0.342414918511349
"3373","beta_trend",6083,3367,0,0.341971911956049
"3374","beta_trend",6083,3368,0,0.341524103300683
"3375","beta_trend",6083,3369,0,0.341071581119716
"3376","beta_trend",6083,3370,0,0.340614436800582
"3377","beta_trend",6083,3371,0,0.340152764499747
"3378","beta_trend",6083,3372,0,0.339686661096283
"3379","beta_trend",6083,3373,0,0.339216226142939
"3380","beta_trend",6083,3374,0,0.338741561814749
"3381","beta_trend",6083,3375,0,0.338262772855171
"3382","beta_trend",6083,3376,0,0.337779966519798
"3383","beta_trend",6083,3377,0,0.337293252517646
"3384","beta_trend",6083,3378,0,0.336802742950049
"3385","beta_trend",6083,3379,0,0.336308552247199
"3386","beta_trend",6083,3380,0,0.33581079710234
"3387","beta_trend",6083,3381,0,0.335309596403665
"3388","beta_trend",6083,3382,0,0.334805071163948
"3389","beta_trend",6083,3383,0,0.334297344447934
"3390","beta_trend",6083,3384,0,0.333786541297553
"3391","beta_trend",6083,3385,0,0.333272788654971
"3392","beta_trend",6083,3386,0,0.332756215283547
"3393","beta_trend",6083,3387,0,0.332236951686722
"3394","beta_trend",6083,3388,0,0.331715130024913
"3395","beta_trend",6083,3389,0,0.331190884030436
"3396","beta_trend",6083,3390,0,0.330664348920539
"3397","beta_trend",6083,3391,0,0.330135661308584
"3398","beta_trend",6083,3392,0,0.329604959113443
"3399","beta_trend",6083,3393,0,0.32907238146717
"3400","beta_trend",6083,3394,0,0.328538068621008
"3401","beta_trend",6083,3395,0,0.328002161849803
"3402","beta_trend",6083,3396,0,0.32746480335489
"3403","beta_trend",6083,3397,0,0.326926136165516
"3404","beta_trend",6083,3398,0,0.326386304038883
"3405","beta_trend",6083,3399,0,0.325845451358871
"3406","beta_trend",6083,3400,0,0.325303723033533
"3407","beta_trend",6083,3401,0,0.324776296083025
"3408","beta_trend",6083,3402,0,0.324232586770603
"3409","beta_trend",6083,3403,0,0.32368846662776
"3410","beta_trend",6083,3404,0,0.323144080507337
"3411","beta_trend",6083,3405,0,0.322599573298447
"3412","beta_trend",6083,3406,0,0.322055089816904
"3413","beta_trend",6083,3407,0,0.32151077469505
"3414","beta_trend",6083,3408,0,0.32096677227105
"3415","beta_trend",6083,3409,0,0.320423226477745
"3416","beta_trend",6083,3410,0,0.319880280731174
"3417","beta_trend",6083,3411,0,0.31933807781883
"3418","beta_trend",6083,3412,0,0.318796759787774
"3419","beta_trend",6083,3413,0,0.318256467832672
"3420","beta_trend",6083,3414,0,0.317717342183874
"3421","beta_trend",6083,3415,0,0.317179521995627
"3422","beta_trend",6083,3416,0,0.316643145234506
"3423","beta_trend",6083,3417,0,0.316108348568182
"3424","beta_trend",6083,3418,0,0.315575267254616
"3425","beta_trend",6083,3419,0,0.315044035031773
"3426","beta_trend",6083,3420,0,0.314514784007975
"3427","beta_trend",6083,3421,0,0.313987644552969
"3428","beta_trend",6083,3422,0,0.313462745189832
"3429","beta_trend",6083,3423,0,0.312940212487807
"3430","beta_trend",6083,3424,0,0.312420170956168
"3431","beta_trend",6083,3425,0,0.311902742939219
"3432","beta_trend",6083,3426,0,0.311388048512526
"3433","beta_trend",6083,3427,0,0.310876205380485
"3434","beta_trend",6083,3428,0,0.310367328775334
"3435","beta_trend",6083,3429,0,0.309861531357685
"3436","beta_trend",6083,3430,0,0.309358923118713
"3437","beta_trend",6083,3431,0,0.308859611284061
"3438","beta_trend",6083,3432,0,0.308363700219595
"3439","beta_trend",6083,3433,0,0.307871291339081
"3440","beta_trend",6083,3434,0,0.307382483013896
"3441","beta_trend",6083,3435,0,0.306897370484863
"3442","beta_trend",6083,3436,0,0.306416045776301
"3443","beta_trend",6083,3437,0,0.305938597612396
"3444","beta_trend",6083,3438,0,0.305465111335967
"3445","beta_trend",6083,3439,0,0.304995668829735
"3446","beta_trend",6083,3440,0,0.304530348440172
"3447","beta_trend",6083,3441,0,0.30406922490403
"3448","beta_trend",6083,3442,0,0.303612369277612
"3449","beta_trend",6083,3443,0,0.303159848868905
"3450","beta_trend",6083,3444,0,0.30271172717262
"3451","beta_trend",6083,3445,0,0.302268063808249
"3452","beta_trend",6083,3446,0,0.301828914461194
"3453","beta_trend",6083,3447,0,0.301394330827057
"3454","beta_trend",6083,3448,0,0.300964360559169
"3455","beta_trend",6083,3449,0,0.300539047219404
"3456","beta_trend",6083,3450,0,0.300118430232385
"3457","beta_trend",6083,3451,0,0.299702544843106
"3458","beta_trend",6083,3452,0,0.299291422078073
"3459","beta_trend",6083,3453,0,0.298885088709989
"3460","beta_trend",6083,3454,0,0.298447486502556
"3461","beta_trend",6083,3455,0,0.298049134106664
"3462","beta_trend",6083,3456,0,0.297655553513422
"3463","beta_trend",6083,3457,0,0.297266751282697
"3464","beta_trend",6083,3458,0,0.29688272949103
"3465","beta_trend",6083,3459,0,0.296503485715227
"3466","beta_trend",6083,3460,0,0.29612901301973
"3467","beta_trend",6083,3461,0,0.295759299947845
"3468","beta_trend",6083,3462,0,0.295394330516824
"3469","beta_trend",6083,3463,0,0.295034084216844
"3470","beta_trend",6083,3464,0,0.29467853601391
"3471","beta_trend",6083,3465,0,0.294327656356693
"3472","beta_trend",6083,3466,0,0.293981411187321
"3473","beta_trend",6083,3467,0,0.293639761956144
"3474","beta_trend",6083,3468,0,0.29330266564048
"3475","beta_trend",6083,3469,0,0.292970074767333
"3476","beta_trend",6083,3470,0,0.292641937440118
"3477","beta_trend",6083,3471,0,0.292318197369353
"3478","beta_trend",6083,3472,0,0.291998793907343
"3479","beta_trend",6083,3473,0,0.291683662086829
"3480","beta_trend",6083,3474,0,0.291372732663602
"3481","beta_trend",6083,3475,0,0.291065932163056
"3482","beta_trend",6083,3476,0,0.290763182930659
"3483","beta_trend",6083,3477,0,0.290464403186331
"3484","beta_trend",6083,3478,0,0.290169507082686
"3485","beta_trend",6083,3479,0,0.28987840476711
"3486","beta_trend",6083,3480,0,0.28959100244765
"3487","beta_trend",6083,3481,0,0.28930720246266
"3488","beta_trend",6083,3482,0,0.289026903354169
"3489","beta_trend",6083,3483,0,0.288749999944923
"3490","beta_trend",6083,3484,0,0.288476383419051
"3491","beta_trend",6083,3485,0,0.288205941406301
"3492","beta_trend",6083,3486,0,0.287938558069781
"3493","beta_trend",6083,3487,0,0.287674114197162
"3494","beta_trend",6083,3488,0,0.28741248729525
"3495","beta_trend",6083,3489,0,0.287153551687889
"3496","beta_trend",6083,3490,0,0.286897178617098
"3497","beta_trend",6083,3491,0,0.286643236347379
"3498","beta_trend",6083,3492,0,0.286391590273122
"3499","beta_trend",6083,3493,0,0.286142103029004
"3500","beta_trend",6083,3494,0,0.285894634603321
"3501","beta_trend",6083,3495,0,0.285649042454151
"3502","beta_trend",6083,3496,0,0.285405181628252
"3503","beta_trend",6083,3497,0,0.285181385074107
"3504","beta_trend",6083,3498,0,0.28493972523654
"3505","beta_trend",6083,3499,0,0.284699382940352
"3506","beta_trend",6083,3500,0,0.284460203474956
"3507","beta_trend",6083,3501,0,0.284222030400025
"3508","beta_trend",6083,3502,0,0.283984705677128
"3509","beta_trend",6083,3503,0,0.283748069803424
"3510","beta_trend",6083,3504,0,0.283511961947305
"3511","beta_trend",6083,3505,0,0.283276220085879
"3512","beta_trend",6083,3506,0,0.283040681144162
"3513","beta_trend",6083,3507,0,0.28280518113586
"3514","beta_trend",6083,3508,0,0.282569555305628
"3515","beta_trend",6083,3509,0,0.282333638272668
"3516","beta_trend",6083,3510,0,0.282097264175538
"3517","beta_trend",6083,3511,0,0.281860266818063
"3518","beta_trend",6083,3512,0,0.281622479816186
"3519","beta_trend",6083,3513,0,0.281383736745659
"3520","beta_trend",6083,3514,0,0.28114387129042
"3521","beta_trend",6083,3515,0,0.280902717391531
"3522","beta_trend",6083,3516,0,0.280660109396534
"3523","beta_trend",6083,3517,0,0.280415882209106
"3524","beta_trend",6083,3518,0,0.280169871438851
"3525","beta_trend",6083,3519,0,0.279921913551115
"3526","beta_trend",6083,3520,0,0.279671846016669
"3527","beta_trend",6083,3521,0,0.279419507461138
"3528","beta_trend",6083,3522,0,0.279164737814013
"3529","beta_trend",6083,3523,0,0.278907378457141
"3530","beta_trend",6083,3524,0,0.278647272372519
"3531","beta_trend",6083,3525,0,0.278384264289279
"3532","beta_trend",6083,3526,0,0.278118200829717
"3533","beta_trend",6083,3527,0,0.277848930654223
"3534","beta_trend",6083,3528,0,0.277576304604986
"3535","beta_trend",6083,3529,0,0.277300175848326
"3536","beta_trend",6083,3530,0,0.277020400015529
"3537","beta_trend",6083,3531,0,0.276736835342037
"3538","beta_trend",6083,3532,0,0.276449342804877
"3539","beta_trend",6083,3533,0,0.276157786258175
"3540","beta_trend",6083,3534,0,0.275862032566648
"3541","beta_trend",6083,3535,0,0.275561951736925
"3542","beta_trend",6083,3536,0,0.275257417046578
"3543","beta_trend",6083,3537,0,0.274948305170744
"3544","beta_trend",6083,3538,0,0.274634496306196
"3545","beta_trend",6083,3539,0,0.274315874292765
"3546","beta_trend",6083,3540,0,0.27399232673197
"3547","beta_trend",6083,3541,0,0.273663745102756
"3548","beta_trend",6083,3542,0,0.273330024874217
"3549","beta_trend",6083,3543,0,0.2729910656152
"3550","beta_trend",6083,3544,0,0.272646771100664
"3551","beta_trend",6083,3545,0,0.27229704941471
"3552","beta_trend",6083,3546,0,0.271941813050157
"3553","beta_trend",6083,3547,0,0.271580979004583
"3554","beta_trend",6083,3548,0,0.271214468872716
"3555","beta_trend",6083,3549,0,0.270842208935094
"3556","beta_trend",6083,3550,0,0.270439533741257
"3557","beta_trend",6083,3551,0,0.270054438409162
"3558","beta_trend",6083,3552,0,0.269663351774201
"3559","beta_trend",6083,3553,0,0.269266217670937
"3560","beta_trend",6083,3554,0,0.268862984929612
"3561","beta_trend",6083,3555,0,0.268453607438144
"3562","beta_trend",6083,3556,0,0.268038044199749
"3563","beta_trend",6083,3557,0,0.267616259386141
"3564","beta_trend",6083,3558,0,0.267188222386239
"3565","beta_trend",6083,3559,0,0.266753907850317
"3566","beta_trend",6083,3560,0,0.266313295729564
"3567","beta_trend",6083,3561,0,0.265866371310978
"3568","beta_trend",6083,3562,0,0.265413125247572
"3569","beta_trend",6083,3563,0,0.264953553583842
"3570","beta_trend",6083,3564,0,0.264487657776457
"3571","beta_trend",6083,3565,0,0.264015444710152
"3572","beta_trend",6083,3566,0,0.26353692670878
"3573","beta_trend",6083,3567,0,0.263052121541519
"3574","beta_trend",6083,3568,0,0.262561052424206
"3575","beta_trend",6083,3569,0,0.262063748015783
"3576","beta_trend",6083,3570,0,0.261560242409854
"3577","beta_trend",6083,3571,0,0.261050575121347
"3578","beta_trend",6083,3572,0,0.260534791068279
"3579","beta_trend",6083,3573,0,0.260012940548633
"3580","beta_trend",6083,3574,0,0.259485079212359
"3581","beta_trend",6083,3575,0,0.258951268028508
"3582","beta_trend",6083,3576,0,0.258411573247526
"3583","beta_trend",6083,3577,0,0.257866066358735
"3584","beta_trend",6083,3578,0,0.257314824043017
"3585","beta_trend",6083,3579,0,0.256757928120749
"3586","beta_trend",6083,3580,0,0.256195465495026
"3587","beta_trend",6083,3581,0,0.255627528090207
"3588","beta_trend",6083,3582,0,0.255054212785841
"3589","beta_trend",6083,3583,0,0.254475621346026
"3590","beta_trend",6083,3584,0,0.253891860344248
"3591","beta_trend",6083,3585,0,0.253303041083776
"3592","beta_trend",6083,3586,0,0.252709279513669
"3593","beta_trend",6083,3587,0,0.252110696140466
"3594","beta_trend",6083,3588,0,0.25150741593565
"3595","beta_trend",6083,3589,0,0.250899568238932
"3596","beta_trend",6083,3590,0,0.250287286657478
"3597","beta_trend",6083,3591,0,0.249670708961134
"3598","beta_trend",6083,3592,0,0.249049976973762
"3599","beta_trend",6083,3593,0,0.248425236460772
"3600","beta_trend",6083,3594,0,0.2478152249154
"3601","beta_trend",6083,3595,0,0.247182096362587
"3602","beta_trend",6083,3596,0,0.246545453650811
"3603","beta_trend",6083,3597,0,0.245905455748807
"3604","beta_trend",6083,3598,0,0.245262265001025
"3605","beta_trend",6083,3599,0,0.244616046992914
"3606","beta_trend",6083,3600,0,0.243966970413229
"3607","beta_trend",6083,3601,0,0.243315206913475
"3608","beta_trend",6083,3602,0,0.242660930964612
"3609","beta_trend",6083,3603,0,0.242004319711165
"3610","beta_trend",6083,3604,0,0.241345552822853
"3611","beta_trend",6083,3605,0,0.240684812343877
"3612","beta_trend",6083,3606,0,0.240022282540011
"3613","beta_trend",6083,3607,0,0.239358149743622
"3614","beta_trend",6083,3608,0,0.238692602196772
"3615","beta_trend",6083,3609,0,0.238025829892536
"3616","beta_trend",6083,3610,0,0.237358024414692
"3617","beta_trend",6083,3611,0,0.236689378775915
"3618","beta_trend",6083,3612,0,0.236020087254646
"3619","beta_trend",6083,3613,0,0.235350345230761
"3620","beta_trend",6083,3614,0,0.234680349020211
"3621","beta_trend",6083,3615,0,0.234010295708784
"3622","beta_trend",6083,3616,0,0.233340382985129
"3623","beta_trend",6083,3617,0,0.232670808973219
"3624","beta_trend",6083,3618,0,0.232001772064393
"3625","beta_trend",6083,3619,0,0.231333470749135
"3626","beta_trend",6083,3620,0,0.230666103448759
"3627","beta_trend",6083,3621,0,0.229999868347148
"3628","beta_trend",6083,3622,0,0.229334963222701
"3629","beta_trend",6083,3623,0,0.228671585280659
"3630","beta_trend",6083,3624,0,0.228009930985959
"3631","beta_trend",6083,3625,0,0.227350195896772
"3632","beta_trend",6083,3626,0,0.226692574498887
"3633","beta_trend",6083,3627,0,0.226037260041101
"3634","beta_trend",6083,3628,0,0.225384444371755
"3635","beta_trend",6083,3629,0,0.22473431777659
"3636","beta_trend",6083,3630,0,0.224087068818065
"3637","beta_trend",6083,3631,0,0.223442884176296
"3638","beta_trend",6083,3632,0,0.222801948491756
"3639","beta_trend",6083,3633,0,0.222164444209905
"3640","beta_trend",6083,3634,0,0.221530551427876
"3641","beta_trend",6083,3635,0,0.220900447743384
"3642","beta_trend",6083,3636,0,0.22027430810598
"3643","beta_trend",6083,3637,0,0.219652304670823
"3644","beta_trend",6083,3638,0,0.219034606655069
"3645","beta_trend",6083,3639,0,0.218421380197056
"3646","beta_trend",6083,3640,0,0.217812788218389
"3647","beta_trend",6083,3641,0,0.217208990289077
"3648","beta_trend",6083,3642,0,0.21661014249584
"3649","beta_trend",6083,3643,0,0.216016397313715
"3650","beta_trend",6083,3644,0,0.215427903481093
"3651","beta_trend",6083,3645,0,0.214844805878294
"3652","beta_trend",6083,3646,0,0.214267245409807
"3653","beta_trend",6083,3647,0,0.213657117603272
"3654","beta_trend",6083,3648,0,0.213089277005559
"3655","beta_trend",6083,3649,0,0.212527294852875
"3656","beta_trend",6083,3650,0,0.211971291952189
"3657","beta_trend",6083,3651,0,0.211421384489744
"3658","beta_trend",6083,3652,0,0.210877683933715
"3659","beta_trend",6083,3653,0,0.210340296941153
"3660","beta_trend",6083,3654,0,0.209809325269281
"3661","beta_trend",6083,3655,0,0.209284865691223
"3662","beta_trend",6083,3656,0,0.208767009916261
"3663","beta_trend",6083,3657,0,0.208255844514666
"3664","beta_trend",6083,3658,0,0.207751450847194
"3665","beta_trend",6083,3659,0,0.207253904999289
"3666","beta_trend",6083,3660,0,0.206763277720071
"3667","beta_trend",6083,3661,0,0.206279634366146
"3668","beta_trend",6083,3662,0,0.205803034850299
"3669","beta_trend",6083,3663,0,0.205333533595104
"3670","beta_trend",6083,3664,0,0.204871179491501
"3671","beta_trend",6083,3665,0,0.204416015862367
"3672","beta_trend",6083,3666,0,0.20396808043111
"3673","beta_trend",6083,3667,0,0.203527405295325
"3674","beta_trend",6083,3668,0,0.203094016905504
"3675","beta_trend",6083,3669,0,0.202667936048851
"3676","beta_trend",6083,3670,0,0.202249177838178
"3677","beta_trend",6083,3671,0,0.201837751705914
"3678","beta_trend",6083,3672,0,0.201433661403207
"3679","beta_trend",6083,3673,0,0.201036905004132
"3680","beta_trend",6083,3674,0,0.20064747491498
"3681","beta_trend",6083,3675,0,0.200265357888626
"3682","beta_trend",6083,3676,0,0.199890535043949
"3683","beta_trend",6083,3677,0,0.199522981890276
"3684","beta_trend",6083,3678,0,0.199162668356842
"3685","beta_trend",6083,3679,0,0.198809558827203
"3686","beta_trend",6083,3680,0,0.198463612178581
"3687","beta_trend",6083,3681,0,0.198124781826103
"3688","beta_trend",6083,3682,0,0.197793015771863
"3689","beta_trend",6083,3683,0,0.197468256658782
"3690","beta_trend",6083,3684,0,0.197150441829186
"3691","beta_trend",6083,3685,0,0.196839503388056
"3692","beta_trend",6083,3686,0,0.196535368270876
"3693","beta_trend",6083,3687,0,0.196237958316008
"3694","beta_trend",6083,3688,0,0.195947190341524
"3695","beta_trend",6083,3689,0,0.195662976226414
"3696","beta_trend",6083,3690,0,0.195405031085764
"3697","beta_trend",6083,3691,0,0.195132764577473
"3698","beta_trend",6083,3692,0,0.194866795581592
"3699","beta_trend",6083,3693,0,0.194607015668178
"3700","beta_trend",6083,3694,0,0.194353311989709
"3701","beta_trend",6083,3695,0,0.194105567384916
"3702","beta_trend",6083,3696,0,0.193863660486379
"3703","beta_trend",6083,3697,0,0.193627465831776
"3704","beta_trend",6083,3698,0,0.193396853978672
"3705","beta_trend",6083,3699,0,0.193171691622727
"3706","beta_trend",6083,3700,0,0.192951841719213
"3707","beta_trend",6083,3701,0,0.192737163607705
"3708","beta_trend",6083,3702,0,0.192527513139827
"3709","beta_trend",6083,3703,0,0.192322742809931
"3710","beta_trend",6083,3704,0,0.192122701888564
"3711","beta_trend",6083,3705,0,0.191927236558601
"3712","beta_trend",6083,3706,0,0.191736190053904
"3713","beta_trend",6083,3707,0,0.191549402800375
"3714","beta_trend",6083,3708,0,0.191366712559256
"3715","beta_trend",6083,3709,0,0.191187954572539
"3716","beta_trend",6083,3710,0,0.191012961710341
"3717","beta_trend",6083,3711,0,0.19084156462011
"3718","beta_trend",6083,3712,0,0.190673591877493
"3719","beta_trend",6083,3713,0,0.19050887013875
"3720","beta_trend",6083,3714,0,0.190347224294533
"3721","beta_trend",6083,3715,0,0.190188477624914
"3722","beta_trend",6083,3716,0,0.190032451955484
"3723","beta_trend",6083,3717,0,0.189878967814386
"3724","beta_trend",6083,3718,0,0.189727844590139
"3725","beta_trend",6083,3719,0,0.189578900690078
"3726","beta_trend",6083,3720,0,0.18943195369929
"3727","beta_trend",6083,3721,0,0.189286820539859
"3728","beta_trend",6083,3722,0,0.189143317630308
"3729","beta_trend",6083,3723,0,0.189001261045049
"3730","beta_trend",6083,3724,0,0.188860466673723
"3731","beta_trend",6083,3725,0,0.188720750380257
"3732","beta_trend",6083,3726,0,0.188581928161501
"3733","beta_trend",6083,3727,0,0.188443816305295
"3734","beta_trend",6083,3728,0,0.188306231547813
"3735","beta_trend",6083,3729,0,0.188168991230053
"3736","beta_trend",6083,3730,0,0.188031913453308
"3737","beta_trend",6083,3731,0,0.187894817233488
"3738","beta_trend",6083,3732,0,0.187757522654157
"3739","beta_trend",6083,3733,0,0.187619851018126
"3740","beta_trend",6083,3734,0,0.187481624997487
"3741","beta_trend",6083,3735,0,0.187342668781931
"3742","beta_trend",6083,3736,0,0.187202808225239
"3743","beta_trend",6083,3737,0,0.187061870989791
"3744","beta_trend",6083,3738,0,0.186919686688984
"3745","beta_trend",6083,3739,0,0.186776087027424
"3746","beta_trend",6083,3740,0,0.18663090593877
"3747","beta_trend",6083,3741,0,0.186483979721105
"3748","beta_trend",6083,3742,0,0.186335147169729
"3749","beta_trend",6083,3743,0,0.186155288100705
"3750","beta_trend",6083,3744,0,0.186000834744792
"3751","beta_trend",6083,3745,0,0.185843949668089
"3752","beta_trend",6083,3746,0,0.18568448057347
"3753","beta_trend",6083,3747,0,0.185522278194705
"3754","beta_trend",6083,3748,0,0.185357196408532
"3755","beta_trend",6083,3749,0,0.185189092343318
"3756","beta_trend",6083,3750,0,0.185017826484237
"3757","beta_trend",6083,3751,0,0.184843262774861
"3758","beta_trend",6083,3752,0,0.184665268715089
"3759","beta_trend",6083,3753,0,0.184483715455323
"3760","beta_trend",6083,3754,0,0.184298477886833
"3761","beta_trend",6083,3755,0,0.18410943472821
"3762","beta_trend",6083,3756,0,0.183916468607872
"3763","beta_trend",6083,3757,0,0.183719466142536
"3764","beta_trend",6083,3758,0,0.183518318011594
"3765","beta_trend",6083,3759,0,0.183312919027362
"3766","beta_trend",6083,3760,0,0.183103168201124
"3767","beta_trend",6083,3761,0,0.182888968804936
"3768","beta_trend",6083,3762,0,0.182670228429154
"3769","beta_trend",6083,3763,0,0.182446859035632
"3770","beta_trend",6083,3764,0,0.182218777006573
"3771","beta_trend",6083,3765,0,0.181985903188992
"3772","beta_trend",6083,3766,0,0.181748162934777
"3773","beta_trend",6083,3767,0,0.181505486136315
"3774","beta_trend",6083,3768,0,0.181257807257686
"3775","beta_trend",6083,3769,0,0.181005065361391
"3776","beta_trend",6083,3770,0,0.180747204130637
"3777","beta_trend",6083,3771,0,0.180484171887144
"3778","beta_trend",6083,3772,0,0.180215921604507
"3779","beta_trend",6083,3773,0,0.179942410917101
"3780","beta_trend",6083,3774,0,0.17966360212455
"3781","beta_trend",6083,3775,0,0.179379462191772
"3782","beta_trend",6083,3776,0,0.179089962744625
"3783","beta_trend",6083,3777,0,0.178795080061174
"3784","beta_trend",6083,3778,0,0.178494795058612
"3785","beta_trend",6083,3779,0,0.178189093275868
"3786","beta_trend",6083,3780,0,0.177877964851943
"3787","beta_trend",6083,3781,0,0.177561404500008
"3788","beta_trend",6083,3782,0,0.17723941147732
"3789","beta_trend",6083,3783,0,0.176911989551003
"3790","beta_trend",6083,3784,0,0.176579146959742
"3791","beta_trend",6083,3785,0,0.176240896371463
"3792","beta_trend",6083,3786,0,0.175897254837046
"3793","beta_trend",6083,3787,0,0.175562746609761
"3794","beta_trend",6083,3788,0,0.175207749191247
"3795","beta_trend",6083,3789,0,0.174847464746247
"3796","beta_trend",6083,3790,0,0.174481926252658
"3797","beta_trend",6083,3791,0,0.174111170821889
"3798","beta_trend",6083,3792,0,0.173735239629044
"3799","beta_trend",6083,3793,0,0.173354177839725
"3800","beta_trend",6083,3794,0,0.172968034533535
"3801","beta_trend",6083,3795,0,0.172576862624384
"3802","beta_trend",6083,3796,0,0.172180718777689
"3803","beta_trend",6083,3797,0,0.171779663324562
"3804","beta_trend",6083,3798,0,0.171373760173093
"3805","beta_trend",6083,3799,0,0.170963076716834
"3806","beta_trend",6083,3800,0,0.170547683740584
"3807","beta_trend",6083,3801,0,0.170127655323584
"3808","beta_trend",6083,3802,0,0.169703068740243
"3809","beta_trend",6083,3803,0,0.169274004358496
"3810","beta_trend",6083,3804,0,0.168840545535915
"3811","beta_trend",6083,3805,0,0.168402778513694
"3812","beta_trend",6083,3806,0,0.167960792308615
"3813","beta_trend",6083,3807,0,0.167514678603135
"3814","beta_trend",6083,3808,0,0.167064531633696
"3815","beta_trend",6083,3809,0,0.166610448077391
"3816","beta_trend",6083,3810,0,0.166152526937119
"3817","beta_trend",6083,3811,0,0.165690869425338
"3818","beta_trend",6083,3812,0,0.165225578846554
"3819","beta_trend",6083,3813,0,0.164756760478675
"3820","beta_trend",6083,3814,0,0.164284521453352
"3821","beta_trend",6083,3815,0,0.163808970635441
"3822","beta_trend",6083,3816,0,0.163330218501712
"3823","beta_trend",6083,3817,0,0.162848377018945
"3824","beta_trend",6083,3818,0,0.162363559521524
"3825","beta_trend",6083,3819,0,0.161875880588685
"3826","beta_trend",6083,3820,0,0.161385455921519
"3827","beta_trend",6083,3821,0,0.160892402219886
"3828","beta_trend",6083,3822,0,0.160396837059361
"3829","beta_trend",6083,3823,0,0.159898878768325
"3830","beta_trend",6083,3824,0,0.159398646305361
"3831","beta_trend",6083,3825,0,0.158896259137053
"3832","beta_trend",6083,3826,0,0.158391837116332
"3833","beta_trend",6083,3827,0,0.157885500361495
"3834","beta_trend",6083,3828,0,0.157377369136007
"3835","beta_trend",6083,3829,0,0.156867563729233
"3836","beta_trend",6083,3830,0,0.156356204338197
"3837","beta_trend",6083,3831,0,0.155843410950509
"3838","beta_trend",6083,3832,0,0.155329303228569
"3839","beta_trend",6083,3833,0,0.154814000395168
"3840","beta_trend",6083,3834,0,0.154297621120602
"3841","beta_trend",6083,3835,0,0.153780283411408
"3842","beta_trend",6083,3836,0,0.153262104500846
"3843","beta_trend",6083,3837,0,0.152743200741217
"3844","beta_trend",6083,3838,0,0.152223687498148
"3845","beta_trend",6083,3839,0,0.151703679046921
"3846","beta_trend",6083,3840,0,0.151151901731221
"3847","beta_trend",6083,3841,0,0.150629795593563
"3848","beta_trend",6083,3842,0,0.150107466783814
"3849","beta_trend",6083,3843,0,0.149585021683748
"3850","beta_trend",6083,3844,0,0.149062565006518
"3851","beta_trend",6083,3845,0,0.148540199704275
"3852","beta_trend",6083,3846,0,0.148018026878421
"3853","beta_trend",6083,3847,0,0.147496145692566
"3854","beta_trend",6083,3848,0,0.146974653288279
"3855","beta_trend",6083,3849,0,0.146453644703702
"3856","beta_trend",6083,3850,0,0.145933212795097
"3857","beta_trend",6083,3851,0,0.145413448161393
"3858","beta_trend",6083,3852,0,0.144894439071804
"3859","beta_trend",6083,3853,0,0.144376271396569
"3860","beta_trend",6083,3854,0,0.143859028540878
"3861","beta_trend",6083,3855,0,0.14334279138204
"3862","beta_trend",6083,3856,0,0.142827638209931
"3863","beta_trend",6083,3857,0,0.142313644670784
"3864","beta_trend",6083,3858,0,0.141800883714355
"3865","beta_trend",6083,3859,0,0.141289425544503
"3866","beta_trend",6083,3860,0,0.140779337573225
"3867","beta_trend",6083,3861,0,0.140270684378175
"3868","beta_trend",6083,3862,0,0.139763527663691
"3869","beta_trend",6083,3863,0,0.139257926225363
"3870","beta_trend",6083,3864,0,0.138753935918157
"3871","beta_trend",6083,3865,0,0.138251609628106
"3872","beta_trend",6083,3866,0,0.137750997247596
"3873","beta_trend",6083,3867,0,0.137252145654235
"3874","beta_trend",6083,3868,0,0.136755098693339
"3875","beta_trend",6083,3869,0,0.136259897163996
"3876","beta_trend",6083,3870,0,0.135766578808754
"3877","beta_trend",6083,3871,0,0.135275178306885
"3878","beta_trend",6083,3872,0,0.134785727271236
"3879","beta_trend",6083,3873,0,0.134298254248653
"3880","beta_trend",6083,3874,0,0.133812784723959
"3881","beta_trend",6083,3875,0,0.133329341127454
"3882","beta_trend",6083,3876,0,0.132847942845936
"3883","beta_trend",6083,3877,0,0.132368606237192
"3884","beta_trend",6083,3878,0,0.131891344647938
"3885","beta_trend",6083,3879,0,0.13141616843518
"3886","beta_trend",6083,3880,0,0.130943084990941
"3887","beta_trend",6083,3881,0,0.130472098770324
"3888","beta_trend",6083,3882,0,0.130003211322871
"3889","beta_trend",6083,3883,0,0.129565693724388
"3890","beta_trend",6083,3884,0,0.129099701993399
"3891","beta_trend",6083,3885,0,0.128635850945086
"3892","beta_trend",6083,3886,0,0.128174128743481
"3893","beta_trend",6083,3887,0,0.127714520929449
"3894","beta_trend",6083,3888,0,0.127257010468074
"3895","beta_trend",6083,3889,0,0.126801577799011
"3896","beta_trend",6083,3890,0,0.126348200889719
"3897","beta_trend",6083,3891,0,0.125896855291524
"3898","beta_trend",6083,3892,0,0.125447514198415
"3899","beta_trend",6083,3893,0,0.125000148508508
"3900","beta_trend",6083,3894,0,0.124554726888097
"3901","beta_trend",6083,3895,0,0.124111215838199
"3902","beta_trend",6083,3896,0,0.123669579763522
"3903","beta_trend",6083,3897,0,0.12322978104376
"3904","beta_trend",6083,3898,0,0.122791780107131
"3905","beta_trend",6083,3899,0,0.12235553550606
"3906","beta_trend",6083,3900,0,0.121921003994928
"3907","beta_trend",6083,3901,0,0.121488140609776
"3908","beta_trend",6083,3902,0,0.121056898749885
"3909","beta_trend",6083,3903,0,0.120627230261123
"3910","beta_trend",6083,3904,0,0.120199085520963
"3911","beta_trend",6083,3905,0,0.119772413525078
"3912","beta_trend",6083,3906,0,0.119347161975411
"3913","beta_trend",6083,3907,0,0.118923277369604
"3914","beta_trend",6083,3908,0,0.118500705091708
"3915","beta_trend",6083,3909,0,0.118079389504052
"3916","beta_trend",6083,3910,0,0.117659274040171
"3917","beta_trend",6083,3911,0,0.117240301298694
"3918","beta_trend",6083,3912,0,0.11682241313808
"3919","beta_trend",6083,3913,0,0.116405550772099
"3920","beta_trend",6083,3914,0,0.115989654865956
"3921","beta_trend",6083,3915,0,0.115574665632949
"3922","beta_trend",6083,3916,0,0.115160522931546
"3923","beta_trend",6083,3917,0,0.1147471663628
"3924","beta_trend",6083,3918,0,0.114334535367968
"3925","beta_trend",6083,3919,0,0.113922569326252
"3926","beta_trend",6083,3920,0,0.113511207652536
"3927","beta_trend",6083,3921,0,0.113100389895038
"3928","beta_trend",6083,3922,0,0.112690055832755
"3929","beta_trend",6083,3923,0,0.112280145572606
"3930","beta_trend",6083,3924,0,0.111870599646171
"3931","beta_trend",6083,3925,0,0.111461359105925
"3932","beta_trend",6083,3926,0,0.111052365620863
"3933","beta_trend",6083,3927,0,0.110643561571426
"3934","beta_trend",6083,3928,0,0.11023489014362
"3935","beta_trend",6083,3929,0,0.109826295422242
"3936","beta_trend",6083,3930,0,0.109417722483108
"3937","beta_trend",6083,3931,0,0.109009117484202
"3938","beta_trend",6083,3932,0,0.108600427755644
"3939","beta_trend",6083,3933,0,0.108191601888391
"3940","beta_trend",6083,3934,0,0.107782589821589
"3941","beta_trend",6083,3935,0,0.107373342928476
"3942","beta_trend",6083,3936,0,0.106924465766779
"3943","beta_trend",6083,3937,0,0.106512795282211
"3944","beta_trend",6083,3938,0,0.106100674651993
"3945","beta_trend",6083,3939,0,0.105688058614258
"3946","beta_trend",6083,3940,0,0.105274903627257
"3947","beta_trend",6083,3941,0,0.104861167940972
"3948","beta_trend",6083,3942,0,0.104446811666643
"3949","beta_trend",6083,3943,0,0.104031796844125
"3950","beta_trend",6083,3944,0,0.103616087507012
"3951","beta_trend",6083,3945,0,0.103199649745468
"3952","beta_trend",6083,3946,0,0.102782451766689
"3953","beta_trend",6083,3947,0,0.10236446395295
"3954","beta_trend",6083,3948,0,0.101945658917172
"3955","beta_trend",6083,3949,0,0.101526011555959
"3956","beta_trend",6083,3950,0,0.101105499100044
"3957","beta_trend",6083,3951,0,0.100684101162112
"3958","beta_trend",6083,3952,0,0.100261799781932
"3959","beta_trend",6083,3953,0,0.0998385794687764
"3960","beta_trend",6083,3954,0,0.0994144272410754
"3961","beta_trend",6083,3955,0,0.0989893326632719
"3962","beta_trend",6083,3956,0,0.0985632878798434
"3963","beta_trend",6083,3957,0,0.0981362876464614
"3964","beta_trend",6083,3958,0,0.0977083293582587
"3965","beta_trend",6083,3959,0,0.0972794130751786
"3966","beta_trend",6083,3960,0,0.0968495415443901
"3967","beta_trend",6083,3961,0,0.0964187202197412
"3968","beta_trend",6083,3962,0,0.0959869572782456
"3969","beta_trend",6083,3963,0,0.0955542636335803
"3970","beta_trend",6083,3964,0,0.0951206529465926
"3971","beta_trend",6083,3965,0,0.0946861416328068
"3972","beta_trend",6083,3966,0,0.0942507488669265
"3973","beta_trend",6083,3967,0,0.0938144965843364
"3974","beta_trend",6083,3968,0,0.0933774094796027
"3975","beta_trend",6083,3969,0,0.0929395150019814
"3976","beta_trend",6083,3970,0,0.0925008433479413
"3977","beta_trend",6083,3971,0,0.0920614274507157
"3978","beta_trend",6083,3972,0,0.0916213029668979
"3979","beta_trend",6083,3973,0,0.0911805082600957
"3980","beta_trend",6083,3974,0,0.0907390843816723
"3981","beta_trend",6083,3975,0,0.09029707504859
"3982","beta_trend",6083,3976,0,0.08985452661839
"3983","beta_trend",6083,3977,0,0.0894114880613341
"3984","beta_trend",6083,3978,0,0.0889680109297423
"3985","beta_trend",6083,3979,0,0.0885241493245617
"3986","beta_trend",6083,3980,0,0.0880926260424213
"3987","beta_trend",6083,3981,0,0.0876476068043375
"3988","beta_trend",6083,3982,0,0.0872024038785589
"3989","beta_trend",6083,3983,0,0.0867570802423208
"3990","beta_trend",6083,3984,0,0.0863117012481897
"3991","beta_trend",6083,3985,0,0.0858663345737791
"3992","beta_trend",6083,3986,0,0.0854210501690461
"3993","beta_trend",6083,3987,0,0.0849759202012246
"3994","beta_trend",6083,3988,0,0.0845310189974526
"3995","beta_trend",6083,3989,0,0.0840864229851499
"3996","beta_trend",6083,3990,0,0.0836422106302084
"3997","beta_trend",6083,3991,0,0.0831984623730601
"3998","beta_trend",6083,3992,0,0.0827552605626838
"3999","beta_trend",6083,3993,0,0.0823126893886188
"4000","beta_trend",6083,3994,0,0.0818708348110571
"4001","beta_trend",6083,3995,0,0.0814297844890789
"4002","beta_trend",6083,3996,0,0.0809896277071093
"4003","beta_trend",6083,3997,0,0.0805504552996639
"4004","beta_trend",6083,3998,0,0.0801123595744647
"4005","beta_trend",6083,3999,0,0.0796754342339961
"4006","beta_trend",6083,4000,0,0.079239774295584
"4007","beta_trend",6083,4001,0,0.0788054760100748
"4008","beta_trend",6083,4002,0,0.0783726367791944
"4009","beta_trend",6083,4003,0,0.0779413550716699
"4010","beta_trend",6083,4004,0,0.0775117303381929
"4011","beta_trend",6083,4005,0,0.0770838629253134
"4012","beta_trend",6083,4006,0,0.0766578539883416
"4013","beta_trend",6083,4007,0,0.0762338054033467
"4014","beta_trend",6083,4008,0,0.0758118196783392
"4015","beta_trend",6083,4009,0,0.0753919998637154
"4016","beta_trend",6083,4010,0,0.0749744494620604
"4017","beta_trend",6083,4011,0,0.0745592723373892
"4018","beta_trend",6083,4012,0,0.0741465726239156
"4019","beta_trend",6083,4013,0,0.0737364546344355
"4020","beta_trend",6083,4014,0,0.073329022768414
"4021","beta_trend",6083,4015,0,0.072924381419861
"4022","beta_trend",6083,4016,0,0.072522634885085
"4023","beta_trend",6083,4017,0,0.0721238872704107
"4024","beta_trend",6083,4018,0,0.0717282423999498
"4025","beta_trend",6083,4019,0,0.0713358037235083
"4026","beta_trend",6083,4020,0,0.0709466742247226
"4027","beta_trend",6083,4021,0,0.0705609563295022
"4028","beta_trend",6083,4022,0,0.0701787518148743
"4029","beta_trend",6083,4023,0,0.0698001617183053
"4030","beta_trend",6083,4024,0,0.0694252862475914
"4031","beta_trend",6083,4025,0,0.0690542246913982
"4032","beta_trend",6083,4026,0,0.0686870753305311
"4033","beta_trend",6083,4027,0,0.0683239353500198
"4034","beta_trend",6083,4028,0,0.0679649007520988
"4035","beta_trend",6083,4029,0,0.0676100662701601
"4036","beta_trend",6083,4030,0,0.06725952528376
"4037","beta_trend",6083,4031,0,0.066913369734755
"4038","beta_trend",6083,4032,0,0.0665716900446456
"4039","beta_trend",6083,4033,0,0.0661988104384353
"4040","beta_trend",6083,4034,0,0.0658647002349412
"4041","beta_trend",6083,4035,0,0.0655352557119094
"4042","beta_trend",6083,4036,0,0.0652105575138331
"4043","beta_trend",6083,4037,0,0.0648906842646588
"4044","beta_trend",6083,4038,0,0.0645757124903219
"4045","beta_trend",6083,4039,0,0.0642657165428772
"4046","beta_trend",6083,4040,0,0.0639607685262912
"4047","beta_trend",6083,4041,0,0.0636609382239558
"4048","beta_trend",6083,4042,0,0.0633662930279789
"4049","beta_trend",6083,4043,0,0.0630768978703126
"4050","beta_trend",6083,4044,0,0.0627928151557696
"4051","beta_trend",6083,4045,0,0.0625141046969823
"4052","beta_trend",6083,4046,0,0.0622408236513562
"4053","beta_trend",6083,4047,0,0.0619730264600624
"4054","beta_trend",6083,4048,0,0.0617107647891212
"4055","beta_trend",6083,4049,0,0.061454087472616
"4056","beta_trend",6083,4050,0,0.0612030404580841
"4057","beta_trend",6083,4051,0,0.0609576667541215
"4058","beta_trend",6083,4052,0,0.0607180063802416
"4059","beta_trend",6083,4053,0,0.0604840963190253
"4060","beta_trend",6083,4054,0,0.0602559704705908
"4061","beta_trend",6083,4055,0,0.0600336596094218
"4062","beta_trend",6083,4056,0,0.0598171913435783
"4063","beta_trend",6083,4057,0,0.0596065900763197
"4064","beta_trend",6083,4058,0,0.0594018769701651
"4065","beta_trend",6083,4059,0,0.0592030699134108
"4066","beta_trend",6083,4060,0,0.0590101834891317
"4067","beta_trend",6083,4061,0,0.0588232289466769
"4068","beta_trend",6083,4062,0,0.0586422141756832
"4069","beta_trend",6083,4063,0,0.0584671436826141
"4070","beta_trend",6083,4064,0,0.058298018569842
"4071","beta_trend",6083,4065,0,0.0581348365172768
"4072","beta_trend",6083,4066,0,0.0579775917665545
"4073","beta_trend",6083,4067,0,0.0578262751077845
"4074","beta_trend",6083,4068,0,0.0576808738688642
"4075","beta_trend",6083,4069,0,0.0575413719073602
"4076","beta_trend",6083,4070,0,0.0574077496049495
"4077","beta_trend",6083,4071,0,0.0572799838644273
"4078","beta_trend",6083,4072,0,0.0571580481092664
"4079","beta_trend",6083,4073,0,0.057041912285726
"4080","beta_trend",6083,4074,0,0.056931542867499
"4081","beta_trend",6083,4075,0,0.0568269028628855
"4082","beta_trend",6083,4076,0,0.0567636366464742
"4083","beta_trend",6083,4077,0,0.0566687521404224
"4084","beta_trend",6083,4078,0,0.056579531608469
"4085","beta_trend",6083,4079,0,0.0564959217103441
"4086","beta_trend",6083,4080,0,0.0564178658087672
"4087","beta_trend",6083,4081,0,0.0563453039882891
"4088","beta_trend",6083,4082,0,0.0562781730766163
"4089","beta_trend",6083,4083,0,0.0562164066683886
"4090","beta_trend",6083,4084,0,0.0561599351513801
"4091","beta_trend",6083,4085,0,0.0561086857350935
"4092","beta_trend",6083,4086,0,0.0560625824817129
"4093","beta_trend",6083,4087,0,0.0560215463393792
"4094","beta_trend",6083,4088,0,0.055985495177756
"4095","beta_trend",6083,4089,0,0.0559543438258426
"4096","beta_trend",6083,4090,0,0.0559280041120023
"4097","beta_trend",6083,4091,0,0.0559063849061568
"4098","beta_trend",6083,4092,0,0.0558893921641147
"4099","beta_trend",6083,4093,0,0.0558769289739819
"4100","beta_trend",6083,4094,0,0.0558688956046191
"4101","beta_trend",6083,4095,0,0.0558651895560925
"4102","beta_trend",6083,4096,0,0.0558657056120797
"4103","beta_trend",6083,4097,0,0.0558703358941754
"4104","beta_trend",6083,4098,0,0.0558789699180573
"4105","beta_trend",6083,4099,0,0.055891494651456
"4106","beta_trend",6083,4100,0,0.0559077945738833
"4107","beta_trend",6083,4101,0,0.055927751738065
"4108","beta_trend",6083,4102,0,0.0559512458330325
"4109","beta_trend",6083,4103,0,0.0559781542488124
"4110","beta_trend",6083,4104,0,0.0560083521426699
"4111","beta_trend",6083,4105,0,0.0560417125068459
"4112","beta_trend",6083,4106,0,0.0560781062377403
"4113","beta_trend",6083,4107,0,0.05611740220648
"4114","beta_trend",6083,4108,0,0.0561594673308246
"4115","beta_trend",6083,4109,0,0.0562041666483463
"4116","beta_trend",6083,4110,0,0.0562513633908377
"4117","beta_trend",6083,4111,0,0.0563009190598827
"4118","beta_trend",6083,4112,0,0.0563526935035421
"4119","beta_trend",6083,4113,0,0.0564065449940925
"4120","beta_trend",6083,4114,0,0.0564623303067658
"4121","beta_trend",6083,4115,0,0.056519904799431
"4122","beta_trend",6083,4116,0,0.0565791224931621
"4123","beta_trend",6083,4117,0,0.0566398361536377
"4124","beta_trend",6083,4118,0,0.0567018973733133
"4125","beta_trend",6083,4119,0,0.0567651566543139
"4126","beta_trend",6083,4120,0,0.0568294634919849
"4127","beta_trend",6083,4121,0,0.0568946664590547
"4128","beta_trend",6083,4122,0,0.056960613290344
"4129","beta_trend",6083,4123,0,0.0570271509679738
"4130","beta_trend",6083,4124,0,0.0570941258070136
"4131","beta_trend",6083,4125,0,0.0571613835415159
"4132","beta_trend",6083,4126,0,0.0572287694108866
"4133","beta_trend",6083,4127,0,0.0572961282465291
"4134","beta_trend",6083,4128,0,0.0573633045587213
"4135","beta_trend",6083,4129,0,0.0573985117946582
"4136","beta_trend",6083,4130,0,0.0574633971793184
"4137","beta_trend",6083,4131,0,0.0575275690910843
"4138","beta_trend",6083,4132,0,0.0575908690546707
"4139","beta_trend",6083,4133,0,0.0576531386138619
"4140","beta_trend",6083,4134,0,0.0577142194154788
"4141","beta_trend",6083,4135,0,0.0577739532931277
"4142","beta_trend",6083,4136,0,0.0578321823506802
"4143","beta_trend",6083,4137,0,0.0578887490454372
"4144","beta_trend",6083,4138,0,0.0579434962709285
"4145","beta_trend",6083,4139,0,0.0579962674392996
"4146","beta_trend",6083,4140,0,0.0580469065632382
"4147","beta_trend",6083,4141,0,0.0580952583373993
"4148","beta_trend",6083,4142,0,0.0581411682192768
"4149","beta_trend",6083,4143,0,0.0581844825094855
"4150","beta_trend",6083,4144,0,0.0582250484314036
"4151","beta_trend",6083,4145,0,0.0582627142101393
"4152","beta_trend",6083,4146,0,0.058297329150775
"4153","beta_trend",6083,4147,0,0.0583287437158528
"4154","beta_trend",6083,4148,0,0.058356809602062
"4155","beta_trend",6083,4149,0,0.0583813798160864
"4156","beta_trend",6083,4150,0,0.05840230874958
"4157","beta_trend",6083,4151,0,0.0584194522532282
"4158","beta_trend",6083,4152,0,0.0584326677098672
"4159","beta_trend",6083,4153,0,0.0584418141066179
"4160","beta_trend",6083,4154,0,0.0584467521060108
"4161","beta_trend",6083,4155,0,0.0584473441160611
"4162","beta_trend",6083,4156,0,0.0584434543592711
"4163","beta_trend",6083,4157,0,0.0584349489405211
"4164","beta_trend",6083,4158,0,0.0584216959138266
"4165","beta_trend",6083,4159,0,0.0584035653479331
"4166","beta_trend",6083,4160,0,0.0583804293907144
"4167","beta_trend",6083,4161,0,0.0583521623323602
"4168","beta_trend",6083,4162,0,0.0583186406673171
"4169","beta_trend",6083,4163,0,0.0582797431549662
"4170","beta_trend",6083,4164,0,0.0582353508790109
"4171","beta_trend",6083,4165,0,0.0581853473055554
"4172","beta_trend",6083,4166,0,0.0581296183398501
"4173","beta_trend",6083,4167,0,0.0580680523816889
"4174","beta_trend",6083,4168,0,0.0580005403794337
"4175","beta_trend",6083,4169,0,0.0579269758826529
"4176","beta_trend",6083,4170,0,0.0578472550933569
"4177","beta_trend",6083,4171,0,0.0577612769158102
"4178","beta_trend",6083,4172,0,0.0576689430049125
"4179","beta_trend",6083,4173,0,0.0575868754428643
"4180","beta_trend",6083,4174,0,0.0574808059072262
"4181","beta_trend",6083,4175,0,0.0573681336655839
"4182","beta_trend",6083,4176,0,0.0572487706031372
"4183","beta_trend",6083,4177,0,0.0571226316204712
"4184","beta_trend",6083,4178,0,0.0569896346715847
"4185","beta_trend",6083,4179,0,0.0568497008004534
"4186","beta_trend",6083,4180,0,0.056702754176111
"4187","beta_trend",6083,4181,0,0.0565487221262486
"4188","beta_trend",6083,4182,0,0.0563875351693203
"4189","beta_trend",6083,4183,0,0.0562191270451516
"4190","beta_trend",6083,4184,0,0.0560434347440472
"4191","beta_trend",6083,4185,0,0.055860398534389
"4192","beta_trend",6083,4186,0,0.0556699619887278
"4193","beta_trend",6083,4187,0,0.055472072008361
"4194","beta_trend",6083,4188,0,0.0552666788463971
"4195","beta_trend",6083,4189,0,0.0550537361293044
"4196","beta_trend",6083,4190,0,0.0548332008769472
"4197","beta_trend",6083,4191,0,0.0546050335211051
"4198","beta_trend",6083,4192,0,0.0543691979224821
"4199","beta_trend",6083,4193,0,0.0541256613862013
"4200","beta_trend",6083,4194,0,0.0538743946757961
"4201","beta_trend",6083,4195,0,0.0536153720256927
"4202","beta_trend",6083,4196,0,0.0533485711521946
"4203","beta_trend",6083,4197,0,0.0530739732629701
"4204","beta_trend",6083,4198,0,0.0527915630650504
"4205","beta_trend",6083,4199,0,0.0525013287713419
"4206","beta_trend",6083,4200,0,0.0522032621056625
"4207","beta_trend",6083,4201,0,0.051897358306307
"4208","beta_trend",6083,4202,0,0.0515836161281493
"4209","beta_trend",6083,4203,0,0.0512620378432911
"4210","beta_trend",6083,4204,0,0.0509326292402654
"4211","beta_trend",6083,4205,0,0.0505953996218045
"4212","beta_trend",6083,4206,0,0.0502503618011823
"4213","beta_trend",6083,4207,0,0.0498975320971412
"4214","beta_trend",6083,4208,0,0.0495369303274164
"4215","beta_trend",6083,4209,0,0.0491685798008673
"4216","beta_trend",6083,4210,0,0.048792507308228
"4217","beta_trend",6083,4211,0,0.0484087431114927
"4218","beta_trend",6083,4212,0,0.0480173209319433
"4219","beta_trend",6083,4213,0,0.0476182779368394
"4220","beta_trend",6083,4214,0,0.0472116547247792
"4221","beta_trend",6083,4215,0,0.0467974953097489
"4222","beta_trend",6083,4216,0,0.0463758471038734
"4223","beta_trend",6083,4217,0,0.0459467608988864
"4224","beta_trend",6083,4218,0,0.0455102908463312
"4225","beta_trend",6083,4219,0,0.0450664944365137
"4226","beta_trend",6083,4220,0,0.0446154324762179
"4227","beta_trend",6083,4221,0,0.0441571690652068
"4228","beta_trend",6083,4222,0,0.0436917715715232
"4229","beta_trend",6083,4223,0,0.0432193106056046
"4230","beta_trend",6083,4224,0,0.0427398599932377
"4231","beta_trend",6083,4225,0,0.0422534967473644
"4232","beta_trend",6083,4226,0,0.0417228909203708
"4233","beta_trend",6083,4227,0,0.041221223053527
"4234","beta_trend",6083,4228,0,0.0407128175930233
"4235","beta_trend",6083,4229,0,0.0401977609660378
"4236","beta_trend",6083,4230,0,0.0396761425168289
"4237","beta_trend",6083,4231,0,0.0391480544683334
"4238","beta_trend",6083,4232,0,0.0386135918826503
"4239","beta_trend",6083,4233,0,0.038072852620433
"4240","beta_trend",6083,4234,0,0.0375259372992022
"4241","beta_trend",6083,4235,0,0.0369729492506056
"4242","beta_trend",6083,4236,0,0.03641399447664
"4243","beta_trend",6083,4237,0,0.0358491816048553
"4244","beta_trend",6083,4238,0,0.0352786218425654
"4245","beta_trend",6083,4239,0,0.0347024289300802
"4246","beta_trend",6083,4240,0,0.0341207190929836
"4247","beta_trend",6083,4241,0,0.0335336109934784
"4248","beta_trend",6083,4242,0,0.0329412256808159
"4249","beta_trend",6083,4243,0,0.0323436865408369
"4250","beta_trend",6083,4244,0,0.031741119244641
"4251","beta_trend",6083,4245,0,0.0311336516964109
"4252","beta_trend",6083,4246,0,0.0305214139804101
"4253","beta_trend",6083,4247,0,0.0299045383071771
"4254","beta_trend",6083,4248,0,0.0292831589589438
"4255","beta_trend",6083,4249,0,0.0286574122342921
"4256","beta_trend",6083,4250,0,0.0280274363920829
"4257","beta_trend",6083,4251,0,0.0273933715946709
"4258","beta_trend",6083,4252,0,0.0267553598504365
"4259","beta_trend",6083,4253,0,0.0261135449556545
"4260","beta_trend",6083,4254,0,0.0254680724357262
"4261","beta_trend",6083,4255,0,0.0248190894857977
"4262","beta_trend",6083,4256,0,0.024166744910791
"4263","beta_trend",6083,4257,0,0.0235111890648709
"4264","beta_trend",6083,4258,0,0.0228525737903753
"4265","beta_trend",6083,4259,0,0.0221910523562308
"4266","beta_trend",6083,4260,0,0.021526779395883
"4267","beta_trend",6083,4261,0,0.0208599108447651
"4268","beta_trend",6083,4262,0,0.0201906038773316
"4269","beta_trend",6083,4263,0,0.0195190168436822
"4270","beta_trend",6083,4264,0,0.0188453092058039
"4271","beta_trend",6083,4265,0,0.018169641473458
"4272","beta_trend",6083,4266,0,0.0174921751397361
"4273","beta_trend",6083,4267,0,0.0168130726163154
"4274","beta_trend",6083,4268,0,0.0161324971684388
"4275","beta_trend",6083,4269,0,0.015484953805424
"4276","beta_trend",6083,4270,0,0.0148004064690647
"4277","beta_trend",6083,4271,0,0.0141149441811271
"4278","beta_trend",6083,4272,0,0.0134287304568315
"4279","beta_trend",6083,4273,0,0.0127419294282195
"4280","beta_trend",6083,4274,0,0.0120547057750431
"4281","beta_trend",6083,4275,0,0.0113672246556579
"4282","beta_trend",6083,4276,0,0.0106796516379507
"4283","beta_trend",6083,4277,0,0.00999215263032338
"4284","beta_trend",6083,4278,0,0.00930489381276212
"4285","beta_trend",6083,4279,0,0.00861804156801893
"4286","beta_trend",6083,4280,0,0.00793176241293148
"4287","beta_trend",6083,4281,0,0.00724622292990706
"4288","beta_trend",6083,4282,0,0.00656158969860066
"4289","beta_trend",6083,4283,0,0.00587802922780933
"4290","beta_trend",6083,4284,0,0.00519570788761559
"4291","beta_trend",6083,4285,0,0.00451479184180137
"4292","beta_trend",6083,4286,0,0.00383544698056426
"4293","beta_trend",6083,4287,0,0.00315783885356047
"4294","beta_trend",6083,4288,0,0.00248213260330155
"4295","beta_trend",6083,4289,0,0.00180849289893403
"4296","beta_trend",6083,4290,0,0.0011370838704271
"4297","beta_trend",6083,4291,0,0.000468069043196295
"4298","beta_trend",6083,4292,0,-0.000198388726809662
"4299","beta_trend",6083,4293,0,-0.000862127317532102
"4300","beta_trend",6083,4294,0,-0.00152298540470963
"4301","beta_trend",6083,4295,0,-0.002180802525241
"4302","beta_trend",6083,4296,0,-0.00283541913997643
"4303","beta_trend",6083,4297,0,-0.00348667669591551
"4304","beta_trend",6083,4298,0,-0.00413441768777723
"4305","beta_trend",6083,4299,0,-0.00477848571892359
"4306","beta_trend",6083,4300,0,-0.00541872556160483
"4307","beta_trend",6083,4301,0,-0.00605498321650522
"4308","beta_trend",6083,4302,0,-0.00668710597155786
"4309","beta_trend",6083,4303,0,-0.00731494246000908
"4310","beta_trend",6083,4304,0,-0.00793834271770155
"4311","beta_trend",6083,4305,0,-0.00855715823955494
"4312","beta_trend",6083,4306,0,-0.00917124203521658
"4313","beta_trend",6083,4307,0,-0.00978044868386008
"4314","beta_trend",6083,4308,0,-0.0103846343881034
"4315","beta_trend",6083,4309,0,-0.0109836570270275
"4316","beta_trend",6083,4310,0,-0.0115773762082676
"4317","beta_trend",6083,4311,0,-0.0121656533191559
"4318","beta_trend",6083,4312,0,-0.0127483515768916
"4319","beta_trend",6083,4313,0,-0.0133253360777155
"4320","beta_trend",6083,4314,0,-0.0138964738450685
"4321","beta_trend",6083,4315,0,-0.0144616338767088
"4322","beta_trend",6083,4316,0,-0.0150206871907701
"4323","beta_trend",6083,4317,0,-0.0155735068707354
"4324","beta_trend",6083,4318,0,-0.0161199681093096
"4325","beta_trend",6083,4319,0,-0.0166599482511686
"4326","beta_trend",6083,4320,0,-0.0171933268345644
"4327","beta_trend",6083,4321,0,-0.0177199856317689
"4328","beta_trend",6083,4322,0,-0.0182843517518024
"4329","beta_trend",6083,4323,0,-0.0187992796422271
"4330","beta_trend",6083,4324,0,-0.0193072361921164
"4331","beta_trend",6083,4325,0,-0.0198081161144591
"4332","beta_trend",6083,4326,0,-0.0203018166753172
"4333","beta_trend",6083,4327,0,-0.0207882377314039
"4334","beta_trend",6083,4328,0,-0.0212672817665065
"4335","beta_trend",6083,4329,0,-0.021738853926735
"4336","beta_trend",6083,4330,0,-0.022202862054594
"4337","beta_trend",6083,4331,0,-0.0226592167218584
"4338","beta_trend",6083,4332,0,-0.0231078312612486
"4339","beta_trend",6083,4333,0,-0.0235486217968885
"4340","beta_trend",6083,4334,0,-0.0239815072735455
"4341","beta_trend",6083,4335,0,-0.0244064094846334
"4342","beta_trend",6083,4336,0,-0.0248232530989794
"4343","beta_trend",6083,4337,0,-0.0252319656863418
"4344","beta_trend",6083,4338,0,-0.0256324777416737
"4345","beta_trend",6083,4339,0,-0.0260247227081255
"4346","beta_trend",6083,4340,0,-0.0264086369987829
"4347","beta_trend",6083,4341,0,-0.0267841600171308
"4348","beta_trend",6083,4342,0,-0.0271512341762462
"4349","beta_trend",6083,4343,0,-0.0275098049167057
"4350","beta_trend",6083,4344,0,-0.0278598207232186
"4351","beta_trend",6083,4345,0,-0.0282012331399689
"4352","beta_trend",6083,4346,0,-0.0285339967846753
"4353","beta_trend",6083,4347,0,-0.0288580693613627
"4354","beta_trend",6083,4348,0,-0.0291734116718474
"4355","beta_trend",6083,4349,0,-0.0294799876259342
"4356","beta_trend",6083,4350,0,-0.0297777642503277
"4357","beta_trend",6083,4351,0,-0.0300667116962603
"4358","beta_trend",6083,4352,0,-0.0303468032458364
"4359","beta_trend",6083,4353,0,-0.0306180153170986
"4360","beta_trend",6083,4354,0,-0.0308803274678174
"4361","beta_trend",6083,4355,0,-0.0311337223980098
"4362","beta_trend",6083,4356,0,-0.0313781859511902
"4363","beta_trend",6083,4357,0,-0.0316137071143616
"4364","beta_trend",6083,4358,0,-0.0318402780167486
"4365","beta_trend",6083,4359,0,-0.0320578939272841
"4366","beta_trend",6083,4360,0,-0.0322665532508521
"4367","beta_trend",6083,4361,0,-0.032466257523299
"4368","beta_trend",6083,4362,0,-0.0326570114052154
"4369","beta_trend",6083,4363,0,-0.032838822674505
"4370","beta_trend",6083,4364,0,-0.0330117022177426
"4371","beta_trend",6083,4365,0,-0.0331756640203368
"4372","beta_trend",6083,4366,0,-0.0333072656712432
"4373","beta_trend",6083,4367,0,-0.0334544850984342
"4374","beta_trend",6083,4368,0,-0.0335928035910463
"4375","beta_trend",6083,4369,0,-0.0337222491288424
"4376","beta_trend",6083,4370,0,-0.0338428526607769
"4377","beta_trend",6083,4371,0,-0.0339546480902903
"4378","beta_trend",6083,4372,0,-0.0340576722594248
"4379","beta_trend",6083,4373,0,-0.0341519649317853
"4380","beta_trend",6083,4374,0,-0.034237568774354
"4381","beta_trend",6083,4375,0,-0.034314529338179
"4382","beta_trend",6083,4376,0,-0.0343828950379516
"4383","beta_trend",6083,4377,0,-0.0344427171304862
"4384","beta_trend",6083,4378,0,-0.0344940496921269
"4385","beta_trend",6083,4379,0,-0.0345369495950884
"4386","beta_trend",6083,4380,0,-0.034571476482756
"4387","beta_trend",6083,4381,0,-0.0345976927439621
"4388","beta_trend",6083,4382,0,-0.034615663486249
"4389","beta_trend",6083,4383,0,-0.0346254565081496
"4390","beta_trend",6083,4384,0,-0.0346271422704941
"4391","beta_trend",6083,4385,0,-0.034620793866763
"4392","beta_trend",6083,4386,0,-0.03460648699251
"4393","beta_trend",6083,4387,0,-0.0345842999138705
"4394","beta_trend",6083,4388,0,-0.0345543134351736
"4395","beta_trend",6083,4389,0,-0.0345166108656808
"4396","beta_trend",6083,4390,0,-0.0344712779854677
"4397","beta_trend",6083,4391,0,-0.0344184030104698
"4398","beta_trend",6083,4392,0,-0.0343580765567124
"4399","beta_trend",6083,4393,0,-0.0342903916037441
"4400","beta_trend",6083,4394,0,-0.0342154434572914
"4401","beta_trend",6083,4395,0,-0.0341333297111598
"4402","beta_trend",6083,4396,0,-0.0340441502083954
"4403","beta_trend",6083,4397,0,-0.0339480070017305
"4404","beta_trend",6083,4398,0,-0.0338450043133326
"4405","beta_trend",6083,4399,0,-0.0337352484938762
"4406","beta_trend",6083,4400,0,-0.0336188479809559
"4407","beta_trend",6083,4401,0,-0.0334959132568654
"4408","beta_trend",6083,4402,0,-0.033366556805755
"4409","beta_trend",6083,4403,0,-0.0332308930701946
"4410","beta_trend",6083,4404,0,-0.0330890384071565
"4411","beta_trend",6083,4405,0,-0.0329411110434401
"4412","beta_trend",6083,4406,0,-0.0327872310305578
"4413","beta_trend",6083,4407,0,-0.0326275201990994
"4414","beta_trend",6083,4408,0,-0.0324621021125956
"4415","beta_trend",6083,4409,0,-0.0322911020209012
"4416","beta_trend",6083,4410,0,-0.0321146468131138
"4417","beta_trend",6083,4411,0,-0.0319328649700469
"4418","beta_trend",6083,4412,0,-0.0317458865162769
"4419","beta_trend",6083,4413,0,-0.0315538429717844
"4420","beta_trend",6083,4414,0,-0.0313568673032016
"4421","beta_trend",6083,4415,0,-0.0311550938746904
"4422","beta_trend",6083,4416,0,-0.0309486583984631
"4423","beta_trend",6083,4417,0,-0.0307376978849674
"4424","beta_trend",6083,4418,0,-0.0305223505927503
"4425","beta_trend",6083,4419,0,-0.030328431491671
"4426","beta_trend",6083,4420,0,-0.0301059128334743
"4427","beta_trend",6083,4421,0,-0.0298794805210265
"4428","beta_trend",6083,4422,0,-0.0296492793786156
"4429","beta_trend",6083,4423,0,-0.0294154553010284
"4430","beta_trend",6083,4424,0,-0.0291781552043991
"4431","beta_trend",6083,4425,0,-0.0289375269769209
"4432","beta_trend",6083,4426,0,-0.028693719429438
"4433","beta_trend",6083,4427,0,-0.0284468822459316
"4434","beta_trend",6083,4428,0,-0.0281971659339191
"4435","beta_trend",6083,4429,0,-0.0279447217747786
"4436","beta_trend",6083,4430,0,-0.0276897017740144
"4437","beta_trend",6083,4431,0,-0.0274322586114827
"4438","beta_trend",6083,4432,0,-0.0271725455915831
"4439","beta_trend",6083,4433,0,-0.0269107165934402
"4440","beta_trend",6083,4434,0,-0.026646926021081
"4441","beta_trend",6083,4435,0,-0.0263813287536265
"4442","beta_trend",6083,4436,0,-0.0261140800955088
"4443","beta_trend",6083,4437,0,-0.0258453357267265
"4444","beta_trend",6083,4438,0,-0.0255752516531529
"4445","beta_trend",6083,4439,0,-0.0253039841569053
"4446","beta_trend",6083,4440,0,-0.0250316897467919
"4447","beta_trend",6083,4441,0,-0.0247585251088467
"4448","beta_trend",6083,4442,0,-0.024484647056959
"4449","beta_trend",6083,4443,0,-0.0242102124836173
"4450","beta_trend",6083,4444,0,-0.0239353783107699
"4451","beta_trend",6083,4445,0,-0.023660301440818
"4452","beta_trend",6083,4446,0,-0.0233851387077481
"4453","beta_trend",6083,4447,0,-0.0231100468284163
"4454","beta_trend",6083,4448,0,-0.0228351823539918
"4455","beta_trend",6083,4449,0,-0.0225607016215699
"4456","beta_trend",6083,4450,0,-0.0222867607059608
"4457","beta_trend",6083,4451,0,-0.0220135153716703
"4458","beta_trend",6083,4452,0,-0.0217411210250682
"4459","beta_trend",6083,4453,0,-0.0214697326667667
"4460","beta_trend",6083,4454,0,-0.0211995048442039
"4461","beta_trend",6083,4455,0,-0.020930591604449
"4462","beta_trend",6083,4456,0,-0.0206631464472309
"4463","beta_trend",6083,4457,0,-0.0203973222782009
"4464","beta_trend",6083,4458,0,-0.0201332713624319
"4465","beta_trend",6083,4459,0,-0.0198711452781654
"4466","beta_trend",6083,4460,0,-0.0196110948708095
"4467","beta_trend",6083,4461,0,-0.0193532702071937
"4468","beta_trend",6083,4462,0,-0.0190612664401186
"4469","beta_trend",6083,4463,0,-0.0188099567501805
"4470","beta_trend",6083,4464,0,-0.018561250080549
"4471","beta_trend",6083,4465,0,-0.0183152956018861
"4472","beta_trend",6083,4466,0,-0.018072241384246
"4473","beta_trend",6083,4467,0,-0.0178322343562026
"4474","beta_trend",6083,4468,0,-0.0175954202641748
"4475","beta_trend",6083,4469,0,-0.0173619436319639
"4476","beta_trend",6083,4470,0,-0.0171319477205018
"4477","beta_trend",6083,4471,0,-0.0169055744878205
"4478","beta_trend",6083,4472,0,-0.0166829645492464
"4479","beta_trend",6083,4473,0,-0.0164642571378266
"4480","beta_trend",6083,4474,0,-0.0162495900649908
"4481","beta_trend",6083,4475,0,-0.0160390996814557
"4482","beta_trend",6083,4476,0,-0.0158329208383772
"4483","beta_trend",6083,4477,0,-0.0156311868487522
"4484","beta_trend",6083,4478,0,-0.0154340294490801
"4485","beta_trend",6083,4479,0,-0.0152415787612832
"4486","beta_trend",6083,4480,0,-0.0150539632548938
"4487","beta_trend",6083,4481,0,-0.0148713097095126
"4488","beta_trend",6083,4482,0,-0.01469374317754
"4489","beta_trend",6083,4483,0,-0.0145213869471872
"4490","beta_trend",6083,4484,0,-0.0143543625057689
"4491","beta_trend",6083,4485,0,-0.0141927895032853
"4492","beta_trend",6083,4486,0,-0.014036785716291
"4493","beta_trend",6083,4487,0,-0.0138864670120606
"4494","beta_trend",6083,4488,0,-0.0137419473130528
"4495","beta_trend",6083,4489,0,-0.0136033385616736
"4496","beta_trend",6083,4490,0,-0.0134707506853483
"4497","beta_trend",6083,4491,0,-0.0133442915618979
"4498","beta_trend",6083,4492,0,-0.0132240669852316
"4499","beta_trend",6083,4493,0,-0.0131101806313528
"4500","beta_trend",6083,4494,0,-0.0130027340246841
"4501","beta_trend",6083,4495,0,-0.0129018265047157
"4502","beta_trend",6083,4496,0,-0.0128075551929777
"4503","beta_trend",6083,4497,0,-0.0127200149603426
"4504","beta_trend",6083,4498,0,-0.0126392983946598
"4505","beta_trend",6083,4499,0,-0.0125654957687246
"4506","beta_trend",6083,4500,0,-0.012498695008587
"4507","beta_trend",6083,4501,0,-0.0124389816622018
"4508","beta_trend",6083,4502,0,-0.0123864388684239
"4509","beta_trend",6083,4503,0,-0.0123411473263527
"4510","beta_trend",6083,4504,0,-0.0123031852650276
"4511","beta_trend",6083,4505,0,-0.0122726284134792
"4512","beta_trend",6083,4506,0,-0.0122495499711404
"4513","beta_trend",6083,4507,0,-0.0122340205786158
"4514","beta_trend",6083,4508,0,-0.012226108288821
"4515","beta_trend",6083,4509,0,-0.0122258785384881
"4516","beta_trend",6083,4510,0,-0.0122333941200453
"4517","beta_trend",6083,4511,0,-0.0122487151538713
"4518","beta_trend",6083,4512,0,-0.0122718990609314
"4519","beta_trend",6083,4513,0,-0.0123030005357954
"4520","beta_trend",6083,4514,0,-0.0123420715200456
"4521","beta_trend",6083,4515,0,-0.0124420947608624
"4522","beta_trend",6083,4516,0,-0.0124996909060512
"4523","beta_trend",6083,4517,0,-0.0125655018008956
"4524","beta_trend",6083,4518,0,-0.0126395724254962
"4525","beta_trend",6083,4519,0,-0.0127219450403775
"4526","beta_trend",6083,4520,0,-0.0128126591676414
"4527","beta_trend",6083,4521,0,-0.0129117515726896
"4528","beta_trend",6083,4522,0,-0.0130192562465217
"4529","beta_trend",6083,4523,0,-0.0131352043886157
"4530","beta_trend",6083,4524,0,-0.0132596243904003
"4531","beta_trend",6083,4525,0,-0.0133925418193261
"4532","beta_trend",6083,4526,0,-0.0135339794035448
"4533","beta_trend",6083,4527,0,-0.0136839570172049
"4534","beta_trend",6083,4528,0,-0.0138424916663695
"4535","beta_trend",6083,4529,0,-0.0140095974755715
"4536","beta_trend",6083,4530,0,-0.014185285675007
"4537","beta_trend",6083,4531,0,-0.0143695645883816
"4538","beta_trend",6083,4532,0,-0.0145624396214157
"4539","beta_trend",6083,4533,0,-0.0147639132510206
"4540","beta_trend",6083,4534,0,-0.0149739850151515
"4541","beta_trend",6083,4535,0,-0.0151926515033481
"4542","beta_trend",6083,4536,0,-0.0154199063479757
"4543","beta_trend",6083,4537,0,-0.0156557402161697
"4544","beta_trend",6083,4538,0,-0.0159001408024987
"4545","beta_trend",6083,4539,0,-0.0161530928223568
"4546","beta_trend",6083,4540,0,-0.0164145780060886
"4547","beta_trend",6083,4541,0,-0.0166845750938645
"4548","beta_trend",6083,4542,0,-0.0169630598313117
"4549","beta_trend",6083,4543,0,-0.0172500049659151
"4550","beta_trend",6083,4544,0,-0.0175453802441919
"4551","beta_trend",6083,4545,0,-0.0178491524096605
"4552","beta_trend",6083,4546,0,-0.0181612852016039
"4553","beta_trend",6083,4547,0,-0.0184817393546457
"4554","beta_trend",6083,4548,0,-0.0188104725991454
"4555","beta_trend",6083,4549,0,-0.019147439662426
"4556","beta_trend",6083,4550,0,-0.0194925922708434
"4557","beta_trend",6083,4551,0,-0.0198458791527093
"4558","beta_trend",6083,4552,0,-0.0202072460420772
"4559","beta_trend",6083,4553,0,-0.0205766356834055
"4560","beta_trend",6083,4554,0,-0.020953987837105
"4561","beta_trend",6083,4555,0,-0.0213392392859841
"4562","beta_trend",6083,4556,0,-0.0217323238426024
"4563","beta_trend",6083,4557,0,-0.0221331723575423
"4564","beta_trend",6083,4558,0,-0.0225417127286128
"4565","beta_trend",6083,4559,0,-0.0229301279987743
"4566","beta_trend",6083,4560,0,-0.0233550523173394
"4567","beta_trend",6083,4561,0,-0.0237873829964623
"4568","beta_trend",6083,4562,0,-0.0242270382682139
"4569","beta_trend",6083,4563,0,-0.0246739333979312
"4570","beta_trend",6083,4564,0,-0.0251279807016854
"4571","beta_trend",6083,4565,0,-0.0255890895646848
"4572","beta_trend",6083,4566,0,-0.0260571664606239
"4573","beta_trend",6083,4567,0,-0.0265321149719923
"4574","beta_trend",6083,4568,0,-0.0270138358113522
"4575","beta_trend",6083,4569,0,-0.0275022268436005
"4576","beta_trend",6083,4570,0,-0.0279971831092197
"4577","beta_trend",6083,4571,0,-0.0284985968485383
"4578","beta_trend",6083,4572,0,-0.0290063575270006
"4579","beta_trend",6083,4573,0,-0.0295203518614672
"4580","beta_trend",6083,4574,0,-0.0300404638475471
"4581","beta_trend",6083,4575,0,-0.0305665747879783
"4582","beta_trend",6083,4576,0,-0.0310985633220633
"4583","beta_trend",6083,4577,0,-0.0316363054561685
"4584","beta_trend",6083,4578,0,-0.0321796745952997
"4585","beta_trend",6083,4579,0,-0.0327285415757582
"4586","beta_trend",6083,4580,0,-0.0332827746988893
"4587","beta_trend",6083,4581,0,-0.0338422397659293
"4588","beta_trend",6083,4582,0,-0.034406800113958
"4589","beta_trend",6083,4583,0,-0.0349763166529671
"4590","beta_trend",6083,4584,0,-0.0355506479040451
"4591","beta_trend",6083,4585,0,-0.0361296500386922
"4592","beta_trend",6083,4586,0,-0.0367131769192633
"4593","beta_trend",6083,4587,0,-0.0373010801405503
"4594","beta_trend",6083,4588,0,-0.0378932090725047
"4595","beta_trend",6083,4589,0,-0.0384894109041055
"4596","beta_trend",6083,4590,0,-0.0390895306883763
"4597","beta_trend",6083,4591,0,-0.0396934113885532
"4598","beta_trend",6083,4592,0,-0.0403008939254064
"4599","beta_trend",6083,4593,0,-0.0409118172257166
"4600","beta_trend",6083,4594,0,-0.0415260182719076
"4601","beta_trend",6083,4595,0,-0.0421433321528352
"4602","beta_trend",6083,4596,0,-0.0427635921157297
"4603","beta_trend",6083,4597,0,-0.0433866296192943
"4604","beta_trend",6083,4598,0,-0.044012274387954
"4605","beta_trend",6083,4599,0,-0.044640354467253
"4606","beta_trend",6083,4600,0,-0.0452706962803993
"4607","beta_trend",6083,4601,0,-0.0459031246859468
"4608","beta_trend",6083,4602,0,-0.0465374630366147
"4609","beta_trend",6083,4603,0,-0.0471735332392356
"4610","beta_trend",6083,4604,0,-0.0478111558158241
"4611","beta_trend",6083,4605,0,-0.0484501499657599
"4612","beta_trend",6083,4606,0,-0.0490903336290749
"4613","beta_trend",6083,4607,0,-0.0497315235508347
"4614","beta_trend",6083,4608,0,-0.0503735353466044
"4615","beta_trend",6083,4609,0,-0.0510161835689856
"4616","beta_trend",6083,4610,0,-0.0516592817752116
"4617","beta_trend",6083,4611,0,-0.0523026425957874
"4618","beta_trend",6083,4612,0,-0.0529674204509297
"4619","beta_trend",6083,4613,0,-0.0536117242455352
"4620","beta_trend",6083,4614,0,-0.0542557663959882
"4621","beta_trend",6083,4615,0,-0.0548993582627649
"4622","beta_trend",6083,4616,0,-0.0555423107022203
"4623","beta_trend",6083,4617,0,-0.0561844341432768
"4624","beta_trend",6083,4618,0,-0.0568255386650879
"4625","beta_trend",6083,4619,0,-0.0574654340756567
"4626","beta_trend",6083,4620,0,-0.0581039299913861
"4627","beta_trend",6083,4621,0,-0.0587408359175371
"4628","beta_trend",6083,4622,0,-0.059375961329569
"4629","beta_trend",6083,4623,0,-0.0600091157553384
"4630","beta_trend",6083,4624,0,-0.0606401088581221
"4631","beta_trend",6083,4625,0,-0.061268750520447
"4632","beta_trend",6083,4626,0,-0.0618948509286832
"4633","beta_trend",6083,4627,0,-0.0625182206583796
"4634","beta_trend",6083,4628,0,-0.0631386707603068
"4635","beta_trend",6083,4629,0,-0.0637560128471685
"4636","beta_trend",6083,4630,0,-0.0643700591809562
"4637","beta_trend",6083,4631,0,-0.0649806227609001
"4638","beta_trend",6083,4632,0,-0.0655875174119878
"4639","beta_trend",6083,4633,0,-0.0661905578740064
"4640","beta_trend",6083,4634,0,-0.0667895598910727
"4641","beta_trend",6083,4635,0,-0.067384340301604
"4642","beta_trend",6083,4636,0,-0.067974717128694
"4643","beta_trend",6083,4637,0,-0.0685605096708467
"4644","beta_trend",6083,4638,0,-0.0691415385930217
"4645","beta_trend",6083,4639,0,-0.069717626017951
"4646","beta_trend",6083,4640,0,-0.07028859561767
"4647","beta_trend",6083,4641,0,-0.0708542727052281
"4648","beta_trend",6083,4642,0,-0.071414484326514
"4649","beta_trend",6083,4643,0,-0.0719690593521576
"4650","beta_trend",6083,4644,0,-0.0725178285694483
"4651","beta_trend",6083,4645,0,-0.0730606247742216
"4652","beta_trend",6083,4646,0,-0.0735972828626573
"4653","beta_trend",6083,4647,0,-0.0741276399229348
"4654","beta_trend",6083,4648,0,-0.0746515353266883
"4655","beta_trend",6083,4649,0,-0.0751688108202067
"4656","beta_trend",6083,4650,0,-0.0756793106153172
"4657","beta_trend",6083,4651,0,-0.0761828814798967
"4658","beta_trend",6083,4652,0,-0.0766793728279458
"4659","beta_trend",6083,4653,0,-0.0771686368091686
"4660","beta_trend",6083,4654,0,-0.077650528397995
"4661","beta_trend",6083,4655,0,-0.0780947743104196
"4662","beta_trend",6083,4656,0,-0.0785628301957453
"4663","beta_trend",6083,4657,0,-0.0790230405682679
"4664","beta_trend",6083,4658,0,-0.079475274778363
"4665","beta_trend",6083,4659,0,-0.0799194053554276
"4666","beta_trend",6083,4660,0,-0.080355308094853
"4667","beta_trend",6083,4661,0,-0.0807828621439043
"4668","beta_trend",6083,4662,0,-0.0812019500864468
"4669","beta_trend",6083,4663,0,-0.0816124580264467
"4670","beta_trend",6083,4664,0,-0.0820142756701843
"4671","beta_trend",6083,4665,0,-0.0824072964071084
"4672","beta_trend",6083,4666,0,-0.0827914173892668
"4673","beta_trend",6083,4667,0,-0.0831665396092419
"4674","beta_trend",6083,4668,0,-0.0835325679765251
"4675","beta_trend",6083,4669,0,-0.0838894113922601
"4676","beta_trend",6083,4670,0,-0.0842369828222876
"4677","beta_trend",6083,4671,0,-0.084575199368419
"4678","beta_trend",6083,4672,0,-0.0849039823378761
"4679","beta_trend",6083,4673,0,-0.0852232573108215
"4680","beta_trend",6083,4674,0,-0.0855329542059139
"4681","beta_trend",6083,4675,0,-0.085833007343821
"4682","beta_trend",6083,4676,0,-0.0861233555086186
"4683","beta_trend",6083,4677,0,-0.0864039420070088
"4684","beta_trend",6083,4678,0,-0.0866747147252902
"4685","beta_trend",6083,4679,0,-0.0869356261840118
"4686","beta_trend",6083,4680,0,-0.0871866335902448
"4687","beta_trend",6083,4681,0,-0.0874276988874038
"4688","beta_trend",6083,4682,0,-0.0876587888025548
"4689","beta_trend",6083,4683,0,-0.0878798748911427
"4690","beta_trend",6083,4684,0,-0.0880909335790746
"4691","beta_trend",6083,4685,0,-0.0882919462020969
"4692","beta_trend",6083,4686,0,-0.0884828990424019
"4693","beta_trend",6083,4687,0,-0.0886637833624037
"4694","beta_trend",6083,4688,0,-0.0888345954356243
"4695","beta_trend",6083,4689,0,-0.0889953365746273
"4696","beta_trend",6083,4690,0,-0.0891460131559465
"4697","beta_trend",6083,4691,0,-0.0892866366419467
"4698","beta_trend",6083,4692,0,-0.0894172235995681
"4699","beta_trend",6083,4693,0,-0.0895377957158958
"4700","beta_trend",6083,4694,0,-0.0896483798105042
"4701","beta_trend",6083,4695,0,-0.0897490078445266
"4702","beta_trend",6083,4696,0,-0.0898397169263976
"4703","beta_trend",6083,4697,0,-0.0899205493142289
"4704","beta_trend",6083,4698,0,-0.0899915524147633
"4705","beta_trend",6083,4699,0,-0.0900527787788719
"4706","beta_trend",6083,4700,0,-0.0901042860935494
"4707","beta_trend",6083,4701,0,-0.0901461371703682
"4708","beta_trend",6083,4702,0,-0.090178399930358
"4709","beta_trend",6083,4703,0,-0.0902011473852689
"4710","beta_trend",6083,4704,0,-0.0902144576151936
"4711","beta_trend",6083,4705,0,-0.0902184137425133
"4712","beta_trend",6083,4706,0,-0.0902131039021398
"4713","beta_trend",6083,4707,0,-0.090198621208031
"4714","beta_trend",6083,4708,0,-0.0902325615470257
"4715","beta_trend",6083,4709,0,-0.0902026845078051
"4716","beta_trend",6083,4710,0,-0.090164058819075
"4717","beta_trend",6083,4711,0,-0.0901168017827442
"4718","beta_trend",6083,4712,0,-0.0900610356300751
"4719","beta_trend",6083,4713,0,-0.0899968874712463
"4720","beta_trend",6083,4714,0,-0.0899244892412487
"4721","beta_trend",6083,4715,0,-0.0898439776421135
"4722","beta_trend",6083,4716,0,-0.0897554940814759
"4723","beta_trend",6083,4717,0,-0.0896591846074817
"4724","beta_trend",6083,4718,0,-0.0895551998400438
"4725","beta_trend",6083,4719,0,-0.0894436948984624
"4726","beta_trend",6083,4720,0,-0.0893248293254246
"4727","beta_trend",6083,4721,0,-0.089198767007399
"4728","beta_trend",6083,4722,0,-0.0890656760914523
"4729","beta_trend",6083,4723,0,-0.088925728898508
"4730","beta_trend",6083,4724,0,-0.0887791018330796
"4731","beta_trend",6083,4725,0,-0.0886259752895049
"4732","beta_trend",6083,4726,0,-0.0884665335547238
"4733","beta_trend",6083,4727,0,-0.0883009647076298
"4734","beta_trend",6083,4728,0,-0.0881294605150431
"4735","beta_trend",6083,4729,0,-0.087952216324346
"4736","beta_trend",6083,4730,0,-0.0877694309528327
"4737","beta_trend",6083,4731,0,-0.0875813065738212
"4738","beta_trend",6083,4732,0,-0.0873880485995863
"4739","beta_trend",6083,4733,0,-0.0871898655611684
"4740","beta_trend",6083,4734,0,-0.0869869689851226
"4741","beta_trend",6083,4735,0,-0.0867795732672719
"4742","beta_trend",6083,4736,0,-0.0865678955435335
"4743","beta_trend",6083,4737,0,-0.0863521555578868
"4744","beta_trend",6083,4738,0,-0.0861325755275641
"4745","beta_trend",6083,4739,0,-0.0859093800055365
"4746","beta_trend",6083,4740,0,-0.0856827957403771
"4747","beta_trend",6083,4741,0,-0.0854530515335905
"4748","beta_trend",6083,4742,0,-0.0852203780944895
"4749","beta_trend",6083,4743,0,-0.0849850078927137
"4750","beta_trend",6083,4744,0,-0.0847471750084849
"4751","beta_trend",6083,4745,0,-0.0845071149806919
"4752","beta_trend",6083,4746,0,-0.0842650646529061
"4753","beta_trend",6083,4747,0,-0.0840212620174333
"4754","beta_trend",6083,4748,0,-0.0837759460575019
"4755","beta_trend",6083,4749,0,-0.0835293565876979
"4756","beta_trend",6083,4750,0,-0.0832817340927597
"4757","beta_trend",6083,4751,0,-0.0830333195648408
"4758","beta_trend",6083,4752,0,-0.082746500605996
"4759","beta_trend",6083,4753,0,-0.0824989020177858
"4760","beta_trend",6083,4754,0,-0.0822511654078856
"4761","beta_trend",6083,4755,0,-0.0820035349190665
"4762","beta_trend",6083,4756,0,-0.0817562542677008
"4763","beta_trend",6083,4757,0,-0.0815095665777158
"4764","beta_trend",6083,4758,0,-0.0812637142137798
"4765","beta_trend",6083,4759,0,-0.0810189386138538
"4766","beta_trend",6083,4760,0,-0.0807754801212468
"4767","beta_trend",6083,4761,0,-0.0805335778163054
"4768","beta_trend",6083,4762,0,-0.080293469347883
"4769","beta_trend",6083,4763,0,-0.0800553907647218
"4770","beta_trend",6083,4764,0,-0.0798195763468931
"4771","beta_trend",6083,4765,0,-0.0795862584374337
"4772","beta_trend",6083,4766,0,-0.0793556672743253
"4773","beta_trend",6083,4767,0,-0.0791280308229587
"4774","beta_trend",6083,4768,0,-0.0789035746092271
"4775","beta_trend",6083,4769,0,-0.0786825215533953
"4776","beta_trend",6083,4770,0,-0.0784650918048915
"4777","beta_trend",6083,4771,0,-0.0782515025781653
"4778","beta_trend",6083,4772,0,-0.0780419679897608
"4779","beta_trend",6083,4773,0,-0.0778366988967523
"4780","beta_trend",6083,4774,0,-0.0776359027366853
"4781","beta_trend",6083,4775,0,-0.0774397833691759
"4782","beta_trend",6083,4776,0,-0.0772485409193097
"4783","beta_trend",6083,4777,0,-0.0770623716229872
"4784","beta_trend",6083,4778,0,-0.0768814676743655
"4785","beta_trend",6083,4779,0,-0.0767060170755332
"4786","beta_trend",6083,4780,0,-0.076536203488569
"4787","beta_trend",6083,4781,0,-0.0763722060901257
"4788","beta_trend",6083,4782,0,-0.0762141994286782
"4789","beta_trend",6083,4783,0,-0.0760623532845783
"4790","beta_trend",6083,4784,0,-0.0759168325330564
"4791","beta_trend",6083,4785,0,-0.0757777970103043
"4792","beta_trend",6083,4786,0,-0.0756454013827781
"4793","beta_trend",6083,4787,0,-0.075519795019852
"4794","beta_trend",6083,4788,0,-0.0754011218699577
"4795","beta_trend",6083,4789,0,-0.0752895203403358
"4796","beta_trend",6083,4790,0,-0.0751851231805296
"4797","beta_trend",6083,4791,0,-0.0750880573697444
"4798","beta_trend",6083,4792,0,-0.0749984440081932
"4799","beta_trend",6083,4793,0,-0.0749163982125515
"4800","beta_trend",6083,4794,0,-0.074842029015636
"4801","beta_trend",6083,4795,0,-0.0747754392704186
"4802","beta_trend",6083,4796,0,-0.0747167255584916
"4803","beta_trend",6083,4797,0,-0.0746659781030835
"4804","beta_trend",6083,4798,0,-0.0746232806867374
"4805","beta_trend",6083,4799,0,-0.0745887105737455
"4806","beta_trend",6083,4800,0,-0.0745623384374384
"4807","beta_trend",6083,4801,0,-0.0745442282924236
"4808","beta_trend",6083,4802,0,-0.0745344374318574
"4809","beta_trend",6083,4803,0,-0.0745330163698409
"4810","beta_trend",6083,4804,0,-0.0745400087890135
"4811","beta_trend",6083,4805,0,-0.0745766988967873
"4812","beta_trend",6083,4806,0,-0.0746016007110206
"4813","beta_trend",6083,4807,0,-0.0746350481499172
"4814","beta_trend",6083,4808,0,-0.074677058875935
"4815","beta_trend",6083,4809,0,-0.0747276436026237
"4816","beta_trend",6083,4810,0,-0.0747868060769945
"4817","beta_trend",6083,4811,0,-0.0748545430675842
"4818","beta_trend",6083,4812,0,-0.0749308443582669
"4819","beta_trend",6083,4813,0,-0.0750156927478418
"4820","beta_trend",6083,4814,0,-0.0751090640554409
"4821","beta_trend",6083,4815,0,-0.0752109271317799
"4822","beta_trend",6083,4816,0,-0.0753212438762785
"4823","beta_trend",6083,4817,0,-0.0754399692600689
"4824","beta_trend",6083,4818,0,-0.075567051354903
"4825","beta_trend",6083,4819,0,-0.0757024313679699
"4826","beta_trend",6083,4820,0,-0.0758460436826229
"4827","beta_trend",6083,4821,0,-0.075997815905013
"4828","beta_trend",6083,4822,0,-0.076157668916621
"4829","beta_trend",6083,4823,0,-0.0763255169326741
"4830","beta_trend",6083,4824,0,-0.0765012675664242
"4831","beta_trend",6083,4825,0,-0.0766848218992644
"4832","beta_trend",6083,4826,0,-0.0768760745566519
"4833","beta_trend",6083,4827,0,-0.0770749137897998
"4834","beta_trend",6083,4828,0,-0.0772812215630929
"4835","beta_trend",6083,4829,0,-0.077494873647184
"4836","beta_trend",6083,4830,0,-0.0777157397177104
"4837","beta_trend",6083,4831,0,-0.0779436834595743
"4838","beta_trend",6083,4832,0,-0.0781785626767211
"4839","beta_trend",6083,4833,0,-0.0784202294073445
"4840","beta_trend",6083,4834,0,-0.0786685300444391
"4841","beta_trend",6083,4835,0,-0.0789233054616216
"4842","beta_trend",6083,4836,0,-0.0791843911441306
"4843","beta_trend",6083,4837,0,-0.0794516173249125
"4844","beta_trend",6083,4838,0,-0.0797248091256932
"4845","beta_trend",6083,4839,0,-0.0800037867029353
"4846","beta_trend",6083,4840,0,-0.0802883653985641
"4847","beta_trend",6083,4841,0,-0.0805783558953578
"4848","beta_trend",6083,4842,0,-0.080873564376872
"4849","beta_trend",6083,4843,0,-0.0811737926917817
"4850","beta_trend",6083,4844,0,-0.081478838522504
"4851","beta_trend",6083,4845,0,-0.0817884955579751
"4852","beta_trend",6083,4846,0,-0.082102553670432
"4853","beta_trend",6083,4847,0,-0.0824207990960641
"4854","beta_trend",6083,4848,0,-0.0827085328569073
"4855","beta_trend",6083,4849,0,-0.0830360226283156
"4856","beta_trend",6083,4850,0,-0.0833669745420116
"4857","beta_trend",6083,4851,0,-0.0837011646854406
"4858","beta_trend",6083,4852,0,-0.0840383663741436
"4859","beta_trend",6083,4853,0,-0.0843783503553563
"4860","beta_trend",6083,4854,0,-0.0847208850142573
"4861","beta_trend",6083,4855,0,-0.0850657365826922
"4862","beta_trend",6083,4856,0,-0.0854126693501945
"4863","beta_trend",6083,4857,0,-0.0857614458771185
"4864","beta_trend",6083,4858,0,-0.086111827209705
"4865","beta_trend",6083,4859,0,-0.0864635730968866
"4866","beta_trend",6083,4860,0,-0.0868164422086436
"4867","beta_trend",6083,4861,0,-0.087170192355718
"4868","beta_trend",6083,4862,0,-0.0875245807104869
"4869","beta_trend",6083,4863,0,-0.0878793640287999
"4870","beta_trend",6083,4864,0,-0.0882342988725781
"4871","beta_trend",6083,4865,0,-0.0885891418329716
"4872","beta_trend",6083,4866,0,-0.0889436497538754
"4873","beta_trend",6083,4867,0,-0.0892975799555907
"4874","beta_trend",6083,4868,0,-0.089650690458433
"4875","beta_trend",6083,4869,0,-0.0900027402060717
"4876","beta_trend",6083,4870,0,-0.090353489288396
"4877","beta_trend",6083,4871,0,-0.0907026991636951
"4878","beta_trend",6083,4872,0,-0.0910501328799442
"4879","beta_trend",6083,4873,0,-0.0913955552949817
"4880","beta_trend",6083,4874,0,-0.0917387332953722
"4881","beta_trend",6083,4875,0,-0.0920794360137376
"4882","beta_trend",6083,4876,0,-0.0924174350443527
"4883","beta_trend",6083,4877,0,-0.0927525046567879
"4884","beta_trend",6083,4878,0,-0.0930844220073958
"4885","beta_trend",6083,4879,0,-0.0934129673484291
"4886","beta_trend",6083,4880,0,-0.0937379242345843
"4887","beta_trend",6083,4881,0,-0.0940590797267644
"4888","beta_trend",6083,4882,0,-0.0943762245928558
"4889","beta_trend",6083,4883,0,-0.0946891535053173
"4890","beta_trend",6083,4884,0,-0.09499766523538
"4891","beta_trend",6083,4885,0,-0.0953015628436606
"4892","beta_trend",6083,4886,0,-0.0956006538669882
"4893","beta_trend",6083,4887,0,-0.0958947505012574
"4894","beta_trend",6083,4888,0,-0.0961836697801104
"4895","beta_trend",6083,4889,0,-0.0964672337492642
"4896","beta_trend",6083,4890,0,-0.0967452696362985
"4897","beta_trend",6083,4891,0,-0.0970176100157187
"4898","beta_trend",6083,4892,0,-0.0972840929691251
"4899","beta_trend",6083,4893,0,-0.0975445622403038
"4900","beta_trend",6083,4894,0,-0.0977988673850795
"4901","beta_trend",6083,4895,0,-0.0980468639157577
"4902","beta_trend",6083,4896,0,-0.0982884134400001
"4903","beta_trend",6083,4897,0,-0.0985233837939724
"4904","beta_trend",6083,4898,0,-0.0987516491696172
"4905","beta_trend",6083,4899,0,-0.0989730902359001
"4906","beta_trend",6083,4900,0,-0.0991875942538917
"4907","beta_trend",6083,4901,0,-0.099448662070146
"4908","beta_trend",6083,4902,0,-0.0996514537867036
"4909","beta_trend",6083,4903,0,-0.0998471184449767
"4910","beta_trend",6083,4904,0,-0.100035575064151
"4911","beta_trend",6083,4905,0,-0.100216749896504
"4912","beta_trend",6083,4906,0,-0.100390576508236
"4913","beta_trend",6083,4907,0,-0.100556995853443
"4914","beta_trend",6083,4908,0,-0.100715956341157
"4915","beta_trend",6083,4909,0,-0.100867413895346
"4916","beta_trend",6083,4910,0,-0.10101133200782
"4917","beta_trend",6083,4911,0,-0.101147681783944
"4918","beta_trend",6083,4912,0,-0.101276441981112
"4919","beta_trend",6083,4913,0,-0.101397599039914
"4920","beta_trend",6083,4914,0,-0.101511147107939
"4921","beta_trend",6083,4915,0,-0.101617088056188
"4922","beta_trend",6083,4916,0,-0.101715431488027
"4923","beta_trend",6083,4917,0,-0.101806194740682
"4924","beta_trend",6083,4918,0,-0.101889402879233
"4925","beta_trend",6083,4919,0,-0.101965088683088
"4926","beta_trend",6083,4920,0,-0.102033292624945
"4927","beta_trend",6083,4921,0,-0.102094062842224
"4928","beta_trend",6083,4922,0,-0.102147455100975
"4929","beta_trend",6083,4923,0,-0.102193532752291
"4930","beta_trend",6083,4924,0,-0.102232366681223
"4931","beta_trend",6083,4925,0,-0.102264035248246
"4932","beta_trend",6083,4926,0,-0.102288624223294
"4933","beta_trend",6083,4927,0,-0.102306226712419
"4934","beta_trend",6083,4928,0,-0.102316943077115
"4935","beta_trend",6083,4929,0,-0.102320880846376
"4936","beta_trend",6083,4930,0,-0.102318154621533
"4937","beta_trend",6083,4931,0,-0.102308885973962
"4938","beta_trend",6083,4932,0,-0.102293203335735
"4939","beta_trend",6083,4933,0,-0.102271241883295
"4940","beta_trend",6083,4934,0,-0.102243143414254
"4941","beta_trend",6083,4935,0,-0.102209056217418
"4942","beta_trend",6083,4936,0,-0.102169134936136
"4943","beta_trend",6083,4937,0,-0.102123540425102
"4944","beta_trend",6083,4938,0,-0.102072439600717
"4945","beta_trend",6083,4939,0,-0.102016005285148
"4946","beta_trend",6083,4940,0,-0.101954416044221
"4947","beta_trend",6083,4941,0,-0.101887856019279
"4948","beta_trend",6083,4942,0,-0.101816514753163
"4949","beta_trend",6083,4943,0,-0.101740587010465
"4950","beta_trend",6083,4944,0,-0.101660272592213
"4951","beta_trend",6083,4945,0,-0.101545215566753
"4952","beta_trend",6083,4946,0,-0.101458099179941
"4953","beta_trend",6083,4947,0,-0.101367167014405
"4954","beta_trend",6083,4948,0,-0.101272639297703
"4955","beta_trend",6083,4949,0,-0.101174740208014
"4956","beta_trend",6083,4950,0,-0.101073697661813
"4957","beta_trend",6083,4951,0,-0.100969743097182
"4958","beta_trend",6083,4952,0,-0.100863111252964
"4959","beta_trend",6083,4953,0,-0.100754039943971
"4960","beta_trend",6083,4954,0,-0.100642769832447
"4961","beta_trend",6083,4955,0,-0.100529544196028
"4962","beta_trend",6083,4956,0,-0.1004146086924
"4963","beta_trend",6083,4957,0,-0.100298211120893
"4964","beta_trend",6083,4958,0,-0.100180601181239
"4965","beta_trend",6083,4959,0,-0.100062030229721
"4966","beta_trend",6083,4960,0,-0.0999427510329616
"4967","beta_trend",6083,4961,0,-0.0998230175195767
"4968","beta_trend",6083,4962,0,-0.0997030845299468
"4969","beta_trend",6083,4963,0,-0.099583207564345
"4970","beta_trend",6083,4964,0,-0.0994636425296682
"4971","beta_trend",6083,4965,0,-0.099344645485023
"4972","beta_trend",6083,4966,0,-0.0992264723864126
"4973","beta_trend",6083,4967,0,-0.0991093788307784
"4974","beta_trend",6083,4968,0,-0.0989936197996512
"4975","beta_trend",6083,4969,0,-0.0988794494026577
"4976","beta_trend",6083,4970,0,-0.0987671206211479
"4977","beta_trend",6083,4971,0,-0.0986568850521881
"4978","beta_trend",6083,4972,0,-0.098548992653181
"4979","beta_trend",6083,4973,0,-0.0984436914873631
"4980","beta_trend",6083,4974,0,-0.0983412274704379
"4981","beta_trend",6083,4975,0,-0.098241844118596
"4982","beta_trend",6083,4976,0,-0.0981457822981758
"4983","beta_trend",6083,4977,0,-0.0980532799772162
"4984","beta_trend",6083,4978,0,-0.097964571979154
"4985","beta_trend",6083,4979,0,-0.0978798897389109
"4986","beta_trend",6083,4980,0,-0.0977994610616202
"4987","beta_trend",6083,4981,0,-0.0977235098842362
"4988","beta_trend",6083,4982,0,-0.0976522560402696
"4989","beta_trend",6083,4983,0,-0.0975859150278878
"4990","beta_trend",6083,4984,0,-0.0975246977816171
"4991","beta_trend",6083,4985,0,-0.0974688104478794
"4992","beta_trend",6083,4986,0,-0.097418454164595
"4993","beta_trend",6083,4987,0,-0.0973738248450778
"4994","beta_trend",6083,4988,0,-0.0973351129664429
"4995","beta_trend",6083,4989,0,-0.0973025033627488
"4996","beta_trend",6083,4990,0,-0.0972761750230848
"4997","beta_trend",6083,4991,0,-0.0972563008948154
"4998","beta_trend",6083,4992,0,-0.0972430476921846
"4999","beta_trend",6083,4993,0,-0.0972365757104814
"5000","beta_trend",6083,4994,0,-0.0972370386459582
"5001","beta_trend",6083,4995,0,-0.0972445834216943
"5002","beta_trend",6083,4996,0,-0.0972593500195841
"5003","beta_trend",6083,4997,0,-0.0972814713186291
"5004","beta_trend",6083,4998,0,-0.0973417309811436
"5005","beta_trend",6083,4999,0,-0.0973803438288544
"5006","beta_trend",6083,5000,0,-0.0974267272590607
"5007","beta_trend",6083,5001,0,-0.0974809867413639
"5008","beta_trend",6083,5002,0,-0.0975432200267372
"5009","beta_trend",6083,5003,0,-0.0976135170300793
"5010","beta_trend",6083,5004,0,-0.0976919597202196
"5011","beta_trend",6083,5005,0,-0.0977786220175008
"5012","beta_trend",6083,5006,0,-0.0978735696990537
"5013","beta_trend",6083,5007,0,-0.0979768603118792
"5014","beta_trend",6083,5008,0,-0.0980885430938363
"5015","beta_trend",6083,5009,0,-0.0982086589026356
"5016","beta_trend",6083,5010,0,-0.0983372401529224
"5017","beta_trend",6083,5011,0,-0.0984743107615287
"5018","beta_trend",6083,5012,0,-0.0986198861009691
"5019","beta_trend",6083,5013,0,-0.0987739729612375
"5020","beta_trend",6083,5014,0,-0.0989365695199674
"5021","beta_trend",6083,5015,0,-0.0991076653209937
"5022","beta_trend",6083,5016,0,-0.0992872412613612
"5023","beta_trend",6083,5017,0,-0.0994752695868042
"5024","beta_trend",6083,5018,0,-0.0996717138957236
"5025","beta_trend",6083,5019,0,-0.0998765291516683
"5026","beta_trend",6083,5020,0,-0.10008966170433
"5027","beta_trend",6083,5021,0,-0.100311049319044
"5028","beta_trend",6083,5022,0,-0.100540621214784
"5029","beta_trend",6083,5023,0,-0.100778298110629
"5030","beta_trend",6083,5024,0,-0.101023992280672
"5031","beta_trend",6083,5025,0,-0.101277607617331
"5032","beta_trend",6083,5026,0,-0.101539039703016
"5033","beta_trend",6083,5027,0,-0.101808175890096
"5034","beta_trend",6083,5028,0,-0.1020848953891
"5035","beta_trend",6083,5029,0,-0.102369069365083
"5036","beta_trend",6083,5030,0,-0.102660561042069
"5037","beta_trend",6083,5031,0,-0.10295922581549
"5038","beta_trend",6083,5032,0,-0.103264911372514
"5039","beta_trend",6083,5033,0,-0.103577457820169
"5040","beta_trend",6083,5034,0,-0.103896697821128
"5041","beta_trend",6083,5035,0,-0.104222456737066
"5042","beta_trend",6083,5036,0,-0.104554552779417
"5043","beta_trend",6083,5037,0,-0.104892797167434
"5044","beta_trend",6083,5038,0,-0.105236994293382
"5045","beta_trend",6083,5039,0,-0.105586941894719
"5046","beta_trend",6083,5040,0,-0.105942431233106
"5047","beta_trend",6083,5041,0,-0.106303247280081
"5048","beta_trend",6083,5042,0,-0.106634546776085
"5049","beta_trend",6083,5043,0,-0.107006881287199
"5050","beta_trend",6083,5044,0,-0.107383797139285
"5051","beta_trend",6083,5045,0,-0.107765058673812
"5052","beta_trend",6083,5046,0,-0.108150424870939
"5053","beta_trend",6083,5047,0,-0.108539649574348
"5054","beta_trend",6083,5048,0,-0.108932481721312
"5055","beta_trend",6083,5049,0,-0.109328665577749
"5056","beta_trend",6083,5050,0,-0.109727940978072
"5057","beta_trend",6083,5051,0,-0.110130043569583
"5058","beta_trend",6083,5052,0,-0.110534705061194
"5059","beta_trend",6083,5053,0,-0.110941653476238
"5060","beta_trend",6083,5054,0,-0.111350613409118
"5061","beta_trend",6083,5055,0,-0.111761306285564
"5062","beta_trend",6083,5056,0,-0.112173450626237
"5063","beta_trend",6083,5057,0,-0.112586762313429
"5064","beta_trend",6083,5058,0,-0.113000954860607
"5065","beta_trend",6083,5059,0,-0.113415739684533
"5066","beta_trend",6083,5060,0,-0.113830826379707
"5067","beta_trend",6083,5061,0,-0.11424592299485
"5068","beta_trend",6083,5062,0,-0.114660736311181
"5069","beta_trend",6083,5063,0,-0.115074972122198
"5070","beta_trend",6083,5064,0,-0.115488335514691
"5071","beta_trend",6083,5065,0,-0.115900531150732
"5072","beta_trend",6083,5066,0,-0.116311263550339
"5073","beta_trend",6083,5067,0,-0.116720237374553
"5074","beta_trend",6083,5068,0,-0.117127157708649
"5075","beta_trend",6083,5069,0,-0.117531730345194
"5076","beta_trend",6083,5070,0,-0.117933662066679
"5077","beta_trend",6083,5071,0,-0.118332660927446
"5078","beta_trend",6083,5072,0,-0.118728436534629
"5079","beta_trend",6083,5073,0,-0.119120700327824
"5080","beta_trend",6083,5074,0,-0.119509165857229
"5081","beta_trend",6083,5075,0,-0.119893549059956
"5082","beta_trend",6083,5076,0,-0.120273568534249
"5083","beta_trend",6083,5077,0,-0.120648945811339
"5084","beta_trend",6083,5078,0,-0.121019405624658
"5085","beta_trend",6083,5079,0,-0.121384676176143
"5086","beta_trend",6083,5080,0,-0.121744489399362
"5087","beta_trend",6083,5081,0,-0.122098581219208
"5088","beta_trend",6083,5082,0,-0.122446691807881
"5089","beta_trend",6083,5083,0,-0.122788565836921
"5090","beta_trend",6083,5084,0,-0.12312395272502
"5091","beta_trend",6083,5085,0,-0.123452606881371
"5092","beta_trend",6083,5086,0,-0.123774287944316
"5093","beta_trend",6083,5087,0,-0.124088761015025
"5094","beta_trend",6083,5088,0,-0.124395796885999
"5095","beta_trend",6083,5089,0,-0.124695172264147
"5096","beta_trend",6083,5090,0,-0.124986669988205
"5097","beta_trend",6083,5091,0,-0.125270079240294
"5098","beta_trend",6083,5092,0,-0.12554519575138
"5099","beta_trend",6083,5093,0,-0.125811822000439
"5100","beta_trend",6083,5094,0,-0.126117321510667
"5101","beta_trend",6083,5095,0,-0.126368596749899
"5102","beta_trend",6083,5096,0,-0.126610927018727
"5103","beta_trend",6083,5097,0,-0.126844147522101
"5104","beta_trend",6083,5098,0,-0.127068101251701
"5105","beta_trend",6083,5099,0,-0.127282639148028
"5106","beta_trend",6083,5100,0,-0.127487620255016
"5107","beta_trend",6083,5101,0,-0.127682911867042
"5108","beta_trend",6083,5102,0,-0.127868389668153
"5109","beta_trend",6083,5103,0,-0.128043937863402
"5110","beta_trend",6083,5104,0,-0.128209449302142
"5111","beta_trend",6083,5105,0,-0.12836482559315
"5112","beta_trend",6083,5106,0,-0.128509977211489
"5113","beta_trend",6083,5107,0,-0.128644823596969
"5114","beta_trend",6083,5108,0,-0.128769293244135
"5115","beta_trend",6083,5109,0,-0.12888332378367
"5116","beta_trend",6083,5110,0,-0.128986862055142
"5117","beta_trend",6083,5111,0,-0.129079864171024
"5118","beta_trend",6083,5112,0,-0.129162295571902
"5119","beta_trend",6083,5113,0,-0.129234131072841
"5120","beta_trend",6083,5114,0,-0.129295354900835
"5121","beta_trend",6083,5115,0,-0.12934596072333
"5122","beta_trend",6083,5116,0,-0.129385951667756
"5123","beta_trend",6083,5117,0,-0.129415340332077
"5124","beta_trend",6083,5118,0,-0.129434148786328
"5125","beta_trend",6083,5119,0,-0.129442408565146
"5126","beta_trend",6083,5120,0,-0.129440160651288
"5127","beta_trend",6083,5121,0,-0.129427455450164
"5128","beta_trend",6083,5122,0,-0.129404352755402
"5129","beta_trend",6083,5123,0,-0.12937092170547
"5130","beta_trend",6083,5124,0,-0.129327240731408
"5131","beta_trend",6083,5125,0,-0.129273397495717
"5132","beta_trend",6083,5126,0,-0.129209488822448
"5133","beta_trend",6083,5127,0,-0.12913562061859
"5134","beta_trend",6083,5128,0,-0.12905190778679
"5135","beta_trend",6083,5129,0,-0.128958474129534
"5136","beta_trend",6083,5130,0,-0.128855452244848
"5137","beta_trend",6083,5131,0,-0.12874298341363
"5138","beta_trend",6083,5132,0,-0.128621217478735
"5139","beta_trend",6083,5133,0,-0.12849031271591
"5140","beta_trend",6083,5134,0,-0.128350435696718
"5141","beta_trend",6083,5135,0,-0.128201761143579
"5142","beta_trend",6083,5136,0,-0.128044471777073
"5143","beta_trend",6083,5137,0,-0.127878758155648
"5144","beta_trend",6083,5138,0,-0.127661597020986
"5145","beta_trend",6083,5139,0,-0.127481550092249
"5146","beta_trend",6083,5140,0,-0.12729361559703
"5147","beta_trend",6083,5141,0,-0.127098016861924
"5148","beta_trend",6083,5142,0,-0.126894984026192
"5149","beta_trend",6083,5143,0,-0.126684753843262
"5150","beta_trend",6083,5144,0,-0.126467569475758
"5151","beta_trend",6083,5145,0,-0.126243680284286
"5152","beta_trend",6083,5146,0,-0.126013341610157
"5153","beta_trend",6083,5147,0,-0.125776814552295
"5154","beta_trend",6083,5148,0,-0.125534365738531
"5155","beta_trend",6083,5149,0,-0.125286267091514
"5156","beta_trend",6083,5150,0,-0.125032795589492
"5157","beta_trend",6083,5151,0,-0.12477423302216
"5158","beta_trend",6083,5152,0,-0.124510865741869
"5159","beta_trend",6083,5153,0,-0.124242984410387
"5160","beta_trend",6083,5154,0,-0.123970883741517
"5161","beta_trend",6083,5155,0,-0.123694862239776
"5162","beta_trend",6083,5156,0,-0.123415221935432
"5163","beta_trend",6083,5157,0,-0.123132268116131
"5164","beta_trend",6083,5158,0,-0.122846309055403
"5165","beta_trend",6083,5159,0,-0.122557655738291
"5166","beta_trend",6083,5160,0,-0.122266621584382
"5167","beta_trend",6083,5161,0,-0.121973522168517
"5168","beta_trend",6083,5162,0,-0.121678674939438
"5169","beta_trend",6083,5163,0,-0.121382398936662
"5170","beta_trend",6083,5164,0,-0.121085014505845
"5171","beta_trend",6083,5165,0,-0.120786843012921
"5172","beta_trend",6083,5166,0,-0.12048820655729
"5173","beta_trend",6083,5167,0,-0.120189427684329
"5174","beta_trend",6083,5168,0,-0.119890829097522
"5175","beta_trend",6083,5169,0,-0.119592733370454
"5176","beta_trend",6083,5170,0,-0.119295462658983
"5177","beta_trend",6083,5171,0,-0.118999338413845
"5178","beta_trend",6083,5172,0,-0.118704681093966
"5179","beta_trend",6083,5173,0,-0.118411809880776
"5180","beta_trend",6083,5174,0,-0.118121042393775
"5181","beta_trend",6083,5175,0,-0.117832694407634
"5182","beta_trend",6083,5176,0,-0.117547079571107
"5183","beta_trend",6083,5177,0,-0.117264509128004
"5184","beta_trend",6083,5178,0,-0.116985291640502
"5185","beta_trend",6083,5179,0,-0.116709732715056
"5186","beta_trend",6083,5180,0,-0.116438134731156
"5187","beta_trend",6083,5181,0,-0.116170796573208
"5188","beta_trend",6083,5182,0,-0.115908013365762
"5189","beta_trend",6083,5183,0,-0.115650076212358
"5190","beta_trend",6083,5184,0,-0.115397271938224
"5191","beta_trend",6083,5185,0,-0.115149882837065
"5192","beta_trend",6083,5186,0,-0.114908186422176
"5193","beta_trend",6083,5187,0,-0.114672455182113
"5194","beta_trend",6083,5188,0,-0.11444295634115
"5195","beta_trend",6083,5189,0,-0.114219951624728
"5196","beta_trend",6083,5190,0,-0.114003697030123
"5197","beta_trend",6083,5191,0,-0.113825404607727
"5198","beta_trend",6083,5192,0,-0.113624821089547
"5199","beta_trend",6083,5193,0,-0.113431781110156
"5200","beta_trend",6083,5194,0,-0.113246518085278
"5201","beta_trend",6083,5195,0,-0.113069258734543
"5202","beta_trend",6083,5196,0,-0.112900222890705
"5203","beta_trend",6083,5197,0,-0.112739623315483
"5204","beta_trend",6083,5198,0,-0.112587665522197
"5205","beta_trend",6083,5199,0,-0.112444547605354
"5206","beta_trend",6083,5200,0,-0.112310460077339
"5207","beta_trend",6083,5201,0,-0.112185585712345
"5208","beta_trend",6083,5202,0,-0.112070099397686
"5209","beta_trend",6083,5203,0,-0.111964167992618
"5210","beta_trend",6083,5204,0,-0.111867950194786
"5211","beta_trend",6083,5205,0,-0.111781596414414
"5212","beta_trend",6083,5206,0,-0.111705248656338
"5213","beta_trend",6083,5207,0,-0.111639040409976
"5214","beta_trend",6083,5208,0,-0.111583096547337
"5215","beta_trend",6083,5209,0,-0.111537533229127
"5216","beta_trend",6083,5210,0,-0.111502457819042
"5217","beta_trend",6083,5211,0,-0.111477968806306
"5218","beta_trend",6083,5212,0,-0.111464155736504
"5219","beta_trend",6083,5213,0,-0.111461099150758
"5220","beta_trend",6083,5214,0,-0.111468870533297
"5221","beta_trend",6083,5215,0,-0.111487532267423
"5222","beta_trend",6083,5216,0,-0.111517137599929
"5223","beta_trend",6083,5217,0,-0.111557730613952
"5224","beta_trend",6083,5218,0,-0.111609346210282
"5225","beta_trend",6083,5219,0,-0.111672010097111
"5226","beta_trend",6083,5220,0,-0.111745738788232
"5227","beta_trend",6083,5221,0,-0.111830539609631
"5228","beta_trend",6083,5222,0,-0.111926410714475
"5229","beta_trend",6083,5223,0,-0.112033341106451
"5230","beta_trend",6083,5224,0,-0.112151310671386
"5231","beta_trend",6083,5225,0,-0.112280290217137
"5232","beta_trend",6083,5226,0,-0.112420241521645
"5233","beta_trend",6083,5227,0,-0.112571117389116
"5234","beta_trend",6083,5228,0,-0.11273286171423
"5235","beta_trend",6083,5229,0,-0.112905409554307
"5236","beta_trend",6083,5230,0,-0.113088687209318
"5237","beta_trend",6083,5231,0,-0.113282612309666
"5238","beta_trend",6083,5232,0,-0.113487093911598
"5239","beta_trend",6083,5233,0,-0.113702032600159
"5240","beta_trend",6083,5234,0,-0.113927320599545
"5241","beta_trend",6083,5235,0,-0.114138977381613
"5242","beta_trend",6083,5236,0,-0.114385665294265
"5243","beta_trend",6083,5237,0,-0.114642285792786
"5244","beta_trend",6083,5238,0,-0.114908700659707
"5245","beta_trend",6083,5239,0,-0.115184763910624
"5246","beta_trend",6083,5240,0,-0.115470321948144
"5247","beta_trend",6083,5241,0,-0.115765213722126
"5248","beta_trend",6083,5242,0,-0.116069270896045
"5249","beta_trend",6083,5243,0,-0.116382318019292
"5250","beta_trend",6083,5244,0,-0.116704172705227
"5251","beta_trend",6083,5245,0,-0.117034645814809
"5252","beta_trend",6083,5246,0,-0.117373541645578
"5253","beta_trend",6083,5247,0,-0.117720658125822
"5254","beta_trend",6083,5248,0,-0.118075787013698
"5255","beta_trend",6083,5249,0,-0.118438714101114
"5256","beta_trend",6083,5250,0,-0.118809219422147
"5257","beta_trend",6083,5251,0,-0.119187077465791
"5258","beta_trend",6083,5252,0,-0.119572057392801
"5259","beta_trend",6083,5253,0,-0.119963923256422
"5260","beta_trend",6083,5254,0,-0.120362434226762
"5261","beta_trend",6083,5255,0,-0.120767344818582
"5262","beta_trend",6083,5256,0,-0.121178405122283
"5263","beta_trend",6083,5257,0,-0.121595361037827
"5264","beta_trend",6083,5258,0,-0.122017954511374
"5265","beta_trend",6083,5259,0,-0.122445923774394
"5266","beta_trend",6083,5260,0,-0.122879003584994
"5267","beta_trend",6083,5261,0,-0.123316925471241
"5268","beta_trend",6083,5262,0,-0.123759417976211
"5269","beta_trend",6083,5263,0,-0.124206206904539
"5270","beta_trend",6083,5264,0,-0.124657015570208
"5271","beta_trend",6083,5265,0,-0.125111565045339
"5272","beta_trend",6083,5266,0,-0.125569574409725
"5273","beta_trend",6083,5267,0,-0.126030761000874
"5274","beta_trend",6083,5268,0,-0.126494840664301
"5275","beta_trend",6083,5269,0,-0.126961528003831
"5276","beta_trend",6083,5270,0,-0.127430536631658
"5277","beta_trend",6083,5271,0,-0.127901579417926
"5278","beta_trend",6083,5272,0,-0.128374368739578
"5279","beta_trend",6083,5273,0,-0.12884861672824
"5280","beta_trend",6083,5274,0,-0.129324035516885
"5281","beta_trend",6083,5275,0,-0.129800337485056
"5282","beta_trend",6083,5276,0,-0.130277235502399
"5283","beta_trend",6083,5277,0,-0.130754443170275
"5284","beta_trend",6083,5278,0,-0.131231675061224
"5285","beta_trend",6083,5279,0,-0.131708646956044
"5286","beta_trend",6083,5280,0,-0.132185076078271
"5287","beta_trend",6083,5281,0,-0.132660681325825
"5288","beta_trend",6083,5282,0,-0.133135183499616
"5289","beta_trend",6083,5283,0,-0.133608305528885
"5290","beta_trend",6083,5284,0,-0.134079772693079
"5291","beta_trend",6083,5285,0,-0.134549312840046
"5292","beta_trend",6083,5286,0,-0.135016656600346
"5293","beta_trend",6083,5287,0,-0.135481537597499
"5294","beta_trend",6083,5288,0,-0.135998217071585
"5295","beta_trend",6083,5289,0,-0.136459896131585
"5296","beta_trend",6083,5290,0,-0.136918442208932
"5297","beta_trend",6083,5291,0,-0.137373607320625
"5298","beta_trend",6083,5292,0,-0.137825147623686
"5299","beta_trend",6083,5293,0,-0.138272823602491
"5300","beta_trend",6083,5294,0,-0.138716400250929
"5301","beta_trend",6083,5295,0,-0.139155647249255
"5302","beta_trend",6083,5296,0,-0.139590339135471
"5303","beta_trend",6083,5297,0,-0.140020255471109
"5304","beta_trend",6083,5298,0,-0.140445181001285
"5305","beta_trend",6083,5299,0,-0.140864905808878
"5306","beta_trend",6083,5300,0,-0.141279225462743
"5307","beta_trend",6083,5301,0,-0.141687941159815
"5308","beta_trend",6083,5302,0,-0.142090859861016
"5309","beta_trend",6083,5303,0,-0.142487794420863
"5310","beta_trend",6083,5304,0,-0.142878563710667
"5311","beta_trend",6083,5305,0,-0.143262992735264
"5312","beta_trend",6083,5306,0,-0.143640912743174
"5313","beta_trend",6083,5307,0,-0.144012161330127
"5314","beta_trend",6083,5308,0,-0.14437658253589
"5315","beta_trend",6083,5309,0,-0.144734026934333
"5316","beta_trend",6083,5310,0,-0.145084351716687
"5317","beta_trend",6083,5311,0,-0.145427420767948
"5318","beta_trend",6083,5312,0,-0.14576310473639
"5319","beta_trend",6083,5313,0,-0.146091281096155
"5320","beta_trend",6083,5314,0,-0.146411834202904
"5321","beta_trend",6083,5315,0,-0.14672465534251
"5322","beta_trend",6083,5316,0,-0.147029642772778
"5323","beta_trend",6083,5317,0,-0.147326701758208
"5324","beta_trend",6083,5318,0,-0.14761574459779
"5325","beta_trend",6083,5319,0,-0.147896690645853
"5326","beta_trend",6083,5320,0,-0.148169466325988
"5327","beta_trend",6083,5321,0,-0.148434005138065
"5328","beta_trend",6083,5322,0,-0.148690247658395
"5329","beta_trend",6083,5323,0,-0.148938141533054
"5330","beta_trend",6083,5324,0,-0.149177641464439
"5331","beta_trend",6083,5325,0,-0.149408709191098
"5332","beta_trend",6083,5326,0,-0.149631313460896
"5333","beta_trend",6083,5327,0,-0.149845429997594
"5334","beta_trend",6083,5328,0,-0.150051041460895
"5335","beta_trend",6083,5329,0,-0.150248137400065
"5336","beta_trend",6083,5330,0,-0.150436714201191
"5337","beta_trend",6083,5331,0,-0.150565190489276
"5338","beta_trend",6083,5332,0,-0.150739028136527
"5339","beta_trend",6083,5333,0,-0.150904280389045
"5340","beta_trend",6083,5334,0,-0.151060974106048
"5341","beta_trend",6083,5335,0,-0.151209142490169
"5342","beta_trend",6083,5336,0,-0.151348825003299
"5343","beta_trend",6083,5337,0,-0.15148006727672
"5344","beta_trend",6083,5338,0,-0.151602921015646
"5345","beta_trend",6083,5339,0,-0.151717443898336
"5346","beta_trend",6083,5340,0,-0.151823699469895
"5347","beta_trend",6083,5341,0,-0.151921757030933
"5348","beta_trend",6083,5342,0,-0.152011691521228
"5349","beta_trend",6083,5343,0,-0.152093583398541
"5350","beta_trend",6083,5344,0,-0.152167518512763
"5351","beta_trend",6083,5345,0,-0.15223358797554
"5352","beta_trend",6083,5346,0,-0.152291888025552
"5353","beta_trend",6083,5347,0,-0.152342519889627
"5354","beta_trend",6083,5348,0,-0.15238558963984
"5355","beta_trend",6083,5349,0,-0.15242120804681
"5356","beta_trend",6083,5350,0,-0.152449490429343
"5357","beta_trend",6083,5351,0,-0.152470556500626
"5358","beta_trend",6083,5352,0,-0.15248453021115
"5359","beta_trend",6083,5353,0,-0.152491539588548
"5360","beta_trend",6083,5354,0,-0.152491716574544
"5361","beta_trend",6083,5355,0,-0.152485196859207
"5362","beta_trend",6083,5356,0,-0.152472119712687
"5363","beta_trend",6083,5357,0,-0.152452627814658
"5364","beta_trend",6083,5358,0,-0.152426867081624
"5365","beta_trend",6083,5359,0,-0.152394986492331
"5366","beta_trend",6083,5360,0,-0.152357137911444
"5367","beta_trend",6083,5361,0,-0.152313475911708
"5368","beta_trend",6083,5362,0,-0.152264157594787
"5369","beta_trend",6083,5363,0,-0.152209342410978
"5370","beta_trend",6083,5364,0,-0.152149191978004
"5371","beta_trend",6083,5365,0,-0.152083869899076
"5372","beta_trend",6083,5366,0,-0.15201354158043
"5373","beta_trend",6083,5367,0,-0.151938374048531
"5374","beta_trend",6083,5368,0,-0.151858535767144
"5375","beta_trend",6083,5369,0,-0.151774196454463
"5376","beta_trend",6083,5370,0,-0.151685526900494
"5377","beta_trend",6083,5371,0,-0.151592698784888
"5378","beta_trend",6083,5372,0,-0.151495884495403
"5379","beta_trend",6083,5373,0,-0.151395256947197
"5380","beta_trend",6083,5374,0,-0.151290989403131
"5381","beta_trend",6083,5375,0,-0.151183255295265
"5382","beta_trend",6083,5376,0,-0.151072228047732
"5383","beta_trend",6083,5377,0,-0.150958080901169
"5384","beta_trend",6083,5378,0,-0.150840986738877
"5385","beta_trend",6083,5379,0,-0.150721117914888
"5386","beta_trend",6083,5380,0,-0.150598646084101
"5387","beta_trend",6083,5381,0,-0.150473742034664
"5388","beta_trend",6083,5382,0,-0.15034657552276
"5389","beta_trend",6083,5383,0,-0.150217315109943
"5390","beta_trend",6083,5384,0,-0.150109307955139
"5391","beta_trend",6083,5385,0,-0.149977428213476
"5392","beta_trend",6083,5386,0,-0.149843997935176
"5393","beta_trend",6083,5387,0,-0.14970918121547
"5394","beta_trend",6083,5388,0,-0.149573140255414
"5395","beta_trend",6083,5389,0,-0.14943603522004
"5396","beta_trend",6083,5390,0,-0.149298024100138
"5397","beta_trend",6083,5391,0,-0.149159262577786
"5398","beta_trend",6083,5392,0,-0.149019903895753
"5399","beta_trend",6083,5393,0,-0.148880098730885
"5400","beta_trend",6083,5394,0,-0.148739995071594
"5401","beta_trend",6083,5395,0,-0.148599738099542
"5402","beta_trend",6083,5396,0,-0.148459470075632
"5403","beta_trend",6083,5397,0,-0.148319330230401
"5404","beta_trend",6083,5398,0,-0.148179454658889
"5405","beta_trend",6083,5399,0,-0.148039976220085
"5406","beta_trend",6083,5400,0,-0.147901024441023
"5407","beta_trend",6083,5401,0,-0.147762725425594
"5408","beta_trend",6083,5402,0,-0.147625201768146
"5409","beta_trend",6083,5403,0,-0.147488572471938
"5410","beta_trend",6083,5404,0,-0.147352952872492
"5411","beta_trend",6083,5405,0,-0.1472184545659
"5412","beta_trend",6083,5406,0,-0.147085185342127
"5413","beta_trend",6083,5407,0,-0.146953249123351
"5414","beta_trend",6083,5408,0,-0.146822745907363
"5415","beta_trend",6083,5409,0,-0.146693771716065
"5416","beta_trend",6083,5410,0,-0.146566418549076
"5417","beta_trend",6083,5411,0,-0.146440774342463
"5418","beta_trend",6083,5412,0,-0.146316922932607
"5419","beta_trend",6083,5413,0,-0.146194944025206
"5420","beta_trend",6083,5414,0,-0.146074913169405
"5421","beta_trend",6083,5415,0,-0.145956901737054
"5422","beta_trend",6083,5416,0,-0.145840976907071
"5423","beta_trend",6083,5417,0,-0.14572720165489
"5424","beta_trend",6083,5418,0,-0.145615634746971
"5425","beta_trend",6083,5419,0,-0.145506330740332
"5426","beta_trend",6083,5420,0,-0.145399339987078
"5427","beta_trend",6083,5421,0,-0.145294708643865
"5428","beta_trend",6083,5422,0,-0.145192478686271
"5429","beta_trend",6083,5423,0,-0.145092687928
"5430","beta_trend",6083,5424,0,-0.14499537004487
"5431","beta_trend",6083,5425,0,-0.144900554603526
"5432","beta_trend",6083,5426,0,-0.144808267094788
"5433","beta_trend",6083,5427,0,-0.144718528971574
"5434","beta_trend",6083,5428,0,-0.144611434896278
"5435","beta_trend",6083,5429,0,-0.144527726672077
"5436","beta_trend",6083,5430,0,-0.14444657131637
"5437","beta_trend",6083,5431,0,-0.144367976062617
"5438","beta_trend",6083,5432,0,-0.144291944308074
"5439","beta_trend",6083,5433,0,-0.144218475679074
"5440","beta_trend",6083,5434,0,-0.144147566100177
"5441","beta_trend",6083,5435,0,-0.144079207867063
"5442","beta_trend",6083,5436,0,-0.144013389723073
"5443","beta_trend",6083,5437,0,-0.143950096939262
"5444","beta_trend",6083,5438,0,-0.143889311397861
"5445","beta_trend",6083,5439,0,-0.143831011679
"5446","beta_trend",6083,5440,0,-0.143775173150589
"5447","beta_trend",6083,5441,0,-0.1437217680612
"5448","beta_trend",6083,5442,0,-0.143670765635838
"5449","beta_trend",6083,5443,0,-0.143622132174447
"5450","beta_trend",6083,5444,0,-0.143575831153015
"5451","beta_trend",6083,5445,0,-0.143531823327139
"5452","beta_trend",6083,5446,0,-0.1434900668379
"5453","beta_trend",6083,5447,0,-0.143450517319898
"5454","beta_trend",6083,5448,0,-0.143413128011309
"5455","beta_trend",6083,5449,0,-0.143377849865793
"5456","beta_trend",6083,5450,0,-0.143344631666119
"5457","beta_trend",6083,5451,0,-0.143313420139339
"5458","beta_trend",6083,5452,0,-0.14328416007336
"5459","beta_trend",6083,5453,0,-0.143256794434751
"5460","beta_trend",6083,5454,0,-0.143231264487643
"5461","beta_trend",6083,5455,0,-0.143207509913532
"5462","beta_trend",6083,5456,0,-0.14318546893186
"5463","beta_trend",6083,5457,0,-0.143165078421183
"5464","beta_trend",6083,5458,0,-0.14314627404079
"5465","beta_trend",6083,5459,0,-0.143128990352594
"5466","beta_trend",6083,5460,0,-0.143113160943139
"5467","beta_trend",6083,5461,0,-0.143098718545574
"5468","beta_trend",6083,5462,0,-0.14308559516141
"5469","beta_trend",6083,5463,0,-0.143073722181928
"5470","beta_trend",6083,5464,0,-0.143063030509058
"5471","beta_trend",6083,5465,0,-0.143053450675578
"5472","beta_trend",6083,5466,0,-0.143044912964483
"5473","beta_trend",6083,5467,0,-0.143037347527357
"5474","beta_trend",6083,5468,0,-0.143030684501604
"5475","beta_trend",6083,5469,0,-0.143024854126379
"5476","beta_trend",6083,5470,0,-0.143019786857071
"5477","beta_trend",6083,5471,0,-0.143015413478193
"5478","beta_trend",6083,5472,0,-0.143011665214528
"5479","beta_trend",6083,5473,0,-0.143008473840382
"5480","beta_trend",6083,5474,0,-0.143005771786823
"5481","beta_trend",6083,5475,0,-0.14300349224674
"5482","beta_trend",6083,5476,0,-0.143001569277604
"5483","beta_trend",6083,5477,0,-0.142999937901794
"5484","beta_trend",6083,5478,0,-0.142998534204353
"5485","beta_trend",6083,5479,0,-0.142997295428056
"5486","beta_trend",6083,5480,0,-0.142996160065656
"5487","beta_trend",6083,5481,0,-0.143063538348913
"5488","beta_trend",6083,5482,0,-0.143065582758965
"5489","beta_trend",6083,5483,0,-0.14306769124617
"5490","beta_trend",6083,5484,0,-0.143069813702226
"5491","beta_trend",6083,5485,0,-0.14307190188928
"5492","beta_trend",6083,5486,0,-0.143073909519694
"5493","beta_trend",6083,5487,0,-0.143075792332428
"5494","beta_trend",6083,5488,0,-0.143077508165933
"5495","beta_trend",6083,5489,0,-0.143079017027506
"5496","beta_trend",6083,5490,0,-0.143080281158985
"5497","beta_trend",6083,5491,0,-0.143081265098743
"5498","beta_trend",6083,5492,0,-0.143081935739889
"5499","beta_trend",6083,5493,0,-0.143082262384627
"5500","beta_trend",6083,5494,0,-0.14308221679469
"5501","beta_trend",6083,5495,0,-0.143081773237824
"5502","beta_trend",6083,5496,0,-0.143080908530237
"5503","beta_trend",6083,5497,0,-0.143079602074996
"5504","beta_trend",6083,5498,0,-0.143077835896309
"5505","beta_trend",6083,5499,0,-0.143075594669672
"5506","beta_trend",6083,5500,0,-0.143072865747839
"5507","beta_trend",6083,5501,0,-0.143069639182597
"5508","beta_trend",6083,5502,0,-0.143065907742317
"5509","beta_trend",6083,5503,0,-0.143061666925282
"5510","beta_trend",6083,5504,0,-0.143056914968753
"5511","beta_trend",6083,5505,0,-0.143051652853802
"5512","beta_trend",6083,5506,0,-0.143045884305886
"5513","beta_trend",6083,5507,0,-0.143039615791183
"5514","beta_trend",6083,5508,0,-0.143032856508687
"5515","beta_trend",6083,5509,0,-0.143025618378096
"5516","beta_trend",6083,5510,0,-0.143017916023492
"5517","beta_trend",6083,5511,0,-0.143009766752862
"5518","beta_trend",6083,5512,0,-0.14300119053347
"5519","beta_trend",6083,5513,0,-0.142992209963132
"5520","beta_trend",6083,5514,0,-0.142982850237427
"5521","beta_trend",6083,5515,0,-0.142973139112893
"5522","beta_trend",6083,5516,0,-0.142963106866255
"5523","beta_trend",6083,5517,0,-0.142952786249754
"5524","beta_trend",6083,5518,0,-0.142942212442617
"5525","beta_trend",6083,5519,0,-0.142931422998751
"5526","beta_trend",6083,5520,0,-0.142920457790725
"5527","beta_trend",6083,5521,0,-0.142909358950115
"5528","beta_trend",6083,5522,0,-0.142898170804287
"5529","beta_trend",6083,5523,0,-0.142886939809706
"5530","beta_trend",6083,5524,0,-0.142819440410811
"5531","beta_trend",6083,5525,0,-0.142810761424341
"5532","beta_trend",6083,5526,0,-0.142802086515456
"5533","beta_trend",6083,5527,0,-0.142793474042517
"5534","beta_trend",6083,5528,0,-0.142784983960332
"5535","beta_trend",6083,5529,0,-0.142776677739576
"5536","beta_trend",6083,5530,0,-0.142768618283287
"5537","beta_trend",6083,5531,0,-0.142760869840561
"5538","beta_trend",6083,5532,0,-0.142753497917578
"5539","beta_trend",6083,5533,0,-0.14274656918606
"5540","beta_trend",6083,5534,0,-0.142740151389311
"5541","beta_trend",6083,5535,0,-0.142734313245965
"5542","beta_trend",6083,5536,0,-0.142729124351555
"5543","beta_trend",6083,5537,0,-0.142724655078076
"5544","beta_trend",6083,5538,0,-0.142720976471638
"5545","beta_trend",6083,5539,0,-0.142718160148389
"5546","beta_trend",6083,5540,0,-0.14271627818882
"5547","beta_trend",6083,5541,0,-0.142715403030611
"5548","beta_trend",6083,5542,0,-0.142715607360169
"5549","beta_trend",6083,5543,0,-0.142716964002989
"5550","beta_trend",6083,5544,0,-0.142719545813009
"5551","beta_trend",6083,5545,0,-0.142723425561091
"5552","beta_trend",6083,5546,0,-0.142728675822786
"5553","beta_trend",6083,5547,0,-0.142735368865553
"5554","beta_trend",6083,5548,0,-0.142743576535548
"5555","beta_trend",6083,5549,0,-0.14275337014418
"5556","beta_trend",6083,5550,0,-0.14276482035456
"5557","beta_trend",6083,5551,0,-0.142777997068005
"5558","beta_trend",6083,5552,0,-0.14279296931076
"5559","beta_trend",6083,5553,0,-0.142809805121087
"5560","beta_trend",6083,5554,0,-0.142828571436867
"5561","beta_trend",6083,5555,0,-0.142849333983895
"5562","beta_trend",6083,5556,0,-0.142872157164991
"5563","beta_trend",6083,5557,0,-0.142897103950099
"5564","beta_trend",6083,5558,0,-0.142924235767525
"5565","beta_trend",6083,5559,0,-0.142953612396458
"5566","beta_trend",6083,5560,0,-0.142985291860928
"5567","beta_trend",6083,5561,0,-0.143019330325344
"5568","beta_trend",6083,5562,0,-0.143055781991769
"5569","beta_trend",6083,5563,0,-0.143094698999063
"5570","beta_trend",6083,5564,0,-0.143136131324052
"5571","beta_trend",6083,5565,0,-0.143180126684843
"5572","beta_trend",6083,5566,0,-0.14322673044644
"5573","beta_trend",6083,5567,0,-0.143275985528798
"5574","beta_trend",6083,5568,0,-0.143327932317426
"5575","beta_trend",6083,5569,0,-0.143382608576697
"5576","beta_trend",6083,5570,0,-0.14344004936597
"5577","beta_trend",6083,5571,0,-0.14350028695866
"5578","beta_trend",6083,5572,0,-0.143563350764372
"5579","beta_trend",6083,5573,0,-0.143629267254215
"5580","beta_trend",6083,5574,0,-0.143698059889418
"5581","beta_trend",6083,5575,0,-0.143769749053341
"5582","beta_trend",6083,5576,0,-0.143844351987004
"5583","beta_trend",6083,5577,0,-0.143929811673552
"5584","beta_trend",6083,5578,0,-0.144010646488506
"5585","beta_trend",6083,5579,0,-0.14409444323892
"5586","beta_trend",6083,5580,0,-0.144181206669485
"5587","beta_trend",6083,5581,0,-0.144270938140229
"5588","beta_trend",6083,5582,0,-0.144363635585897
"5589","beta_trend",6083,5583,0,-0.144459293479486
"5590","beta_trend",6083,5584,0,-0.144557902800003
"5591","beta_trend",6083,5585,0,-0.144659451004525
"5592","beta_trend",6083,5586,0,-0.144763922004601
"5593","beta_trend",6083,5587,0,-0.144871296147076
"5594","beta_trend",6083,5588,0,-0.144981550199366
"5595","beta_trend",6083,5589,0,-0.145094657339246
"5596","beta_trend",6083,5590,0,-0.14521058714918
"5597","beta_trend",6083,5591,0,-0.145329305615238
"5598","beta_trend",6083,5592,0,-0.145450775130617
"5599","beta_trend",6083,5593,0,-0.145574954503805
"5600","beta_trend",6083,5594,0,-0.145701798971396
"5601","beta_trend",6083,5595,0,-0.145831260215567
"5602","beta_trend",6083,5596,0,-0.145963286386237
"5603","beta_trend",6083,5597,0,-0.146097822127895
"5604","beta_trend",6083,5598,0,-0.146234808611108
"5605","beta_trend",6083,5599,0,-0.146374183568678
"5606","beta_trend",6083,5600,0,-0.146515881336462
"5607","beta_trend",6083,5601,0,-0.146659832898803
"5608","beta_trend",6083,5602,0,-0.146805965938566
"5609","beta_trend",6083,5603,0,-0.146954204891746
"5610","beta_trend",6083,5604,0,-0.147104471006593
"5611","beta_trend",6083,5605,0,-0.147256682407229
"5612","beta_trend",6083,5606,0,-0.147410754161696
"5613","beta_trend",6083,5607,0,-0.147566598354389
"5614","beta_trend",6083,5608,0,-0.147724124162801
"5615","beta_trend",6083,5609,0,-0.147883237938527
"5616","beta_trend",6083,5610,0,-0.148043843292444
"5617","beta_trend",6083,5611,0,-0.148205841184
"5618","beta_trend",6083,5612,0,-0.148369130014522
"5619","beta_trend",6083,5613,0,-0.148533605724457
"5620","beta_trend",6083,5614,0,-0.14869916189446
"5621","beta_trend",6083,5615,0,-0.148865689850212
"5622","beta_trend",6083,5616,0,-0.149033078770895
"5623","beta_trend",6083,5617,0,-0.149201215801183
"5624","beta_trend",6083,5618,0,-0.14936998616666
"5625","beta_trend",6083,5619,0,-0.149539273292538
"5626","beta_trend",6083,5620,0,-0.149708958925553
"5627","beta_trend",6083,5621,0,-0.149859003848539
"5628","beta_trend",6083,5622,0,-0.15003000810373
"5629","beta_trend",6083,5623,0,-0.150201010220029
"5630","beta_trend",6083,5624,0,-0.150371887971782
"5631","beta_trend",6083,5625,0,-0.150542518053914
"5632","beta_trend",6083,5626,0,-0.150712776221857
"5633","beta_trend",6083,5627,0,-0.150882537433614
"5634","beta_trend",6083,5628,0,-0.151051675993836
"5635","beta_trend",6083,5629,0,-0.151220065699729
"5636","beta_trend",6083,5630,0,-0.15138757998864
"5637","beta_trend",6083,5631,0,-0.151554092087165
"5638","beta_trend",6083,5632,0,-0.1517194751616
"5639","beta_trend",6083,5633,0,-0.151883602469573
"5640","beta_trend",6083,5634,0,-0.152046347512685
"5641","beta_trend",6083,5635,0,-0.152207584189981
"5642","beta_trend",6083,5636,0,-0.152367186952076
"5643","beta_trend",6083,5637,0,-0.152525030955766
"5644","beta_trend",6083,5638,0,-0.152680992218925
"5645","beta_trend",6083,5639,0,-0.152834947775522
"5646","beta_trend",6083,5640,0,-0.152986775830569
"5647","beta_trend",6083,5641,0,-0.153136355914812
"5648","beta_trend",6083,5642,0,-0.153283569038979
"5649","beta_trend",6083,5643,0,-0.153428297847405
"5650","beta_trend",6083,5644,0,-0.153570426770835
"5651","beta_trend",6083,5645,0,-0.153709842178231
"5652","beta_trend",6083,5646,0,-0.153846432527372
"5653","beta_trend",6083,5647,0,-0.153980088514089
"5654","beta_trend",6083,5648,0,-0.154110703219918
"5655","beta_trend",6083,5649,0,-0.154238172257999
"5656","beta_trend",6083,5650,0,-0.154362393917027
"5657","beta_trend",6083,5651,0,-0.154483269303076
"5658","beta_trend",6083,5652,0,-0.154600702479097
"5659","beta_trend",6083,5653,0,-0.154714600601919
"5660","beta_trend",6083,5654,0,-0.154824874056556
"5661","beta_trend",6083,5655,0,-0.154931436587655
"5662","beta_trend",6083,5656,0,-0.155034205427891
"5663","beta_trend",6083,5657,0,-0.155133101423138
"5664","beta_trend",6083,5658,0,-0.155228049154234
"5665","beta_trend",6083,5659,0,-0.15531897705518
"5666","beta_trend",6083,5660,0,-0.155405817527592
"5667","beta_trend",6083,5661,0,-0.155488507051233
"5668","beta_trend",6083,5662,0,-0.155566986290481
"5669","beta_trend",6083,5663,0,-0.155641200196551
"5670","beta_trend",6083,5664,0,-0.155711098105319
"5671","beta_trend",6083,5665,0,-0.15577663383061
"5672","beta_trend",6083,5666,0,-0.155837765752768
"5673","beta_trend",6083,5667,0,-0.155894456902393
"5674","beta_trend",6083,5668,0,-0.155946675039084
"5675","beta_trend",6083,5669,0,-0.15599439272506
"5676","beta_trend",6083,5670,0,-0.156037587393516
"5677","beta_trend",6083,5671,0,-0.156076241411598
"5678","beta_trend",6083,5672,0,-0.156110342137865
"5679","beta_trend",6083,5673,0,-0.156139881974121
"5680","beta_trend",6083,5674,0,-0.156252084486881
"5681","beta_trend",6083,5675,0,-0.156276516064501
"5682","beta_trend",6083,5676,0,-0.156296568974973
"5683","beta_trend",6083,5677,0,-0.156312263251619
"5684","beta_trend",6083,5678,0,-0.156323624404007
"5685","beta_trend",6083,5679,0,-0.156330683442517
"5686","beta_trend",6083,5680,0,-0.156333476896852
"5687","beta_trend",6083,5681,0,-0.156332046828418
"5688","beta_trend",6083,5682,0,-0.156326440836531
"5689","beta_trend",6083,5683,0,-0.156316712058367
"5690","beta_trend",6083,5684,0,-0.156302919162639
"5691","beta_trend",6083,5685,0,-0.156285126336932
"5692","beta_trend",6083,5686,0,-0.156263403268687
"5693","beta_trend",6083,5687,0,-0.156237825119782
"5694","beta_trend",6083,5688,0,-0.15620847249471
"5695","beta_trend",6083,5689,0,-0.156175431402329
"5696","beta_trend",6083,5690,0,-0.15613879321118
"5697","beta_trend",6083,5691,0,-0.156098654598371
"5698","beta_trend",6083,5692,0,-0.156055117492045
"5699","beta_trend",6083,5693,0,-0.15600828900743
"5700","beta_trend",6083,5694,0,-0.15595828137651
"5701","beta_trend",6083,5695,0,-0.155905211871336
"5702","beta_trend",6083,5696,0,-0.155849202721014
"5703","beta_trend",6083,5697,0,-0.155790381022421
"5704","beta_trend",6083,5698,0,-0.15572887864469
"5705","beta_trend",6083,5699,0,-0.155664832127534
"5706","beta_trend",6083,5700,0,-0.15559838257346
"5707","beta_trend",6083,5701,0,-0.155529675533964
"5708","beta_trend",6083,5702,0,-0.155458860889768
"5709","beta_trend",6083,5703,0,-0.155386092725199
"5710","beta_trend",6083,5704,0,-0.155311529196802
"5711","beta_trend",6083,5705,0,-0.155235332396286
"5712","beta_trend",6083,5706,0,-0.155157668207905
"5713","beta_trend",6083,5707,0,-0.155078706160407
"5714","beta_trend",6083,5708,0,-0.154998619273652
"5715","beta_trend",6083,5709,0,-0.154917583900046
"5716","beta_trend",6083,5710,0,-0.15483577956091
"5717","beta_trend",6083,5711,0,-0.154753388777934
"5718","beta_trend",6083,5712,0,-0.154670596899873
"5719","beta_trend",6083,5713,0,-0.154587591924617
"5720","beta_trend",6083,5714,0,-0.154504564316819
"5721","beta_trend",6083,5715,0,-0.154421706821228
"5722","beta_trend",6083,5716,0,-0.154339214271922
"5723","beta_trend",6083,5717,0,-0.154204591229782
"5724","beta_trend",6083,5718,0,-0.154125751861074
"5725","beta_trend",6083,5719,0,-0.154047774685757
"5726","beta_trend",6083,5720,0,-0.153970864766617
"5727","beta_trend",6083,5721,0,-0.153895228105971
"5728","beta_trend",6083,5722,0,-0.153821071438789
"5729","beta_trend",6083,5723,0,-0.153748602022939
"5730","beta_trend",6083,5724,0,-0.153678027426755
"5731","beta_trend",6083,5725,0,-0.15360955531416
"5732","beta_trend",6083,5726,0,-0.153543393227562
"5733","beta_trend",6083,5727,0,-0.153479748368762
"5734","beta_trend",6083,5728,0,-0.153418827378089
"5735","beta_trend",6083,5729,0,-0.15336083611202
"5736","beta_trend",6083,5730,0,-0.153305979419508
"5737","beta_trend",6083,5731,0,-0.15325446091726
"5738","beta_trend",6083,5732,0,-0.153206482764225
"5739","beta_trend",6083,5733,0,-0.15316224543552
"5740","beta_trend",6083,5734,0,-0.153121947496058
"5741","beta_trend",6083,5735,0,-0.15308578537412
"5742","beta_trend",6083,5736,0,-0.153053953135128
"5743","beta_trend",6083,5737,0,-0.153026642255875
"5744","beta_trend",6083,5738,0,-0.153004041399464
"5745","beta_trend",6083,5739,0,-0.152986336191215
"5746","beta_trend",6083,5740,0,-0.152973708995795
"5747","beta_trend",6083,5741,0,-0.15296633869583
"5748","beta_trend",6083,5742,0,-0.152964400472261
"5749","beta_trend",6083,5743,0,-0.152968065586685
"5750","beta_trend",6083,5744,0,-0.152977501165965
"5751","beta_trend",6083,5745,0,-0.152992869989336
"5752","beta_trend",6083,5746,0,-0.153014330278285
"5753","beta_trend",6083,5747,0,-0.153042035489446
"5754","beta_trend",6083,5748,0,-0.153076134110766
"5755","beta_trend",6083,5749,0,-0.153116769461194
"5756","beta_trend",6083,5750,0,-0.153164079494138
"5757","beta_trend",6083,5751,0,-0.153218196604938
"5758","beta_trend",6083,5752,0,-0.153279247442599
"5759","beta_trend",6083,5753,0,-0.153347352726019
"5760","beta_trend",6083,5754,0,-0.153422627064961
"5761","beta_trend",6083,5755,0,-0.153505178785979
"5762","beta_trend",6083,5756,0,-0.153595109763561
"5763","beta_trend",6083,5757,0,-0.153692515256679
"5764","beta_trend",6083,5758,0,-0.153797483750998
"5765","beta_trend",6083,5759,0,-0.153910096806935
"5766","beta_trend",6083,5760,0,-0.154030428913799
"5767","beta_trend",6083,5761,0,-0.15415854735021
"5768","beta_trend",6083,5762,0,-0.154294512050994
"5769","beta_trend",6083,5763,0,-0.154438375480757
"5770","beta_trend",6083,5764,0,-0.15459018251433
"5771","beta_trend",6083,5765,0,-0.154749970324252
"5772","beta_trend",6083,5766,0,-0.154917768275495
"5773","beta_trend",6083,5767,0,-0.155093597827567
"5774","beta_trend",6083,5768,0,-0.155277472444198
"5775","beta_trend",6083,5769,0,-0.155469397510721
"5776","beta_trend",6083,5770,0,-0.155669370259337
"5777","beta_trend",6083,5771,0,-0.155877379702383
"5778","beta_trend",6083,5772,0,-0.156093406573737
"5779","beta_trend",6083,5773,0,-0.156317423278506
"5780","beta_trend",6083,5774,0,-0.15654939385109
"5781","beta_trend",6083,5775,0,-0.156789273921748
"5782","beta_trend",6083,5776,0,-0.157037010691769
"5783","beta_trend",6083,5777,0,-0.15729254291733
"5784","beta_trend",6083,5778,0,-0.157555800902134
"5785","beta_trend",6083,5779,0,-0.157826706498902
"5786","beta_trend",6083,5780,0,-0.158105173119784
"5787","beta_trend",6083,5781,0,-0.158391105755752
"5788","beta_trend",6083,5782,0,-0.158684401005013
"5789","beta_trend",6083,5783,0,-0.158984947110491
"5790","beta_trend",6083,5784,0,-0.159292624006401
"5791","beta_trend",6083,5785,0,-0.159607303373939
"5792","beta_trend",6083,5786,0,-0.159928848706099
"5793","beta_trend",6083,5787,0,-0.160257115381607
"5794","beta_trend",6083,5788,0,-0.160591950747981
"5795","beta_trend",6083,5789,0,-0.160933194213678
"5796","beta_trend",6083,5790,0,-0.161280677349317
"5797","beta_trend",6083,5791,0,-0.161634223997924
"5798","beta_trend",6083,5792,0,-0.161993650394163
"5799","beta_trend",6083,5793,0,-0.162358765292479
"5800","beta_trend",6083,5794,0,-0.162729370104104
"5801","beta_trend",6083,5795,0,-0.163105259042828
"5802","beta_trend",6083,5796,0,-0.163486219279455
"5803","beta_trend",6083,5797,0,-0.163872031104852
"5804","beta_trend",6083,5798,0,-0.164262468101465
"5805","beta_trend",6083,5799,0,-0.164657297323202
"5806","beta_trend",6083,5800,0,-0.165056279483541
"5807","beta_trend",6083,5801,0,-0.165459169151737
"5808","beta_trend",6083,5802,0,-0.165865714956963
"5809","beta_trend",6083,5803,0,-0.166275659800257
"5810","beta_trend",6083,5804,0,-0.166688741074071
"5811","beta_trend",6083,5805,0,-0.16710469088928
"5812","beta_trend",6083,5806,0,-0.167523236309448
"5813","beta_trend",6083,5807,0,-0.167944099592159
"5814","beta_trend",6083,5808,0,-0.168366998437214
"5815","beta_trend",6083,5809,0,-0.168791646241479
"5816","beta_trend",6083,5810,0,-0.169217752360171
"5817","beta_trend",6083,5811,0,-0.169645022374335
"5818","beta_trend",6083,5812,0,-0.170073158364305
"5819","beta_trend",6083,5813,0,-0.170501859188869
"5820","beta_trend",6083,5814,0,-0.170901954966567
"5821","beta_trend",6083,5815,0,-0.17133214922345
"5822","beta_trend",6083,5816,0,-0.171761934714447
"5823","beta_trend",6083,5817,0,-0.172191002429369
"5824","beta_trend",6083,5818,0,-0.172619041531579
"5825","beta_trend",6083,5819,0,-0.173045739668497
"5826","beta_trend",6083,5820,0,-0.173470783285825
"5827","beta_trend",6083,5821,0,-0.173893857945203
"5828","beta_trend",6083,5822,0,-0.17431464864499
"5829","beta_trend",6083,5823,0,-0.174732840143851
"5830","beta_trend",6083,5824,0,-0.175148117286841
"5831","beta_trend",6083,5825,0,-0.175560165333667
"5832","beta_trend",6083,5826,0,-0.175968670288794
"5833","beta_trend",6083,5827,0,-0.176373319233068
"5834","beta_trend",6083,5828,0,-0.176773800656532
"5835","beta_trend",6083,5829,0,-0.177169804792074
"5836","beta_trend",6083,5830,0,-0.177561023949592
"5837","beta_trend",6083,5831,0,-0.177947152850308
"5838","beta_trend",6083,5832,0,-0.178327888960907
"5839","beta_trend",6083,5833,0,-0.178702932827128
"5840","beta_trend",6083,5834,0,-0.179071988406468
"5841","beta_trend",6083,5835,0,-0.179434763399653
"5842","beta_trend",6083,5836,0,-0.1797909695805
"5843","beta_trend",6083,5837,0,-0.180140323123838
"5844","beta_trend",6083,5838,0,-0.180482544931109
"5845","beta_trend",6083,5839,0,-0.180817360953319
"5846","beta_trend",6083,5840,0,-0.181144502510951
"5847","beta_trend",6083,5841,0,-0.181463706610517
"5848","beta_trend",6083,5842,0,-0.181774716257369
"5849","beta_trend",6083,5843,0,-0.182077280764429
"5850","beta_trend",6083,5844,0,-0.182371156056481
"5851","beta_trend",6083,5845,0,-0.182656104969679
"5852","beta_trend",6083,5846,0,-0.182931897545916
"5853","beta_trend",6083,5847,0,-0.183198311321724
"5854","beta_trend",6083,5848,0,-0.183455131611344
"5855","beta_trend",6083,5849,0,-0.183702151783647
"5856","beta_trend",6083,5850,0,-0.183939173532559
"5857","beta_trend",6083,5851,0,-0.184166007140669
"5858","beta_trend",6083,5852,0,-0.184382471735688
"5859","beta_trend",6083,5853,0,-0.184588395539448
"5860","beta_trend",6083,5854,0,-0.184783616109114
"5861","beta_trend",6083,5855,0,-0.184967980570316
"5862","beta_trend",6083,5856,0,-0.185141345841885
"5863","beta_trend",6083,5857,0,-0.185303578851903
"5864","beta_trend",6083,5858,0,-0.185454556744784
"5865","beta_trend",6083,5859,0,-0.185594167079084
"5866","beta_trend",6083,5860,0,-0.185722308015798
"5867","beta_trend",6083,5861,0,-0.185838888496835
"5868","beta_trend",6083,5862,0,-0.185943828413463
"5869","beta_trend",6083,5863,0,-0.186037058764422
"5870","beta_trend",6083,5864,0,-0.186118521803508
"5871","beta_trend",6083,5865,0,-0.186188171176368
"5872","beta_trend",6083,5866,0,-0.186245972046293
"5873","beta_trend",6083,5867,0,-0.186291901208802
"5874","beta_trend",6083,5868,0,-0.186325947194801
"5875","beta_trend",6083,5869,0,-0.186348110362135
"5876","beta_trend",6083,5870,0,-0.186358402975349
"5877","beta_trend",6083,5871,0,-0.186356849273481
"5878","beta_trend",6083,5872,0,-0.186343485525734
"5879","beta_trend",6083,5873,0,-0.186318360074874
"5880","beta_trend",6083,5874,0,-0.186281533368218
"5881","beta_trend",6083,5875,0,-0.186233077976082
"5882","beta_trend",6083,5876,0,-0.186173078597582
"5883","beta_trend",6083,5877,0,-0.186101632053681
"5884","beta_trend",6083,5878,0,-0.186018847267392
"5885","beta_trend",6083,5879,0,-0.185924845231063
"5886","beta_trend",6083,5880,0,-0.185819758960676
"5887","beta_trend",6083,5881,0,-0.185703733437112
"5888","beta_trend",6083,5882,0,-0.185576925534333
"5889","beta_trend",6083,5883,0,-0.185439503934471
"5890","beta_trend",6083,5884,0,-0.185291649029798
"5891","beta_trend",6083,5885,0,-0.185133552811572
"5892","beta_trend",6083,5886,0,-0.184965418745796
"5893","beta_trend",6083,5887,0,-0.184787461635888
"5894","beta_trend",6083,5888,0,-0.184599907472318
"5895","beta_trend",6083,5889,0,-0.184402993269266
"5896","beta_trend",6083,5890,0,-0.184196966888358
"5897","beta_trend",6083,5891,0,-0.183982086849562
"5898","beta_trend",6083,5892,0,-0.183758622129352
"5899","beta_trend",6083,5893,0,-0.183526851946221
"5900","beta_trend",6083,5894,0,-0.183287065533686
"5901","beta_trend",6083,5895,0,-0.183039561900901
"5902","beta_trend",6083,5896,0,-0.182784649581042
"5903","beta_trend",6083,5897,0,-0.182522646367607
"5904","beta_trend",6083,5898,0,-0.18225387903881
"5905","beta_trend",6083,5899,0,-0.18197868307026
"5906","beta_trend",6083,5900,0,-0.181697402336117
"5907","beta_trend",6083,5901,0,-0.181410388798934
"5908","beta_trend",6083,5902,0,-0.18111800218842
"5909","beta_trend",6083,5903,0,-0.180820609669347
"5910","beta_trend",6083,5904,0,-0.180518585498858
"5911","beta_trend",6083,5905,0,-0.180212310673434
"5912","beta_trend",6083,5906,0,-0.179902172565792
"5913","beta_trend",6083,5907,0,-0.179588564551994
"5914","beta_trend",6083,5908,0,-0.179271885629076
"5915","beta_trend",6083,5909,0,-0.178952540023484
"5916","beta_trend",6083,5910,0,-0.178583992571198
"5917","beta_trend",6083,5911,0,-0.17826262203337
"5918","beta_trend",6083,5912,0,-0.177939737688979
"5919","beta_trend",6083,5913,0,-0.177615764027403
"5920","beta_trend",6083,5914,0,-0.177291128558122
"5921","beta_trend",6083,5915,0,-0.176966261375229
"5922","beta_trend",6083,5916,0,-0.176641594715073
"5923","beta_trend",6083,5917,0,-0.176317562507425
"5924","beta_trend",6083,5918,0,-0.175994599920565
"5925","beta_trend",6083,5919,0,-0.175673142900699
"5926","beta_trend",6083,5920,0,-0.175353627706109
"5927","beta_trend",6083,5921,0,-0.175036490436464
"5928","beta_trend",6083,5922,0,-0.174722166557718
"5929","beta_trend",6083,5923,0,-0.174411090423024
"5930","beta_trend",6083,5924,0,-0.174103694790118
"5931","beta_trend",6083,5925,0,-0.173800410335593
"5932","beta_trend",6083,5926,0,-0.173501665166543
"5933","beta_trend",6083,5927,0,-0.173207884330018
"5934","beta_trend",6083,5928,0,-0.172919489320744
"5935","beta_trend",6083,5929,0,-0.172636897587592
"5936","beta_trend",6083,5930,0,-0.172360522039246
"5937","beta_trend",6083,5931,0,-0.172090770549553
"5938","beta_trend",6083,5932,0,-0.171828045463025
"5939","beta_trend",6083,5933,0,-0.171572743100966
"5940","beta_trend",6083,5934,0,-0.17132525326871
"5941","beta_trend",6083,5935,0,-0.171085958764444
"5942","beta_trend",6083,5936,0,-0.170855234890098
"5943","beta_trend",6083,5937,0,-0.170633448964783
"5944","beta_trend",6083,5938,0,-0.170420959841258
"5945","beta_trend",6083,5939,0,-0.170218117425904
"5946","beta_trend",6083,5940,0,-0.170025262202692
"5947","beta_trend",6083,5941,0,-0.169842724761606
"5948","beta_trend",6083,5942,0,-0.169670825332024
"5949","beta_trend",6083,5943,0,-0.169509873321495
"5950","beta_trend",6083,5944,0,-0.169360166860418
"5951","beta_trend",6083,5945,0,-0.169221992353062
"5952","beta_trend",6083,5946,0,-0.169095624035408
"5953","beta_trend",6083,5947,0,-0.168981323540263
"5954","beta_trend",6083,5948,0,-0.168879339470096
"5955","beta_trend",6083,5949,0,-0.168789906978064
"5956","beta_trend",6083,5950,0,-0.168713247357642
"5957","beta_trend",6083,5951,0,-0.168649567641323
"5958","beta_trend",6083,5952,0,-0.16859906020879
"5959","beta_trend",6083,5953,0,-0.168561902405007
"5960","beta_trend",6083,5954,0,-0.168538256168633
"5961","beta_trend",6083,5955,0,-0.168528267671159
"5962","beta_trend",6083,5956,0,-0.168532066967188
"5963","beta_trend",6083,5957,0,-0.168549767656222
"5964","beta_trend",6083,5958,0,-0.168581466556361
"5965","beta_trend",6083,5959,0,-0.168627243390267
"5966","beta_trend",6083,5960,0,-0.168687160483765
"5967","beta_trend",6083,5961,0,-0.168761262477427
"5968","beta_trend",6083,5962,0,-0.16884957605148
"5969","beta_trend",6083,5963,0,-0.168952109664366
"5970","beta_trend",6083,5964,0,-0.169068853305271
"5971","beta_trend",6083,5965,0,-0.169199778260931
"5972","beta_trend",6083,5966,0,-0.169344836897008
"5973","beta_trend",6083,5967,0,-0.169503962454302
"5974","beta_trend",6083,5968,0,-0.1696770688601
"5975","beta_trend",6083,5969,0,-0.169864050554876
"5976","beta_trend",6083,5970,0,-0.170064782334612
"5977","beta_trend",6083,5971,0,-0.170279119208957
"5978","beta_trend",6083,5972,0,-0.170506896275436
"5979","beta_trend",6083,5973,0,-0.170747928609915
"5980","beta_trend",6083,5974,0,-0.171002011173492
"5981","beta_trend",6083,5975,0,-0.171268918736005
"5982","beta_trend",6083,5976,0,-0.171548405816293
"5983","beta_trend",6083,5977,0,-0.171840206639364
"5984","beta_trend",6083,5978,0,-0.172144035110579
"5985","beta_trend",6083,5979,0,-0.17245958480698
"5986","beta_trend",6083,5980,0,-0.172786528985844
"5987","beta_trend",6083,5981,0,-0.17312452061054
"5988","beta_trend",6083,5982,0,-0.173473192393757
"5989","beta_trend",6083,5983,0,-0.173832156858149
"5990","beta_trend",6083,5984,0,-0.174201006414422
"5991","beta_trend",6083,5985,0,-0.174579313456883
"5992","beta_trend",6083,5986,0,-0.174966630476441
"5993","beta_trend",6083,5987,0,-0.175362490191061
"5994","beta_trend",6083,5988,0,-0.175766405693607
"5995","beta_trend",6083,5989,0,-0.176177870617054
"5996","beta_trend",6083,5990,0,-0.17659635931698
"5997","beta_trend",6083,5991,0,-0.177021327071272
"5998","beta_trend",6083,5992,0,-0.177452210296931
"5999","beta_trend",6083,5993,0,-0.177888426783878
"6000","beta_trend",6083,5994,0,-0.178329375945622
"6001","beta_trend",6083,5995,0,-0.178774439086638
"6002","beta_trend",6083,5996,0,-0.179222979686306
"6003","beta_trend",6083,5997,0,-0.179674343699225
"6004","beta_trend",6083,5998,0,-0.180127859871709
"6005","beta_trend",6083,5999,0,-0.180582840074263
"6006","beta_trend",6083,6000,0,-0.181038579649802
"6007","beta_trend",6083,6001,0,-0.181494357777397
"6008","beta_trend",6083,6002,0,-0.181949437851267
"6009","beta_trend",6083,6003,0,-0.182403067874777
"6010","beta_trend",6083,6004,0,-0.182854480869136
"6011","beta_trend",6083,6005,0,-0.183302895296525
"6012","beta_trend",6083,6006,0,-0.183747515497314
"6013","beta_trend",6083,6007,0,-0.184158254441743
"6014","beta_trend",6083,6008,0,-0.184594141734101
"6015","beta_trend",6083,6009,0,-0.185023713193881
"6016","beta_trend",6083,6010,0,-0.18544612346649
"6017","beta_trend",6083,6011,0,-0.185860515382952
"6018","beta_trend",6083,6012,0,-0.18626602047714
"6019","beta_trend",6083,6013,0,-0.186661759514514
"6020","beta_trend",6083,6014,0,-0.187046843031965
"6021","beta_trend",6083,6015,0,-0.187420371888337
"6022","beta_trend",6083,6016,0,-0.187781437825212
"6023","beta_trend",6083,6017,0,-0.188129124037506
"6024","beta_trend",6083,6018,0,-0.188462505753439
"6025","beta_trend",6083,6019,0,-0.188780650823428
"6026","beta_trend",6083,6020,0,-0.189082620317424
"6027","beta_trend",6083,6021,0,-0.189367469130229
"6028","beta_trend",6083,6022,0,-0.189634246594315
"6029","beta_trend",6083,6023,0,-0.189881997099646
"6030","beta_trend",6083,6024,0,-0.190109760720024
"6031","beta_trend",6083,6025,0,-0.190316573845441
"6032","beta_trend",6083,6026,0,-0.190501469819945
"6033","beta_trend",6083,6027,0,-0.190663479584492
"6034","beta_trend",6083,6028,0,-0.190801632324285
"6035","beta_trend",6083,6029,0,-0.190914956120058
"6036","beta_trend",6083,6030,0,-0.191002478602797
"6037","beta_trend",6083,6031,0,-0.191063227611355
"6038","beta_trend",6083,6032,0,-0.191096231852436
"6039","beta_trend",6083,6033,0,-0.191100521562418
"6040","beta_trend",6083,6034,0,-0.191075129170457
"6041","beta_trend",6083,6035,0,-0.191019089962367
"6042","beta_trend",6083,6036,0,-0.190931442744707
"6043","beta_trend",6083,6037,0,-0.190811230508552
"6044","beta_trend",6083,6038,0,-0.190657501092402
"6045","beta_trend",6083,6039,0,-0.1904693078437
"6046","beta_trend",6083,6040,0,-0.190245710278409
"6047","beta_trend",6083,6041,0,-0.189985774738114
"6048","beta_trend",6083,6042,0,-0.189688575044134
"6049","beta_trend",6083,6043,0,-0.189353193148084
"6050","beta_trend",6083,6044,0,-0.188978719778378
"6051","beta_trend",6083,6045,0,-0.188564255082156
"6052","beta_trend",6083,6046,0,-0.188108909262088
"6053","beta_trend",6083,6047,0,-0.187611803207567
"6054","beta_trend",6083,6048,0,-0.187072069119767
"6055","beta_trend",6083,6049,0,-0.186488851130068
"6056","beta_trend",6083,6050,0,-0.185861305911342
"6057","beta_trend",6083,6051,0,-0.185188603281616
"6058","beta_trend",6083,6052,0,-0.184469926799626
"6059","beta_trend",6083,6053,0,-0.183704474351781
"6060","beta_trend",6083,6054,0,-0.182891458730069
"6061","beta_trend",6083,6055,0,-0.182030108200452
"6062","beta_trend",6083,6056,0,-0.181119667061278
"6063","beta_trend",6083,6057,0,-0.180159396191297
"6064","beta_trend",6083,6058,0,-0.179148573586813
"6065","beta_trend",6083,6059,0,-0.178086494887582
"6066","beta_trend",6083,6060,0,-0.176972473891012
"6067","beta_trend",6083,6061,0,-0.175805843054293
"6068","beta_trend",6083,6062,0,-0.174585953984036
"6069","beta_trend",6083,6063,0,-0.173312177913065
"6070","beta_trend",6083,6064,0,-0.171983906163979
"6071","beta_trend",6083,6065,0,-0.170600550599135
"6072","beta_trend",6083,6066,0,-0.169161544056711
"6073","beta_trend",6083,6067,0,-0.1676663407725
"6074","beta_trend",6083,6068,0,-0.166114416787147
"6075","beta_trend",6083,6069,0,-0.164505270338496
"6076","beta_trend",6083,6070,0,-0.162838422238771
"6077","beta_trend",6083,6071,0,-0.161113416236308
"6078","beta_trend",6083,6072,0,-0.159329819361579
"6079","beta_trend",6083,6073,0,-0.157487222257251
"6080","beta_trend",6083,6074,0,-0.155585239492051
"6081","beta_trend",6083,6075,0,-0.153623509858215
"6082","beta_trend",6083,6076,0,-0.15160169665231
"6083","beta_trend",6083,6077,0,-0.149519487939248
"6084","beta_trend",6083,6078,0,-0.147376596799301
"6085","beta_trend",6083,6079,0,-0.145172761557975
"6086","beta_trend",6083,6080,0,-0.142907745998577
"6087","beta_trend",6083,6081,0,-0.140581339557355
"6088","model_pop",6083,0,0,8615225.87482773
"6089","infection",6083,0,0,132.707974004892
"6090","mu_S",6083,0,0,633.404524062531
"6091","mu_I",6083,0,0,0.0378224619803739
"6092","mu_R",6083,0,0,498.155179261068
"6093","weekly",6083,0,0,24.203540369746
"6094","weekly",6083,1,0,22.5114770434281
"6095","weekly",6083,2,0,21.0442272093938
"6096","weekly",6083,3,0,19.7817893284102
"6097","weekly",6083,4,0,18.6992209504314
"6098","weekly",6083,5,0,17.7707893604379
"6099","weekly",6083,6,0,16.9728034931188
"6100","weekly",6083,7,0,16.2855570752338
"6101","weekly",6083,8,0,15.6945343462614
"6102","weekly",6083,9,0,15.1909296786885
"6103","weekly",6083,10,0,14.7715237847771
"6104","weekly",6083,11,0,14.4380026793989
"6105","weekly",6083,12,0,14.1958622625843
"6106","weekly",6083,13,0,14.0530726040771
"6107","weekly",6083,14,0,14.0186587417962
"6108","weekly",6083,15,0,14.1012928190369
"6109","weekly",6083,16,0,14.3079139901158
"6110","weekly",6083,17,0,14.6423374101184
"6111","weekly",6083,18,0,15.1038170529746
"6112","weekly",6083,19,0,15.6856072122051
"6113","weekly",6083,20,0,16.373715695253
"6114","weekly",6083,21,0,17.1462143512489
"6115","weekly",6083,22,0,17.9735889831471
"6116","weekly",6083,23,0,18.8205697209831
"6117","weekly",6083,24,0,19.6496095960928
"6118","weekly",6083,25,0,20.4256909316456
"6119","weekly",6083,26,0,21.1215886913481
"6120","weekly",6083,27,0,21.7223570501544
"6121","weekly",6083,28,0,22.2278485384045
"6122","weekly",6083,29,0,22.6525616510253
"6123","weekly",6083,30,0,23.0228473381621
"6124","weekly",6083,31,0,23.3721631179517
"6125","weekly",6083,32,0,23.7353860220345
"6126","weekly",6083,33,0,24.1431281758196
"6127","weekly",6083,34,0,24.6166915876649
"6128","weekly",6083,35,0,25.1639880600004
"6129","weekly",6083,36,0,25.7766205201308
"6130","weekly",6083,37,0,26.4284217967532
"6131","weekly",6083,38,0,27.0759724433586
"6132","weekly",6083,39,0,27.6617526758901
"6133","weekly",6083,40,0,28.1203774477165
"6134","weekly",6083,41,0,28.3876765306408
"6135","weekly",6083,42,0,28.4113265318573
"6136","weekly",6083,43,0,28.1607439504111
"6137","weekly",6083,44,0,27.6335905677785
"6138","weekly",6083,45,0,26.8569138391982
"6139","weekly",6083,46,0,25.8825124343533
"6140","weekly",6083,47,0,24.7779125297396
"6141","weekly",6083,48,0,23.6155400416234
"6142","weekly",6083,49,0,22.4628034044376
"6143","weekly",6083,50,0,21.3749803860594
"6144","weekly",6083,51,0,20.3915769090434
"6145","weekly",6083,52,0,19.5357798519206
"6146","weekly",6083,53,0,18.8160801061695
"6147","weekly",6083,54,0,18.2290959238842
"6148","weekly",6083,55,0,17.7628818827952
"6149","weekly",6083,56,0,17.4003328150109
"6150","weekly",6083,57,0,17.1225211277244
"6151","weekly",6083,58,0,16.9118782618721
"6152","weekly",6083,59,0,16.7550755400584
"6153","weekly",6083,60,0,16.6453639620329
"6154","weekly",6083,61,0,16.5840968449847
"6155","weekly",6083,62,0,16.581244219037
"6156","weekly",6083,63,0,16.6548982581892
"6157","weekly",6083,64,0,16.8299786346015
"6158","weekly",6083,65,0,17.1364682374672
"6159","weekly",6083,66,0,17.6074780028216
"6160","weekly",6083,67,0,18.2772666306359
"6161","weekly",6083,68,0,19.1791055754466
"6162","weekly",6083,69,0,20.3426904328662
"6163","weekly",6083,70,0,21.7907611560158
"6164","weekly",6083,71,0,23.5347862420476
"6165","weekly",6083,72,0,25.5700254109383
"6166","weekly",6083,73,0,27.8709547146727
"6167","weekly",6083,74,0,30.3887071651761
"6168","weekly",6083,75,0,33.0523508243284
"6169","weekly",6083,76,0,35.7759153963857
"6170","weekly",6083,77,0,38.4706219996174
"6171","weekly",6083,78,0,41.0601459003074
"6172","weekly",6083,79,0,43.4957694726102
"6173","weekly",6083,80,0,45.7667566119983
"6174","weekly",6083,81,0,47.9031108201459
"6175","weekly",6083,82,0,49.9700990662127
"6176","weekly",6083,83,0,52.0561490219602
"6177","weekly",6083,84,0,54.2568608159368
"6178","weekly",6083,85,0,56.657712281052
"6179","weekly",6083,86,0,59.317149614451
"6180","weekly",6083,87,0,62.2510222808414
"6181","weekly",6083,88,0,65.4194012655653
"6182","weekly",6083,89,0,68.7178214889295
"6183","weekly",6083,90,0,71.9763569938737
"6184","weekly",6083,91,0,74.9705513804074
"6185","weekly",6083,92,0,77.4468223106269
"6186","weekly",6083,93,0,79.1609516640274
"6187","weekly",6083,94,0,79.9226440493521
"6188","weekly",6083,95,0,79.634564342814
"6189","weekly",6083,96,0,78.3138208500459
"6190","weekly",6083,97,0,76.0887930312701
"6191","weekly",6083,98,0,73.1725828513595
"6192","weekly",6083,99,0,69.8220537106731
"6193","weekly",6083,100,0,66.2947756246172
"6194","weekly",6083,101,0,62.8143452472391
"6195","weekly",6083,102,0,59.5494524245582
"6196","weekly",6083,103,0,56.6067410787118
"6197","weekly",6083,104,0,54.0341226949872
"6198","weekly",6083,105,0,51.8302702497554
"6199","weekly",6083,106,0,49.9568347484174
"6200","weekly",6083,107,0,48.3513669964227
"6201","weekly",6083,108,0,46.9400990332056
"6202","weekly",6083,109,0,45.6502165712768
"6203","weekly",6083,110,0,44.4210670088924
"6204","weekly",6083,111,0,43.2132622258168
"6205","weekly",6083,112,0,42.014353975735
"6206","weekly",6083,113,0,40.8400618921687
"6207","weekly",6083,114,0,39.7309432762263
"6208","weekly",6083,115,0,38.7455315540687
"6209","weekly",6083,116,0,37.9517758950883
"6210","weekly",6083,117,0,37.4186977806598
"6211","weekly",6083,118,0,37.2095502829347
"6212","weekly",6083,119,0,37.3767824082724
"6213","weekly",6083,120,0,37.9582410262028
"6214","weekly",6083,121,0,38.9736296431965
"6215","weekly",6083,122,0,40.4204211795218
"6216","weekly",6083,123,0,42.2691497892984
"6217","weekly",6083,124,0,44.4591027673896
"6218","weekly",6083,125,0,46.8965470695648
"6219","weekly",6083,126,0,49.4582067851698
"6220","weekly",6083,127,0,52.0021361644922
"6221","weekly",6083,128,0,54.3860929993907
"6222","weekly",6083,129,0,56.4904729133377
"6223","weekly",6083,130,0,58.2401671209627
"6224","weekly",6083,131,0,59.6189647765077
"6225","weekly",6083,132,0,60.6720877945781
"6226","weekly",6083,133,0,61.4962996066715
"6227","weekly",6083,134,0,62.2208067014217
"6228","weekly",6083,135,0,62.9840830014627
"6229","weekly",6083,136,0,63.9112888018199
"6230","weekly",6083,137,0,65.094999528098
"6231","weekly",6083,138,0,66.5799634606319
"6232","weekly",6083,139,0,68.351712706014
"6233","weekly",6083,140,0,70.3294096759591
"6234","weekly",6083,141,0,72.3648550683074
"6235","weekly",6083,142,0,74.2510092424618
"6236","weekly",6083,143,0,75.7432808973772
"6237","weekly",6083,144,0,76.5941438661703
"6238","weekly",6083,145,0,76.5965370039967
"6239","weekly",6083,146,0,75.6260280869483
"6240","weekly",6083,147,0,73.6691651343044
"6241","weekly",6083,148,0,70.8282687109277
"6242","weekly",6083,149,0,67.3006425526328
"6243","weekly",6083,150,0,63.3391205447342
"6244","weekly",6083,151,0,59.2064790047189
"6245","weekly",6083,152,0,55.1361513349011
"6246","weekly",6083,153,0,51.30694403298
"6247","weekly",6083,154,0,47.8332703499127
"6248","weekly",6083,155,0,44.7677775591455
"6249","weekly",6083,156,0,42.1114089127168
"6250","weekly",6083,157,0,39.8264696277784
"6251","weekly",6083,158,0,37.8499215425727
"6252","weekly",6083,159,0,36.1057623534389
"6253","weekly",6083,160,0,34.5162976732872
"6254","weekly",6083,161,0,33.012252473598
"6255","weekly",6083,162,0,31.541247341901
"6256","weekly",6083,163,0,30.073661659846
"6257","weekly",6083,164,0,28.6048073780366
"6258","weekly",6083,165,0,27.1528886872056
"6259","weekly",6083,166,0,25.7532586965954
"6260","weekly",6083,167,0,24.450498556731
"6261","weekly",6083,168,0,23.2903075211434
"6262","weekly",6083,169,0,22.3128926821209
"6263","weekly",6083,170,0,21.5486986356309
"6264","weekly",6083,171,0,21.0163749094345
"6265","weekly",6083,172,0,20.722328040014
"6266","weekly",6083,173,0,20.6606346399403
"6267","weekly",6083,174,0,20.8130985466805
"6268","weekly",6083,175,0,21.1493494309188
"6269","weekly",6083,176,0,21.6270600493208
"6270","weekly",6083,177,0,22.1934933232969
"6271","weekly",6083,178,0,22.7892219841933
"6272","weekly",6083,179,0,23.3544345139999
"6273","weekly",6083,180,0,23.8372416591692
"6274","weekly",6083,181,0,24.2022775241967
"6275","weekly",6083,182,0,24.437245925109
"6276","weekly",6083,183,0,24.5553764780389
"6277","weekly",6083,184,0,24.593002428559
"6278","weekly",6083,185,0,24.6030530434682
"6279","weekly",6083,186,0,24.6463600056704
"6280","weekly",6083,187,0,24.7828286621607
"6281","weekly",6083,188,0,25.0638300167484
"6282","weekly",6083,189,0,25.5261603342524
"6283","weekly",6083,190,0,26.1871696001817
"6284","weekly",6083,191,0,27.0405214595385
"6285","weekly",6083,192,0,28.0525576071177
"6286","weekly",6083,193,0,29.1601830129257
"6287","weekly",6083,194,0,30.2721249784481
"6288","weekly",6083,195,0,31.275726811421
"6289","weekly",6083,196,0,32.0505080029579
"6290","weekly",6083,197,0,32.4873985133418
"6291","weekly",6083,198,0,32.509578792261
"6292","weekly",6083,199,0,32.0888272559459
"6293","weekly",6083,200,0,31.2517605575295
"6294","weekly",6083,201,0,30.0736260672738
"6295","weekly",6083,202,0,28.6618461804137
"6296","weekly",6083,203,0,27.1349135026212
"6297","weekly",6083,204,0,25.602882408165
"6298","weekly",6083,205,0,24.1537648665762
"6299","weekly",6083,206,0,22.8471327604757
"6300","weekly",6083,207,0,21.7137785622926
"6301","weekly",6083,208,0,20.7591942794761
"6302","weekly",6083,209,0,19.9687764303408
"6303","weekly",6083,210,0,19.3134559450355
"6304","weekly",6083,211,0,18.7552822935386
"6305","weekly",6083,212,0,18.2529826000919
"6306","weekly",6083,213,0,17.7675486405678
"6307","weekly",6083,214,0,17.2675751197894
"6308","weekly",6083,215,0,16.7336421101527
"6309","weekly",6083,216,0,16.1608269457765
"6310","weekly",6083,217,0,15.5586690693799
"6311","weekly",6083,218,0,14.94856157304
"6312","weekly",6083,219,0,14.3593024715046
"6313","weekly",6083,220,0,13.8220169533215
"6314","weekly",6083,221,0,13.3656365668294
"6315","weekly",6083,222,0,13.0136650391096
"6316","weekly",6083,223,0,12.7823546116269
"6317","weekly",6083,224,0,12.6799524855778
"6318","weekly",6083,225,0,12.7065073385238
"6319","weekly",6083,226,0,12.8538450360384
"6320","weekly",6083,227,0,13.1056268161437
"6321","weekly",6083,228,0,13.4377525122736
"6322","weekly",6083,229,0,13.819616523996
"6323","weekly",6083,230,0,14.2167225445037
"6324","weekly",6083,231,0,14.5948275059673
"6325","weekly",6083,232,0,14.9251698829448
"6326","weekly",6083,233,0,15.1896899546618
"6327","weekly",6083,234,0,15.3848326074258
"6328","weekly",6083,235,0,15.5227941312241
"6329","weekly",6083,236,0,15.6298691031634
"6330","weekly",6083,237,0,15.7424788000171
"6331","weekly",6083,238,0,15.9020442019591
"6332","weekly",6083,239,0,16.1498587562655
"6333","weekly",6083,240,0,16.5226254247918
"6334","weekly",6083,241,0,17.0486845348296
"6335","weekly",6083,242,0,17.744516341224
"6336","weekly",6083,243,0,18.6110622180231
"6337","weekly",6083,244,0,19.6298193286784
"6338","weekly",6083,245,0,20.7594308308726
"6339","weekly",6083,246,0,21.9343571358932
"6340","weekly",6083,247,0,23.0677147965416
"6341","weekly",6083,248,0,24.0599437285182
"6342","weekly",6083,249,0,24.8132774909573
"6343","weekly",6083,250,0,25.2494091030403
"6344","weekly",6083,251,0,25.3254879426968
"6345","weekly",6083,252,0,25.0431620612544
"6346","weekly",6083,253,0,24.4474785529092
"6347","weekly",6083,254,0,23.6161882073957
"6348","weekly",6083,255,0,22.6433784213204
"6349","weekly",6083,256,0,21.62267783479
"6350","weekly",6083,257,0,20.6342391005965
"6351","weekly",6083,258,0,19.7373576618302
"6352","weekly",6083,259,0,18.9683483173085
"6353","weekly",6083,260,0,18.3420645273854
"6354","weekly",6083,261,0,17.855299104529
"6355","weekly",6083,262,0,17.4908363854101
"6356","weekly",6083,263,0,17.2216266500254
"6357","weekly",6083,264,0,17.0150594443603
"6358","weekly",6083,265,0,16.8374603610191
"6359","weekly",6083,266,0,16.6587407175921
"6360","weekly",6083,267,0,16.4567519001248
"6361","weekly",6083,268,0,16.2206087060749
"6362","weekly",6083,269,0,15.9521369775121
"6363","weekly",6083,270,0,15.6651584261363
"6364","weekly",6083,271,0,15.3828343839614
"6365","weekly",6083,272,0,15.1337281406668
"6366","weekly",6083,273,0,14.9476344683608
"6367","weekly",6083,274,0,14.8519530246322
"6368","weekly",6083,275,0,14.8689847800251
"6369","weekly",6083,276,0,15.01411020864
"6370","weekly",6083,277,0,15.2945706977753
"6371","weekly",6083,278,0,15.7085887027133
"6372","weekly",6083,279,0,16.244785667348
"6373","weekly",6083,280,0,16.8821749187246
"6374","weekly",6083,281,0,17.5912620413983
"6375","weekly",6083,282,0,18.3368083650003
"6376","weekly",6083,283,0,19.0824867664178
"6377","weekly",6083,284,0,19.797013744821
"6378","weekly",6083,285,0,20.4606185022276
"6379","weekly",6083,286,0,21.0702893421403
"6380","weekly",6083,287,0,21.6424198672048
"6381","weekly",6083,288,0,22.2122463742744
"6382","weekly",6083,289,0,22.8304513081548
"6383","weekly",6083,290,0,23.5580002464194
"6384","weekly",6083,291,0,24.4603639082707
"6385","weekly",6083,292,0,25.6017908582508
"6386","weekly",6083,293,0,27.039560049745
"6387","weekly",6083,294,0,28.8175539291151
"6388","weekly",6083,295,0,30.9583780259545
"6389","weekly",6083,296,0,33.4538115447867
"6390","weekly",6083,297,0,36.2546436479843
"6391","weekly",6083,298,0,39.2626894979494
"6392","weekly",6083,299,0,42.3292962946543
"6393","weekly",6083,300,0,45.2648145166877
"6394","weekly",6083,301,0,47.86125985119
"6395","weekly",6083,302,0,49.9256951626576
"6396","weekly",6083,303,0,51.3164695988762
"6397","weekly",6083,304,0,51.9714059107082
"6398","weekly",6083,305,0,51.9187127677687
"6399","weekly",6083,306,0,51.2675121832817
"6400","weekly",6083,307,0,50.1822679419238
"6401","weekly",6083,308,0,48.8502326646685
"6402","weekly",6083,309,0,47.4513626896623
"6403","weekly",6083,310,0,46.136853178532
"6404","weekly",6083,311,0,45.0180028185041
"6405","weekly",6083,312,0,44.1637466511638
"6406","weekly",6083,313,0,43.6037988243152
"6407","weekly",6083,314,0,43.334616357346
"6408","weekly",6083,315,0,43.3264860777308
"6409","weekly",6083,316,0,43.5311534111606
"6410","weekly",6083,317,0,43.8900614057075
"6411","weekly",6083,318,0,44.3432895732094
"6412","weekly",6083,319,0,44.838797238388
"6413","weekly",6083,320,0,45.3409222404807
"6414","weekly",6083,321,0,45.8366851418868
"6415","weekly",6083,322,0,46.3386067441661
"6416","weekly",6083,323,0,46.8834681893004
"6417","weekly",6083,324,0,47.5274116669116
"6418","weekly",6083,325,0,48.3385435164164
"6419","weekly",6083,326,0,49.3884476872627
"6420","weekly",6083,327,0,50.7437424166201
"6421","weekly",6083,328,0,52.4582852876119
"6422","weekly",6083,329,0,54.5662118635209
"6423","weekly",6083,330,0,57.075943713251
"6424","weekly",6083,331,0,59.965677543787
"6425","weekly",6083,332,0,63.1814872232862
"6426","weekly",6083,333,0,66.6396542612947
"6427","weekly",6083,334,0,70.2347258749942
"6428","weekly",6083,335,0,73.8537587584524
"6429","weekly",6083,336,0,77.3953340770768
"6430","weekly",6083,337,0,80.7898780867436
"6431","weekly",6083,338,0,84.0165937087622
"6432","weekly",6083,339,0,87.1126803358184
"6433","weekly",6083,340,0,90.1724776381598
"6434","weekly",6083,341,0,93.3368112955613
"6435","weekly",6083,342,0,96.7748825385825
"6436","weekly",6083,343,0,100.661687153726
"6437","weekly",6083,344,0,105.153213834457
"6438","weekly",6083,345,0,110.360373053603
"6439","weekly",6083,346,0,116.321857339255
"6440","weekly",6083,347,0,122.976824327256
"6441","weekly",6083,348,0,130.14070764767
"6442","weekly",6083,349,0,137.490958779379
"6443","weekly",6083,350,0,144.572353280462
"6444","weekly",6083,351,0,150.831075201846
"6445","weekly",6083,352,0,155.680940547903
"6446","weekly",6083,353,0,158.594064434563
"6447","weekly",6083,354,0,159.196052837873
"6448","weekly",6083,355,0,157.339064282211
"6449","weekly",6083,356,0,153.130046308155
"6450","weekly",6083,357,0,146.905663123653
"6451","weekly",6083,358,0,139.163306872639
"6452","weekly",6083,359,0,130.470521624045
"6453","weekly",6083,360,0,121.377993447795
"6454","weekly",6083,361,0,112.354723254808
"6455","weekly",6083,362,0,103.753061496489
"6456","weekly",6083,363,0,95.8013853923057
"6457","weekly",6083,364,0,88.6164755686241
"6458","weekly",6083,365,0,82.2262476503474
"6459","weekly",6083,366,0,76.5958348047589
"6460","weekly",6083,367,0,71.6516123085967
"6461","weekly",6083,368,0,67.3009486873616
"6462","weekly",6083,369,0,63.4476734131295
"6463","weekly",6083,370,0,60.0030394594123
"6464","weekly",6083,371,0,56.8927538378466
"6465","weekly",6083,372,0,54.0605302312815
"6466","weekly",6083,373,0,51.4686094903427
"6467","weekly",6083,374,0,49.0957863082167
"6468","weekly",6083,375,0,46.9336422799315
"6469","weekly",6083,376,0,44.9818158484632
"6470","weekly",6083,377,0,43.2431470168012
"6471","weekly",6083,378,0,41.7193936576932
"6472","weekly",6083,379,0,40.407975098602
"6473","weekly",6083,380,0,39.2999441460779
"6474","weekly",6083,381,0,38.3791959430637
"6475","weekly",6083,382,0,37.6228200942733
"6476","weekly",6083,383,0,37.002469615667
"6477","weekly",6083,384,0,36.4866042886006
"6478","weekly",6083,385,0,36.0434161710746
"6479","weekly",6083,386,0,35.6441413116172
"6480","weekly",6083,387,0,35.2663299596279
"6481","weekly",6083,388,0,34.896552006785
"6482","weekly",6083,389,0,34.5320265951705
"6483","weekly",6083,390,0,34.1808211506232
"6484","weekly",6083,391,0,33.8605368012832
"6485","weekly",6083,392,0,33.5956953822169
"6486","weekly",6083,393,0,33.4142610117415
"6487","weekly",6083,394,0,33.3437964804689
"6488","weekly",6083,395,0,33.4076727241336
"6489","weekly",6083,396,0,33.6215861255132
"6490","weekly",6083,397,0,33.9904905877065
"6491","weekly",6083,398,0,34.5060014787396
"6492","weekly",6083,399,0,35.1444114030492
"6493","weekly",6083,400,0,35.8656461259034
"6494","weekly",6083,401,0,36.6136944758291
"6495","weekly",6083,402,0,37.3191354189094
"6496","weekly",6083,403,0,37.9042206679551
"6497","weekly",6083,404,0,38.2904775053303
"6498","weekly",6083,405,0,38.4080396067402
"6499","weekly",6083,406,0,38.2051338095625
"6500","weekly",6083,407,0,37.6556985401367
"6501","weekly",6083,408,0,36.7629257873305
"6502","weekly",6083,409,0,35.559183770285
"6503","weekly",6083,410,0,34.1005704917188
"6504","weekly",6083,411,0,32.4576545647033
"6505","weekly",6083,412,0,30.7062516404621
"6506","weekly",6083,413,0,28.9186774626469
"6507","weekly",6083,414,0,27.1572705353647
"6508","weekly",6083,415,0,25.4707467174958
"6509","weekly",6083,416,0,23.8932059943036
"6510","weekly",6083,417,0,22.4451497876071
"6511","weekly",6083,418,0,21.1357152256387
"6512","weekly",6083,419,0,19.9654102014392
"6513","weekly",6083,420,0,18.9288239094822
"6514","weekly",6083,421,0,18.0169958089391
"6515","weekly",6083,422,0,17.219296972693
"6516","weekly",6083,423,0,16.5247944925977
"6517","weekly",6083,424,0,15.9231379491357
"6518","weekly",6083,425,0,15.4050413964542
"6519","weekly",6083,426,0,14.9624485791683
"6520","weekly",6083,427,0,14.5884723441159
"6521","weekly",6083,428,0,14.2771960637001
"6522","weekly",6083,429,0,14.023417156608
"6523","weekly",6083,430,0,13.8224012319624
"6524","weekly",6083,431,0,13.6697006760551
"6525","weekly",6083,432,0,13.5610744318656
"6526","weekly",6083,433,0,13.4925270171188
"6527","weekly",6083,434,0,13.4604651549307
"6528","weekly",6083,435,0,13.4619507270727
"6529","weekly",6083,436,0,13.495010875944
"6530","weekly",6083,437,0,13.5589526849508
"6531","weekly",6083,438,0,13.6546239987983
"6532","weekly",6083,439,0,13.7845656861537
"6533","weekly",6083,440,0,13.9530137464499
"6534","weekly",6083,441,0,14.1657289495815
"6535","weekly",6083,442,0,14.4296518866249
"6536","weekly",6083,443,0,14.7523970476686
"6537","weekly",6083,444,0,15.1416077914328
"6538","weekly",6083,445,0,15.6041956474437
"6539","weekly",6083,446,0,16.1454868884321
"6540","weekly",6083,447,0,16.7683033659196
"6541","weekly",6083,448,0,17.4720191171909
"6542","weekly",6083,449,0,18.2516613919543
"6543","weekly",6083,450,0,19.097160563957
"6544","weekly",6083,451,0,19.9928869469586
"6545","weekly",6083,452,0,20.9176274929741
"6546","weekly",6083,453,0,21.8451347636183
"6547","weekly",6083,454,0,22.7453143514686
"6548","weekly",6083,455,0,23.5860095695643
"6549","weekly",6083,456,0,24.3352163906166
"6550","weekly",6083,457,0,24.9634537787424
"6551","weekly",6083,458,0,25.445962197351
"6552","weekly",6083,459,0,25.7644283616282
"6553","weekly",6083,460,0,25.9080326611947
"6554","weekly",6083,461,0,25.8738946522717
"6555","weekly",6083,462,0,25.6664396420565
"6556","weekly",6083,463,0,25.2965398530541
"6557","weekly",6083,464,0,24.7806459737512
"6558","weekly",6083,465,0,24.1394029657131
"6559","weekly",6083,466,0,23.3964092780661
"6560","weekly",6083,467,0,22.5770427930875
"6561","weekly",6083,468,0,21.7073621637428
"6562","weekly",6083,469,0,20.8130745235758
"6563","weekly",6083,470,0,19.9185691430503
"6564","weekly",6083,471,0,19.0460385445695
"6565","weekly",6083,472,0,18.2147281293583
"6566","weekly",6083,473,0,17.4403609603396
"6567","weekly",6083,474,0,16.7347728104214
"6568","weekly",6083,475,0,16.1057691823153
"6569","weekly",6083,476,0,15.5571909038008
"6570","weekly",6083,477,0,15.089158114406
"6571","weekly",6083,478,0,14.6984595558206
"6572","weekly",6083,479,0,14.3790641795749
"6573","weekly",6083,480,0,14.1247477910365
"6574","weekly",6083,481,0,13.9258496861075
"6575","weekly",6083,482,0,13.7708101127355
"6576","weekly",6083,483,0,13.6493389898023
"6577","weekly",6083,484,0,13.552899472008
"6578","weekly",6083,485,0,13.4755016687086
"6579","weekly",6083,486,0,13.4144533428189
"6580","weekly",6083,487,0,13.3708580762068
"6581","weekly",6083,488,0,13.3497416900682
"6582","weekly",6083,489,0,13.3597748834218
"6583","weekly",6083,490,0,13.4126422127738
"6584","weekly",6083,491,0,13.5221646826467
"6585","weekly",6083,492,0,13.7032989301442
"6586","weekly",6083,493,0,13.9711093828919
"6587","weekly",6083,494,0,14.3397567658285
"6588","weekly",6083,495,0,14.8214926427754
"6589","weekly",6083,496,0,15.4256209798114
"6590","weekly",6083,497,0,16.157401626333
"6591","weekly",6083,498,0,17.0169317193795
"6592","weekly",6083,499,0,17.9981377057702
"6593","weekly",6083,500,0,19.0881131530077
"6594","weekly",6083,501,0,20.2670998891335
"6595","weekly",6083,502,0,21.5093815692962
"6596","weekly",6083,503,0,22.7852068819229
"6597","weekly",6083,504,0,24.0635970886105
"6598","weekly",6083,505,0,25.3156885093413
"6599","weekly",6083,506,0,26.5175579481802
"6600","weekly",6083,507,0,27.652276631361
"6601","weekly",6083,508,0,28.7106974301714
"6602","weekly",6083,509,0,29.690279178154
"6603","weekly",6083,510,0,30.5925578753704
"6604","weekly",6083,511,0,31.4197111861213
"6605","weekly",6083,512,0,32.1709422575404
"6606","weekly",6083,513,0,32.8394422929923
"6607","weekly",6083,514,0,33.4106096894102
"6608","weekly",6083,515,0,33.8620371656398
"6609","weekly",6083,516,0,34.1655281248495
"6610","weekly",6083,517,0,34.2910535454939
"6611","weekly",6083,518,0,34.2121214884828
"6612","weekly",6083,519,0,33.9115839850965
"6613","weekly",6083,520,0,33.3866069724063
"6614","weekly",6083,521,0,32.6515498740409
"6615","weekly",6083,522,0,31.737924652105
"6616","weekly",6083,523,0,30.6913384799045
"6617","weekly",6083,524,0,29.5661146038765
"6618","weekly",6083,525,0,28.4188319092536
"6619","weekly",6083,526,0,27.3021366799258
"6620","weekly",6083,527,0,26.2598753388993
"6621","weekly",6083,528,0,25.3240629808461
"6622","weekly",6083,529,0,24.5136815978294
"6623","weekly",6083,530,0,23.8349690661889
"6624","weekly",6083,531,0,23.2827661188603
"6625","weekly",6083,532,0,22.8425761249928
"6626","weekly",6083,533,0,22.4931493631229
"6627","weekly",6083,534,0,22.2095178704731
"6628","weekly",6083,535,0,21.9664071875231
"6629","weekly",6083,536,0,21.7418290447276
"6630","weekly",6083,537,0,21.5204750442099
"6631","weekly",6083,538,0,21.2963953427752
"6632","weekly",6083,539,0,21.0744658530966
"6633","weekly",6083,540,0,20.8703636595528
"6634","weekly",6083,541,0,20.7091198480848
"6635","weekly",6083,542,0,20.6226571028892
"6636","weekly",6083,543,0,20.6468981607541
"6637","weekly",6083,544,0,20.8189811333468
"6638","weekly",6083,545,0,21.1748792074286
"6639","weekly",6083,546,0,21.7474123014981
"6640","weekly",6083,547,0,22.5643870604836
"6641","weekly",6083,548,0,23.6465043350909
"6642","weekly",6083,549,0,25.0047758653054
"6643","weekly",6083,550,0,26.6374942520488
"6644","weekly",6083,551,0,28.527251249081
"6645","weekly",6083,552,0,30.6389742818683
"6646","weekly",6083,553,0,32.9202391751132
"6647","weekly",6083,554,0,35.3049683174613
"6648","weekly",6083,555,0,37.7208827896829
"6649","weekly",6083,556,0,40.0998542542984
"6650","weekly",6083,557,0,42.3890393540605
"6651","weekly",6083,558,0,44.5600592897063
"6652","weekly",6083,559,0,46.613428341203
"6653","weekly",6083,560,0,48.5772331704829
"6654","weekly",6083,561,0,50.500367829176
"6655","weekly",6083,562,0,52.4414588281252
"6656","weekly",6083,563,0,54.4557497561655
"6657","weekly",6083,564,0,56.5817531550601
"6658","weekly",6083,565,0,58.8291720304878
"6659","weekly",6083,566,0,61.1694298156035
"6660","weekly",6083,567,0,63.5303613152682
"6661","weekly",6083,568,0,65.7969879829834
"6662","weekly",6083,569,0,67.8202782508342
"6663","weekly",6083,570,0,69.434763636451
"6664","weekly",6083,571,0,70.4836016678382
"6665","weekly",6083,572,0,70.8466866223425
"6666","weekly",6083,573,0,70.4650547895944
"6667","weekly",6083,574,0,69.354642213053
"6668","weekly",6083,575,0,67.6051026437526
"6669","weekly",6083,576,0,65.36400477797
"6670","weekly",6083,577,0,62.8112204573372
"6671","weekly",6083,578,0,60.13066494542
"6672","weekly",6083,579,0,57.4860072942829
"6673","weekly",6083,580,0,55.0043262726467
"6674","weekly",6083,581,0,52.7685400348782
"6675","weekly",6083,582,0,50.8171490419736
"6676","weekly",6083,583,0,49.1489294239327
"6677","weekly",6083,584,0,47.7305449185114
"6678","weekly",6083,585,0,46.5057499166396
"6679","weekly",6083,586,0,45.4056155833132
"6680","weekly",6083,587,0,44.3594883090991
"6681","weekly",6083,588,0,43.3060377413676
"6682","weekly",6083,589,0,42.2031554755158
"6683","weekly",6083,590,0,41.0350350387089
"6684","weekly",6083,591,0,39.814919722714
"6685","weekly",6083,592,0,38.5828902828471
"6686","weekly",6083,593,0,37.3993739835059
"6687","weekly",6083,594,0,36.3361875903829
"6688","weekly",6083,595,0,35.4673450891823
"6689","weekly",6083,596,0,34.8614229697632
"6690","weekly",6083,597,0,34.5762764399879
"6691","weekly",6083,598,0,34.6558433437822
"6692","weekly",6083,599,0,35.1280822381595
"6693","weekly",6083,600,0,36.0029580977825
"6694","weekly",6083,601,0,37.2692418317893
"6695","weekly",6083,602,0,38.8924125005869
"6696","weekly",6083,603,0,40.8121568180177
"6697","weekly",6083,604,0,42.9412311389351
"6698","weekly",6083,605,0,45.1706614618561
"6699","weekly",6083,606,0,47.3804472605952
"6700","weekly",6083,607,0,49.4557757437324
"6701","weekly",6083,608,0,51.3057812046754
"6702","weekly",6083,609,0,52.8800844039724
"6703","weekly",6083,610,0,54.17829991908
"6704","weekly",6083,611,0,55.2496806215895
"6705","weekly",6083,612,0,56.1831704631695
"6706","weekly",6083,613,0,57.0908077472559
"6707","weekly",6083,614,0,58.0884849985014
"6708","weekly",6083,615,0,59.2774093338376
"6709","weekly",6083,616,0,60.7280448887468
"6710","weekly",6083,617,0,62.4669741107209
"6711","weekly",6083,618,0,64.4667628679053
"6712","weekly",6083,619,0,66.639691405544
"6713","weekly",6083,620,0,68.837609565544
"6714","weekly",6083,621,0,70.8611785572066
"6715","weekly",6083,622,0,72.481177277059
"6716","weekly",6083,623,0,73.471618713942
"6717","weekly",6083,624,0,73.6496168642079
"6718","weekly",6083,625,0,72.9123462895295
"6719","weekly",6083,626,0,71.2599273625747
"6720","weekly",6083,627,0,68.7964319531347
"6721","weekly",6083,628,0,65.7084607687648
"6722","weekly",6083,629,0,62.2283860250755
"6723","weekly",6083,630,0,58.5935881071709
"6724","weekly",6083,631,0,55.0122479153215
"6725","weekly",6083,632,0,51.6417996406999
"6726","weekly",6083,633,0,48.5808586893472
"6727","weekly",6083,634,0,45.871722315962
"6728","weekly",6083,635,0,43.509260038194
"6729","weekly",6083,636,0,41.4526045840794
"6730","weekly",6083,637,0,39.6375049374728
"6731","weekly",6083,638,0,37.9885039626388
"6732","weekly",6083,639,0,36.4306249969668
"6733","weekly",6083,640,0,34.9001323752127
"6734","weekly",6083,641,0,33.3534044420485
"6735","weekly",6083,642,0,31.7725244872126
"6736","weekly",6083,643,0,30.1663785019955
"6737","weekly",6083,644,0,28.5669610810546
"6738","weekly",6083,645,0,27.0218859664164
"6739","weekly",6083,646,0,25.5851354282859
"6740","weekly",6083,647,0,24.308338325427
"6741","weekly",6083,648,0,23.2342650189785
"6742","weekly",6083,649,0,22.3931466914
"6743","weekly",6083,650,0,21.8014095471481
"6744","weekly",6083,651,0,21.461846075832
"6745","weekly",6083,652,0,21.3642215065302
"6746","weekly",6083,653,0,21.4857080855363
"6747","weekly",6083,654,0,21.7911110861351
"6748","weekly",6083,655,0,22.2335839902335
"6749","weekly",6083,656,0,22.7566589538983
"6750","weekly",6083,657,0,23.2984649611426
"6751","weekly",6083,658,0,23.7985410311339
"6752","weekly",6083,659,0,24.2063542558863
"6753","weekly",6083,660,0,24.4896773513319
"6754","weekly",6083,661,0,24.6404613324994
"6755","weekly",6083,662,0,24.6763409517262
"6756","weekly",6083,663,0,24.6372777563447
"6757","weekly",6083,664,0,24.578405846838
"6758","weekly",6083,665,0,24.5611107772856
"6759","weekly",6083,666,0,24.6443531786826
"6760","weekly",6083,667,0,24.8774461058129
"6761","weekly",6083,668,0,25.2944750278948
"6762","weekly",6083,669,0,25.9098622360325
"6763","weekly",6083,670,0,26.714514051575
"6764","weekly",6083,671,0,27.672547602866
"6765","weekly",6083,672,0,28.7195371591442
"6766","weekly",6083,673,0,29.7641103079295
"6767","weekly",6083,674,0,30.6949639191917
"6768","weekly",6083,675,0,31.3943954740607
"6769","weekly",6083,676,0,31.7571473032986
"6770","weekly",6083,677,0,31.7105020387025
"6771","weekly",6083,678,0,31.2297015397999
"6772","weekly",6083,679,0,30.3433610406428
"6773","weekly",6083,680,0,29.1268089903133
"6774","weekly",6083,681,0,27.6856744967045
"6775","weekly",6083,682,0,26.1352480491842
"6776","weekly",6083,683,0,24.5816550560594
"6777","weekly",6083,684,0,23.10892996033
"6778","weekly",6083,685,0,21.7731530780875
"6779","weekly",6083,686,0,20.602468407993
"6780","weekly",6083,687,0,19.6007824880326
"6781","weekly",6083,688,0,18.7531101855639
"6782","weekly",6083,689,0,18.0312955059089
"6783","weekly",6083,690,0,17.3996151383908
"6784","weekly",6083,691,0,16.8202206444512
"6785","weekly",6083,692,0,16.2583988220504
"6786","weekly",6083,693,0,15.6873434886511
"6787","weekly",6083,694,0,15.0917902998808
"6788","weekly",6083,695,0,14.4697565624992
"6789","weekly",6083,696,0,13.8319180151666
"6790","weekly",6083,697,0,13.1987702477491
"6791","weekly",6083,698,0,12.5964638950427
"6792","weekly",6083,699,0,12.0520506551438
"6793","weekly",6083,700,0,11.5896880901564
"6794","weekly",6083,701,0,11.2282951144625
"6795","weekly",6083,702,0,10.9801920970276
"6796","weekly",6083,703,0,10.8507528013215
"6797","weekly",6083,704,0,10.8384723595082
"6798","weekly",6083,705,0,10.9350983950098
"6799","weekly",6083,706,0,11.1257541988489
"6800","weekly",6083,707,0,11.3892903964515
"6801","weekly",6083,708,0,11.6993134136901
"6802","weekly",6083,709,0,12.0263397496892
"6803","weekly",6083,710,0,12.3412426921786
"6804","weekly",6083,711,0,12.6196363027375
"6805","weekly",6083,712,0,12.8462868417373
"6806","weekly",6083,713,0,13.018361812341
"6807","weekly",6083,714,0,13.1465445674294
"6808","weekly",6083,715,0,13.253709825407
"6809","weekly",6083,716,0,13.3716410364468
"6810","weekly",6083,717,0,13.5367672774228
"6811","weekly",6083,718,0,13.7858891104479
"6812","weekly",6083,719,0,14.1524349848987
"6813","weekly",6083,720,0,14.6632268601716
"6814","weekly",6083,721,0,15.3353322269613
"6815","weekly",6083,722,0,16.1725280643695
"6816","weekly",6083,723,0,17.1612637793442
"6817","weekly",6083,724,0,18.2667344684778
"6818","weekly",6083,725,0,19.4305629259688
"6819","weekly",6083,726,0,20.5722254795437
"6820","weekly",6083,727,0,21.5961614333173
"6821","weekly",6083,728,0,22.4050316723551
"6822","weekly",6083,729,0,22.9170296817429
"6823","weekly",6083,730,0,23.0826168380299
"6824","weekly",6083,731,0,22.8951629099465
"6825","weekly",6083,732,0,22.3916859664423
"6826","weekly",6083,733,0,21.6435714248801
"6827","weekly",6083,734,0,20.740827872829
"6828","weekly",6083,735,0,19.7751757142723
"6829","weekly",6083,736,0,18.8265026613117
"6830","weekly",6083,737,0,17.9549014457152
"6831","weekly",6083,738,0,17.1981303562425
"6832","weekly",6083,739,0,16.5729298976767
"6833","weekly",6083,740,0,16.0783690905591
"6834","weekly",6083,741,0,15.6998866112626
"6835","weekly",6083,742,0,15.413404356299
"6836","weekly",6083,743,0,15.1894350325529
"6837","weekly",6083,744,0,14.9973025756371
"6838","weekly",6083,745,0,14.8094488993411
"6839","weekly",6083,746,0,14.6054598442424
"6840","weekly",6083,747,0,14.3751444804948
"6841","weekly",6083,748,0,14.1199726852392
"6842","weekly",6083,749,0,13.8525030224482
"6843","weekly",6083,750,0,13.5939884827094
"6844","weekly",6083,751,0,13.3708992737775
"6845","weekly",6083,752,0,13.2110843951559
"6846","weekly",6083,753,0,13.1405263472407
"6847","weekly",6083,754,0,13.181033868721
"6848","weekly",6083,755,0,13.3485950813483
"6849","weekly",6083,756,0,13.6522590539462
"6850","weekly",6083,757,0,14.093212342068
"6851","weekly",6083,758,0,14.6639756645636
"6852","weekly",6083,759,0,15.3479773084691
"6853","weekly",6083,760,0,16.1200619425217
"6854","weekly",6083,761,0,16.948594752037
"6855","weekly",6083,762,0,17.7995740088118
"6856","weekly",6083,763,0,18.6425500376681
"6857","weekly",6083,764,0,19.4573644492848
"6858","weekly",6083,765,0,20.2401587693348
"6859","weekly",6083,766,0,21.0071230290705
"6860","weekly",6083,767,0,21.7951329262978
"6861","weekly",6083,768,0,22.6594272404254
"6862","weekly",6083,769,0,23.6692625244068
"6863","weekly",6083,770,0,24.9026450286801
"6864","weekly",6083,771,0,26.4407423235134
"6865","weekly",6083,772,0,28.3617139730013
"6866","weekly",6083,773,0,30.7329087967992
"6867","weekly",6083,774,0,33.600082229219
"6868","weekly",6083,775,0,36.972861960825
"6869","weekly",6083,776,0,40.8073979981491
"6870","weekly",6083,777,0,44.9899053777553
"6871","weekly",6083,778,0,49.3278281675885
"6872","weekly",6083,779,0,53.5568127002662
"6873","weekly",6083,780,0,57.3693389345608
"6874","weekly",6083,781,0,60.463747482172
"6875","weekly",6083,782,0,62.6026850932139
"6876","weekly",6083,783,0,63.6629436369476
"6877","weekly",6083,784,0,63.6594790136951
"6878","weekly",6083,785,0,62.7358466402475
"6879","weekly",6083,786,0,61.1263959617754
"6880","weekly",6083,787,0,59.1050454774122
"6881","weekly",6083,788,0,56.9370022520852
"6882","weekly",6083,789,0,54.8444367760821
"6883","weekly",6083,790,0,52.9893254949748
"6884","weekly",6083,791,0,51.4706315373915
"6885","weekly",6083,792,0,50.3304512605391
"6886","weekly",6083,793,0,49.5642883982073
"6887","weekly",6083,794,0,49.1316371052453
"6888","weekly",6083,795,0,48.9686653709723
"6889","weekly",6083,796,0,48.9995012117906
"6890","weekly",6083,797,0,49.1464868445801
"6891","weekly",6083,798,0,49.3426144573714
"6892","weekly",6083,799,0,49.5420617216587
"6893","weekly",6083,800,0,49.7277903573122
"6894","weekly",6083,801,0,49.9146218674578
"6895","weekly",6083,802,0,50.1471651394822
"6896","weekly",6083,803,0,50.4932629357645
"6897","weekly",6083,804,0,51.0346096937174
"6898","weekly",6083,805,0,51.8564384603596
"6899","weekly",6083,806,0,53.0376939035559
"6900","weekly",6083,807,0,54.6422967750077
"6901","weekly",6083,808,0,56.7114725938409
"6902","weekly",6083,809,0,59.2570261368164
"6903","weekly",6083,810,0,62.2559736779112
"6904","weekly",6083,811,0,65.6478689504802
"6905","weekly",6083,812,0,69.3369764366325
"6906","weekly",6083,813,0,73.201506646943
"6907","weekly",6083,814,0,77.1109148318646
"6908","weekly",6083,815,0,80.9498040510443
"6909","weekly",6083,816,0,84.644114300263
"6910","weekly",6083,817,0,88.1834571637955
"6911","weekly",6083,818,0,91.6338651058759
"6912","weekly",6083,819,0,95.137905646272
"6913","weekly",6083,820,0,98.9027349990902
"6914","weekly",6083,821,0,103.179324574579
"6915","weekly",6083,822,0,108.236508956641
"6916","weekly",6083,823,0,114.331746178086
"6917","weekly",6083,824,0,121.67781047491
"6918","weekly",6083,825,0,130.402840736813
"6919","weekly",6083,826,0,140.50194709378
"6920","weekly",6083,827,0,151.783096496598
"6921","weekly",6083,828,0,163.818197114946
"6922","weekly",6083,829,0,175.919765020688
"6923","weekly",6083,830,0,187.168705064898
"6924","weekly",6083,831,0,196.512283793341
"6925","weekly",6083,832,0,202.929409494584
"6926","weekly",6083,833,0,205.628699087003
"6927","weekly",6083,834,0,204.220026119056
"6928","weekly",6083,835,0,198.800153695251
"6929","weekly",6083,836,0,189.922387216615
"6930","weekly",6083,837,0,178.464454485871
"6931","weekly",6083,838,0,165.443973039026
"6932","weekly",6083,839,0,151.840374917181
"6933","weekly",6083,840,0,138.466587454888
"6934","weekly",6083,841,0,125.906563632827
"6935","weekly",6083,842,0,114.510910929741
"6936","weekly",6083,843,0,104.430459529365
"6937","weekly",6083,844,0,95.6665487396021
"6938","weekly",6083,845,0,88.1222678368867
"6939","weekly",6083,846,0,81.646281955218
"6940","weekly",6083,847,0,76.0662984953815
"6941","weekly",6083,848,0,71.213437114704
"6942","weekly",6083,849,0,66.938099663741
"6943","weekly",6083,850,0,63.1190596073138
"6944","weekly",6083,851,0,59.6677688070122
"6945","weekly",6083,852,0,56.527842735115
"6946","weekly",6083,853,0,53.6707306323297
"6947","weekly",6083,854,0,51.0886657797964
"6948","weekly",6083,855,0,48.7862735440867
"6949","weekly",6083,856,0,46.7722464773906
"6950","weekly",6083,857,0,45.0522110073653
"6951","weekly",6083,858,0,43.6234300011565
"6952","weekly",6083,859,0,42.4715199966886
"6953","weekly",6083,860,0,41.5690812304747
"6954","weekly",6083,861,0,40.8760897946268
"6955","weekly",6083,862,0,40.3420010881455
"6956","weekly",6083,863,0,39.9095996827746
"6957","weekly",6083,864,0,39.5205409098562
"6958","weekly",6083,865,0,39.122188744077
"6959","weekly",6083,866,0,38.6748405871767
"6960","weekly",6083,867,0,38.1579763165209
"6961","weekly",6083,868,0,37.5740702128969
"6962","weekly",6083,869,0,36.9489376127312
"6963","weekly",6083,870,0,36.3284637619363
"6964","weekly",6083,871,0,35.7725260500811
"6965","weekly",6083,872,0,35.3475404967248
"6966","weekly",6083,873,0,35.1190808162501
"6967","weekly",6083,874,0,35.1454853763571
"6968","weekly",6083,875,0,35.4725847029476
"6969","weekly",6083,876,0,36.1290187505365
"6970","weekly",6083,877,0,37.1213490407463
"6971","weekly",6083,878,0,38.428441757962
"6972","weekly",6083,879,0,39.9954054909613
"6973","weekly",6083,880,0,41.7285666764074
"6974","weekly",6083,881,0,43.4941921297941
"6975","weekly",6083,882,0,45.1242790533724
"6976","weekly",6083,883,0,46.431946311277
"6977","weekly",6083,884,0,47.2363194503123
"6978","weekly",6083,885,0,47.3928083107457
"6979","weekly",6083,886,0,46.8210471514758
"6980","weekly",6083,887,0,45.5217423719878
"6981","weekly",6083,888,0,43.5765108207488
"6982","weekly",6083,889,0,41.1305649919959
"6983","weekly",6083,890,0,38.3640000242231
"6984","weekly",6083,891,0,35.460707253289
"6985","weekly",6083,892,0,32.5824280539455
"6986","weekly",6083,893,0,29.8533581450392
"6987","weekly",6083,894,0,27.3555644925655
"6988","weekly",6083,895,0,25.132034020804
"6989","weekly",6083,896,0,23.1944431052034
"6990","weekly",6083,897,0,21.5323495027551
"6991","weekly",6083,898,0,20.1217572555397
"6992","weekly",6083,899,0,18.9320909494199
"6993","weekly",6083,900,0,17.9313745954787
"6994","weekly",6083,901,0,17.0897930419887
"6995","weekly",6083,902,0,16.3819208982532
"6996","weekly",6083,903,0,15.7878724881084
"6997","weekly",6083,904,0,15.2935654844405
"6998","weekly",6083,905,0,14.8902581818475
"6999","weekly",6083,906,0,14.5735243931704
"7000","weekly",6083,907,0,14.3418488150055
"7001","weekly",6083,908,0,14.1950322135672
"7002","weekly",6083,909,0,14.1325778844839
"7003","weekly",6083,910,0,14.1521983169951
"7004","weekly",6083,911,0,14.2485570805002
"7005","weekly",6083,912,0,14.4123654613213
"7006","weekly",6083,913,0,14.6299866714617
"7007","weekly",6083,914,0,14.883735756026
"7008","weekly",6083,915,0,15.1530521981258
"7009","weekly",6083,916,0,15.416615674927
"7010","weekly",6083,917,0,15.6552575798123
"7011","weekly",6083,918,0,15.8552400216358
"7012","weekly",6083,919,0,16.0112443243561
"7013","weekly",6083,920,0,16.1283658790271
"7014","weekly",6083,921,0,16.2226215155533
"7015","weekly",6083,922,0,16.3198820855396
"7016","weekly",6083,923,0,16.4535739764033
"7017","weekly",6083,924,0,16.6617532014134
"7018","weekly",6083,925,0,16.9841367164117
"7019","weekly",6083,926,0,17.4594082228796
"7020","weekly",6083,927,0,18.1227341510603
"7021","weekly",6083,928,0,19.0030910727
"7022","weekly",6083,929,0,20.1198506446599
"7023","weekly",6083,930,0,21.4781844809331
"7024","weekly",6083,931,0,23.0632986390629
"7025","weekly",6083,932,0,24.834288740225
"7026","weekly",6083,933,0,26.7193877038517
"7027","weekly",6083,934,0,28.6151901137273
"7028","weekly",6083,935,0,30.3924879807309
"7029","weekly",6083,936,0,31.9100818071311
"7030","weekly",6083,937,0,33.0352965602651
"7031","weekly",6083,938,0,33.6668090122766
"7032","weekly",6083,939,0,33.753390196187
"7033","weekly",6083,940,0,33.3027017462518
"7034","weekly",6083,941,0,32.3774807729205
"7035","weekly",6083,942,0,31.0808285215098
"7036","weekly",6083,943,0,29.5357087537268
"7037","weekly",6083,944,0,27.8646995375966
"7038","weekly",6083,945,0,26.1746367732121
"7039","weekly",6083,946,0,24.5480931473139
"7040","weekly",6083,947,0,23.041253778938
"7041","weekly",6083,948,0,21.6866311909107
"7042","weekly",6083,949,0,20.4978077108899
"7043","weekly",6083,950,0,19.4746045220818
"7044","weekly",6083,951,0,18.6087610452596
"7045","weekly",6083,952,0,17.8885353771766
"7046","weekly",6083,953,0,17.301846322116
"7047","weekly",6083,954,0,16.8384282983097
"7048","weekly",6083,955,0,16.4910529039335
"7049","weekly",6083,956,0,16.2559301681613
"7050","weekly",6083,957,0,16.1324228078884
"7051","weekly",6083,958,0,16.1222120362363
"7052","weekly",6083,959,0,16.2280457330999
"7053","weekly",6083,960,0,16.452181283661
"7054","weekly",6083,961,0,16.7946197710917
"7055","weekly",6083,962,0,17.2512397013852
"7056","weekly",6083,963,0,17.8120003919103
"7057","weekly",6083,964,0,18.4595023559086
"7058","weekly",6083,965,0,19.1683328157669
"7059","weekly",6083,966,0,19.9057124135506
"7060","weekly",6083,967,0,20.6338883340213
"7061","weekly",6083,968,0,21.3144046445595
"7062","weekly",6083,969,0,21.913835126863
"7063","weekly",6083,970,0,22.40995194891
"7064","weekly",6083,971,0,22.7969103303913
"7065","weekly",6083,972,0,23.0881160917124
"7066","weekly",6083,973,0,23.3160620626368
"7067","weekly",6083,974,0,23.5293322077778
"7068","weekly",6083,975,0,23.787762226566
"7069","weekly",6083,976,0,24.1570606001987
"7070","weekly",6083,977,0,24.7039420280853
"7071","weekly",6083,978,0,25.4921844888813
"7072","weekly",6083,979,0,26.5792978627069
"7073","weekly",6083,980,0,28.012957855688
"7074","weekly",6083,981,0,29.8261818920655
"7075","weekly",6083,982,0,32.0304941033974
"7076","weekly",6083,983,0,34.6070974524919
"7077","weekly",6083,984,0,37.4973230359465
"7078","weekly",6083,985,0,40.5951337989973
"7079","weekly",6083,986,0,43.7456439653688
"7080","weekly",6083,987,0,46.7535884477547
"7081","weekly",6083,988,0,49.4033807131054
"7082","weekly",6083,989,0,51.4898575627158
"7083","weekly",6083,990,0,52.8518243210492
"7084","weekly",6083,991,0,53.3990736961787
"7085","weekly",6083,992,0,53.1261657587893
"7086","weekly",6083,993,0,52.1081399107061
"7087","weekly",6083,994,0,50.4808448594413
"7088","weekly",6083,995,0,48.4128596058072
"7089","weekly",6083,996,0,46.077241795494
"7090","weekly",6083,997,0,43.6294531073509
"7091","weekly",6083,998,0,41.1943771580336
"7092","weekly",6083,999,0,38.8621467844641
"7093","weekly",6083,1000,0,36.6905593873671
"7094","weekly",6083,1001,0,34.7113074042572
"7095","weekly",6083,1002,0,32.9376202963831
"7096","weekly",6083,1003,0,31.3715857162824
"7097","weekly",6083,1004,0,30.0102169147212
"7098","weekly",6083,1005,0,28.8498722677614
"7099","weekly",6083,1006,0,27.8889697292543
"7100","weekly",6083,1007,0,27.129174542235
"7101","weekly",6083,1008,0,26.5753494326418
"7102","weekly",6083,1009,0,26.2345816413654
"7103","weekly",6083,1010,0,26.1145538069395
"7104","weekly",6083,1011,0,26.2214308658513
"7105","weekly",6083,1012,0,26.5573380951901
"7106","weekly",6083,1013,0,27.1174661889308
"7107","weekly",6083,1014,0,27.8869156657966
"7108","weekly",6083,1015,0,28.8376159904583
"7109","weekly",6083,1016,0,29.9259977419133
"7110","weekly",6083,1017,0,31.0924434370972
"7111","weekly",6083,1018,0,32.2636831867567
"7112","weekly",6083,1019,0,33.3589864795795
"7113","weekly",6083,1020,0,34.3000907248206
"7114","weekly",6083,1021,0,35.0234533141193
"7115","weekly",6083,1022,0,35.4921388619332
"7116","weekly",6083,1023,0,35.7041625876882
"7117","weekly",6083,1024,0,35.6948648052639
"7118","weekly",6083,1025,0,35.532713766559
"7119","weekly",6083,1026,0,35.3100130478924
"7120","weekly",6083,1027,0,35.1313474586714
"7121","weekly",6083,1028,0,35.1026912211819
"7122","weekly",6083,1029,0,35.3230754437463
"7123","weekly",6083,1030,0,35.8792053384823
"7124","weekly",6083,1031,0,36.8421090173215
"7125","weekly",6083,1032,0,38.2641928829689
"7126","weekly",6083,1033,0,40.1750705376689
"7127","weekly",6083,1034,0,42.5751587609557
"7128","weekly",6083,1035,0,45.4271980960693
"7129","weekly",6083,1036,0,48.6474089960029
"7130","weekly",6083,1037,0,52.0995904596566
"7131","weekly",6083,1038,0,55.5964330979041
"7132","weekly",6083,1039,0,58.9117735945183
"7133","weekly",6083,1040,0,61.8049404949779
"7134","weekly",6083,1041,0,64.0537575635535
"7135","weekly",6083,1042,0,65.4889914480591
"7136","weekly",6083,1043,0,66.0208473545063
"7137","weekly",6083,1044,0,65.6496605932043
"7138","weekly",6083,1045,0,64.4585550641932
"7139","weekly",6083,1046,0,62.5914580452809
"7140","weekly",6083,1047,0,60.223895930103
"7141","weekly",6083,1048,0,57.5346552878545
"7142","weekly",6083,1049,0,54.6842113572638
"7143","weekly",6083,1050,0,51.8024286937507
"7144","weekly",6083,1051,0,48.9850316877419
"7145","weekly",6083,1052,0,46.2965676752065
"7146","weekly",6083,1053,0,43.7770868069056
"7147","weekly",6083,1054,0,41.4500030585041
"7148","weekly",6083,1055,0,39.3294544043747
"7149","weekly",6083,1056,0,37.4260850634091
"7150","weekly",6083,1057,0,35.7507962240707
"7151","weekly",6083,1058,0,34.3165446549465
"7152","weekly",6083,1059,0,33.1385443053659
"7153","weekly",6083,1060,0,32.2333591873394
"7154","weekly",6083,1061,0,31.6173408683462
"7155","weekly",6083,1062,0,31.3046995408949
"7156","weekly",6083,1063,0,31.3052779673599
"7157","weekly",6083,1064,0,31.6219174774888
"7158","weekly",6083,1065,0,32.2472576963773
"7159","weekly",6083,1066,0,33.1599675958714
"7160","weekly",6083,1067,0,34.3207914830637
"7161","weekly",6083,1068,0,35.6693576174439
"7162","weekly",6083,1069,0,37.1232629990991
"7163","weekly",6083,1070,0,38.581197104475
"7164","weekly",6083,1071,0,39.9314205868359
"7165","weekly",6083,1072,0,41.0655576439385
"7166","weekly",6083,1073,0,41.895634754379
"7167","weekly",6083,1074,0,42.3704185172464
"7168","weekly",6083,1075,0,42.4864513201828
"7169","weekly",6083,1076,0,42.2904161073166
"7170","weekly",6083,1077,0,41.872233770715
"7171","weekly",6083,1078,0,41.3513204444753
"7172","weekly",6083,1079,0,40.8602587059504
"7173","weekly",6083,1080,0,40.5300608584948
"7174","weekly",6083,1081,0,40.4795825749607
"7175","weekly",6083,1082,0,40.809488452076
"7176","weekly",6083,1083,0,41.5994371267516
"7177","weekly",6083,1084,0,42.9062215321756
"7178","weekly",6083,1085,0,44.7611759571737
"7179","weekly",6083,1086,0,47.1651145755677
"7180","weekly",6083,1087,0,50.0807752957917
"7181","weekly",6083,1088,0,53.4248753177308
"7182","weekly",6083,1089,0,57.0625677956996
"7183","weekly",6083,1090,0,60.8084667537696
"7184","weekly",6083,1091,0,64.4378045657504
"7185","weekly",6083,1092,0,67.7088666380878
"7186","weekly",6083,1093,0,70.3939151226587
"7187","weekly",6083,1094,0,72.3118885435761
"7188","weekly",6083,1095,0,73.3542966962705
"7189","weekly",6083,1096,0,73.4972319212975
"7190","weekly",6083,1097,0,72.7968422085032
"7191","weekly",6083,1098,0,71.3708966428749
"7192","weekly",6083,1099,0,69.3728263268713
"7193","weekly",6083,1100,0,66.9655334635609
"7194","weekly",6083,1101,0,64.3006093290387
"7195","weekly",6083,1102,0,61.505707669814
"7196","weekly",6083,1103,0,58.6800730825998
"7197","weekly",6083,1104,0,55.8964290273216
"7198","weekly",6083,1105,0,53.2067160378429
"7199","weekly",6083,1106,0,50.6492615058232
"7200","weekly",6083,1107,0,48.2554936668312
"7201","weekly",6083,1108,0,46.0550068573211
"7202","weekly",6083,1109,0,44.0784764999626
"7203","weekly",6083,1110,0,42.3585072200294
"7204","weekly",6083,1111,0,40.9288958348188
"7205","weekly",6083,1112,0,39.8229476675842
"7206","weekly",6083,1113,0,39.0713969156059
"7207","weekly",6083,1114,0,38.7002153023277
"7208","weekly",6083,1115,0,38.7282670561399
"7209","weekly",6083,1116,0,39.1645180888663
"7210","weekly",6083,1117,0,40.004451144021
"7211","weekly",6083,1118,0,41.225557828584
"7212","weekly",6083,1119,0,42.7823008176929
"7213","weekly",6083,1120,0,44.6017028131319
"7214","weekly",6083,1121,0,46.5815096002552
"7215","weekly",6083,1122,0,48.5932924829467
"7216","weekly",6083,1123,0,50.4923996683865
"7217","weekly",6083,1124,0,52.1350150740182
"7218","weekly",6083,1125,0,53.3999808625231
"7219","weekly",6083,1126,0,54.2104869020623
"7220","weekly",6083,1127,0,54.5496344809144
"7221","weekly",6083,1128,0,54.4651938046663
"7222","weekly",6083,1129,0,54.0622860777876
"7223","weekly",6083,1130,0,53.4866616341169
"7224","weekly",6083,1131,0,52.9038287063449
"7225","weekly",6083,1132,0,52.479486742217
"7226","weekly",6083,1133,0,52.3648618251245
"7227","weekly",6083,1134,0,52.6878573724389
"7228","weekly",6083,1135,0,53.5486724059738
"7229","weekly",6083,1136,0,55.0173823852092
"7230","weekly",6083,1137,0,57.1309827864679
"7231","weekly",6083,1138,0,59.8883245320831
"7232","weekly",6083,1139,0,63.2428305036083
"7233","weekly",6083,1140,0,67.0946906011814
"7234","weekly",6083,1141,0,71.2859085432065
"7235","weekly",6083,1142,0,75.6024286892643
"7236","weekly",6083,1143,0,79.7869823143701
"7237","weekly",6083,1144,0,83.56373006582
"7238","weekly",6083,1145,0,86.6717364588912
"7239","weekly",6083,1146,0,88.900326067007
"7240","weekly",6083,1147,0,90.1174603532418
"7241","weekly",6083,1148,0,90.2837288168157
"7242","weekly",6083,1149,0,89.4489579958681
"7243","weekly",6083,1150,0,87.7338183579413
"7244","weekly",6083,1151,0,85.3027861277078
"7245","weekly",6083,1152,0,82.3360105875909
"7246","weekly",6083,1153,0,79.0061944809349
"7247","weekly",6083,1154,0,75.4637357384854
"7248","weekly",6083,1155,0,71.8304917299756
"7249","weekly",6083,1156,0,68.2005024878963
"7250","weekly",6083,1157,0,64.6450838540695
"7251","weekly",6083,1158,0,61.2196733660603
"7252","weekly",6083,1159,0,57.9703337744941
"7253","weekly",6083,1160,0,54.9385844412682
"7254","weekly",6083,1161,0,52.1640218617176
"7255","weekly",6083,1162,0,49.6848566152403
"7256","weekly",6083,1163,0,47.5369298978767
"7257","weekly",6083,1164,0,45.7519253909923
"7258","weekly",6083,1165,0,44.3553802756214
"7259","weekly",6083,1166,0,43.3648145289844
"7260","weekly",6083,1167,0,42.7879758519848
"7261","weekly",6083,1168,0,42.6209727698515
"7262","weekly",6083,1169,0,42.8460367966982
"7263","weekly",6083,1170,0,43.4288581121364
"7264","weekly",6083,1171,0,44.3158597558577
"7265","weekly",6083,1172,0,45.4323207038469
"7266","weekly",6083,1173,0,46.682740305172
"7267","weekly",6083,1174,0,47.9549742817035
"7268","weekly",6083,1175,0,49.1291727691278
"7269","weekly",6083,1176,0,50.0912920313785
"7270","weekly",6083,1177,0,50.7491936153456
"7271","weekly",6083,1178,0,51.047784218732
"7272","weekly",6083,1179,0,50.9791521083898
"7273","weekly",6083,1180,0,50.5847284107076
"7274","weekly",6083,1181,0,49.948922778407
"7275","weekly",6083,1182,0,49.1859606856015
"7276","weekly",6083,1183,0,48.4239424899934
"7277","weekly",6083,1184,0,47.7899209183961
"7278","weekly",6083,1185,0,47.3982453184435
"7279","weekly",6083,1186,0,47.3432112545779
"7280","weekly",6083,1187,0,47.6951638352912
"7281","weekly",6083,1188,0,48.4984450253251
"7282","weekly",6083,1189,0,49.7695561816072
"7283","weekly",6083,1190,0,51.4945191322113
"7284","weekly",6083,1191,0,53.6254111942544
"7285","weekly",6083,1192,0,56.0771618487197
"7286","weekly",6083,1193,0,58.7266303023716
"7287","weekly",6083,1194,0,61.4163587953735
"7288","weekly",6083,1195,0,63.9648470184547
"7289","weekly",6083,1196,0,66.1835806558374
"7290","weekly",6083,1197,0,67.8987196670278
"7291","weekly",6083,1198,0,68.973186821655
"7292","weekly",6083,1199,0,69.323960353955
"7293","weekly",6083,1200,0,68.9303097823285
"7294","weekly",6083,1201,0,67.8312721954426
"7295","weekly",6083,1202,0,66.1137746040476
"7296","weekly",6083,1203,0,63.8951718666794
"7297","weekly",6083,1204,0,61.3047808155097
"7298","weekly",6083,1205,0,58.4682562915987
"7299","weekly",6083,1206,0,55.4970069222909
"7300","weekly",6083,1207,0,52.483083209896
"7301","weekly",6083,1208,0,49.4986554988282
"7302","weekly",6083,1209,0,46.5985294595448
"7303","weekly",6083,1210,0,43.8241056150946
"7304","weekly",6083,1211,0,41.2074214132808
"7305","weekly",6083,1212,0,38.7743854782093
"7306","weekly",6083,1213,0,36.5468479403571
"7307","weekly",6083,1214,0,34.5435143415598
"7308","weekly",6083,1215,0,32.7799625085681
"7309","weekly",6083,1216,0,31.2681349276609
"7310","weekly",6083,1217,0,30.0156410109121
"7311","weekly",6083,1218,0,29.0250776567991
"7312","weekly",6083,1219,0,28.293429287085
"7313","weekly",6083,1220,0,27.8115024153667
"7314","weekly",6083,1221,0,27.5633258818561
"7315","weekly",6083,1222,0,27.5255183554618
"7316","weekly",6083,1223,0,27.6667720369733
"7317","weekly",6083,1224,0,27.9477793546394
"7318","weekly",6083,1225,0,28.3220644190369
"7319","weekly",6083,1226,0,28.7381829036385
"7320","weekly",6083,1227,0,29.1435459479399
"7321","weekly",6083,1228,0,29.4896929164825
"7322","weekly",6083,1229,0,29.7382840177452
"7323","weekly",6083,1230,0,29.8666194181424
"7324","weekly",6083,1231,0,29.8713610611157
"7325","weekly",6083,1232,0,29.7694732839809
"7326","weekly",6083,1233,0,29.5961256859082
"7327","weekly",6083,1234,0,29.4001401307323
"7328","weekly",6083,1235,0,29.2380778320075
"7329","weekly",6083,1236,0,29.1682947121153
"7330","weekly",6083,1237,0,29.2459032424449
"7331","weekly",6083,1238,0,29.5189525113528
"7332","weekly",6083,1239,0,30.0257075516129
"7333","weekly",6083,1240,0,30.7925079296911
"7334","weekly",6083,1241,0,31.8316417313836
"7335","weekly",6083,1242,0,33.1388806515897
"7336","weekly",6083,1243,0,34.6907302553518
"7337","weekly",6083,1244,0,36.4419556243374
"7338","weekly",6083,1245,0,38.3244031850409
"7339","weekly",6083,1246,0,40.24836459574
"7340","weekly",6083,1247,0,42.1075226986577
"7341","weekly",6083,1248,0,43.7877838558852
"7342","weekly",6083,1249,0,45.179153857629
"7343","weekly",6083,1250,0,46.188634131795
"7344","weekly",6083,1251,0,46.7514182458763
"7345","weekly",6083,1252,0,46.8378484341447
"7346","weekly",6083,1253,0,46.4546660773631
"7347","weekly",6083,1254,0,45.6406519274824
"7348","weekly",6083,1255,0,44.4581781066663
"7349","weekly",6083,1256,0,42.9829748166885
"7350","weekly",6083,1257,0,41.2943859016523
"7351","weekly",6083,1258,0,39.4677371185098
"7352","weekly",6083,1259,0,37.569538089534
"7353","weekly",6083,1260,0,35.6554266554303
"7354","weekly",6083,1261,0,33.7702410382917
"7355","weekly",6083,1262,0,31.9493897540742
"7356","weekly",6083,1263,0,30.2207274879474
"7357","weekly",6083,1264,0,28.6063912953687
"7358","weekly",6083,1265,0,27.124233160408
"7359","weekly",6083,1266,0,25.7887210757181
"7360","weekly",6083,1267,0,24.611367893187
"7361","weekly",6083,1268,0,23.6008192715235
"7362","weekly",6083,1269,0,22.7627475149275
"7363","weekly",6083,1270,0,22.0996636079581
"7364","weekly",6083,1271,0,21.6107058924754
"7365","weekly",6083,1272,0,21.2914200656596
"7366","weekly",6083,1273,0,21.1335321660808
"7367","weekly",6083,1274,0,21.1247414000827
"7368","weekly",6083,1275,0,21.2486160432745
"7369","weekly",6083,1276,0,21.4847426326596
"7370","weekly",6083,1277,0,21.8092280996061
"7371","weekly",6083,1278,0,22.1961259979944
"7372","weekly",6083,1279,0,22.6194048988691
"7373","weekly",6083,1280,0,23.0553638542042
"7374","weekly",6083,1281,0,23.4856846715047
"7375","weekly",6083,1282,0,23.9002476951282
"7376","weekly",6083,1283,0,24.2992612540183
"7377","weekly",6083,1284,0,24.6942660145651
"7378","weekly",6083,1285,0,25.1078300115551
"7379","weekly",6083,1286,0,25.5720564451403
"7380","weekly",6083,1287,0,26.1262626321186
"7381","weekly",6083,1288,0,26.814266593261
"7382","weekly",6083,1289,0,27.6816226489755
"7383","weekly",6083,1290,0,28.7729352800452
"7384","weekly",6083,1291,0,30.1291449245909
"7385","weekly",6083,1292,0,31.7845125343301
"7386","weekly",6083,1293,0,33.7629995912066
"7387","weekly",6083,1294,0,36.0738846418899
"7388","weekly",6083,1295,0,38.7067809752625
"7389","weekly",6083,1296,0,41.6266817494252
"7390","weekly",6083,1297,0,44.7701502139244
"7391","weekly",6083,1298,0,48.0441089450687
"7392","weekly",6083,1299,0,51.3286381723519
"7393","weekly",6083,1300,0,54.4846020999321
"7394","weekly",6083,1301,0,57.3658052965111
"7395","weekly",6083,1302,0,59.8340301281714
"7396","weekly",6083,1303,0,61.7742209122007
"7397","weekly",6083,1304,0,63.1067507882835
"7398","weekly",6083,1305,0,63.7943442765463
"7399","weekly",6083,1306,0,63.8426230797195
"7400","weekly",6083,1307,0,63.29486018834
"7401","weekly",6083,1308,0,62.2227818044703
"7402","weekly",6083,1309,0,60.7157867269416
"7403","weekly",6083,1310,0,58.8707396885511
"7404","weekly",6083,1311,0,56.7837894882396
"7405","weekly",6083,1312,0,54.5448104461175
"7406","weekly",6083,1313,0,52.2343488735423
"7407","weekly",6083,1314,0,49.9225179374698
"7408","weekly",6083,1315,0,47.669135015778
"7409","weekly",6083,1316,0,45.5244629982626
"7410","weekly",6083,1317,0,43.530099756812
"7411","weekly",6083,1318,0,41.7197665135172
"7412","weekly",6083,1319,0,40.119913533912
"7413","weekly",6083,1320,0,38.7501621668926
"7414","weekly",6083,1321,0,37.6236373974461
"7415","weekly",6083,1322,0,36.7472364717178
"7416","weekly",6083,1323,0,36.1218563752336
"7417","weekly",6083,1324,0,35.7425922843177
"7418","weekly",6083,1325,0,35.5989358307561
"7419","weekly",6083,1326,0,35.6750468134996
"7420","weekly",6083,1327,0,35.9502310246608
"7421","weekly",6083,1328,0,36.3998047132191
"7422","weekly",6083,1329,0,36.99653209604
"7423","weekly",6083,1330,0,37.7128107429453
"7424","weekly",6083,1331,0,38.523404150641
"7425","weekly",6083,1332,0,39.4087313957716
"7426","weekly",6083,1333,0,40.3583568038448
"7427","weekly",6083,1334,0,41.3739502933895
"7428","weekly",6083,1335,0,42.4714062863859
"7429","weekly",6083,1336,0,43.6817582043368
"7430","weekly",6083,1337,0,45.0508048929842
"7431","weekly",6083,1338,0,46.6375960195655
"7432","weekly",6083,1339,0,48.5120515820963
"7433","weekly",6083,1340,0,50.7519656959194
"7434","weekly",6083,1341,0,53.4394784222022
"7435","weekly",6083,1342,0,56.6568571853641
"7436","weekly",6083,1343,0,60.4812069760228
"7437","weekly",6083,1344,0,64.9776283745377
"7438","weekly",6083,1345,0,70.1904570931001
"7439","weekly",6083,1346,0,76.1326150301247
"7440","weekly",6083,1347,0,82.773793105509
"7441","weekly",6083,1348,0,90.0290836360655
"7442","weekly",6083,1349,0,97.7505574062161
"7443","weekly",6083,1350,0,105.724775360643
"7444","weekly",6083,1351,0,113.678937582335
"7445","weekly",6083,1352,0,121.297062180049
"7446","weekly",6083,1353,0,128.245386207011
"7447","weekly",6083,1354,0,134.203680969316
"7448","weekly",6083,1355,0,138.897260125639
"7449","weekly",6083,1356,0,142.123919029371
"7450","weekly",6083,1357,0,143.771158714299
"7451","weekly",6083,1358,0,143.821423686313
"7452","weekly",6083,1359,0,142.345843811287
"7453","weekly",6083,1360,0,139.48919195155
"7454","weekly",6083,1361,0,135.449878132807
"7455","weekly",6083,1362,0,130.45873980107
"7456","weekly",6083,1363,0,124.75950496005
"7457","weekly",6083,1364,0,118.592605907885
"7458","weekly",6083,1365,0,112.182934367716
"7459","weekly",6083,1366,0,105.731384855484
"7460","weekly",6083,1367,0,99.4096639835334
"7461","weekly",6083,1368,0,93.3577530523544
"7462","weekly",6083,1369,0,87.6834634661354
"7463","weekly",6083,1370,0,82.4636083385194
"7464","weekly",6083,1371,0,77.7463728392904
"7465","weekly",6083,1372,0,73.5544953617282
"7466","weekly",6083,1373,0,69.8888956958472
"7467","weekly",6083,1374,0,66.732380661495
"7468","weekly",6083,1375,0,64.0534025436209
"7469","weekly",6083,1376,0,61.8094891793808
"7470","weekly",6083,1377,0,59.9503576365314
"7471","weekly",6083,1378,0,58.421052713682
"7472","weekly",6083,1379,0,57.1650598069828
"7473","weekly",6083,1380,0,56.1275493611392
"7474","weekly",6083,1381,0,55.2587550919488
"7475","weekly",6083,1382,0,54.5173320946051
"7476","weekly",6083,1383,0,53.8733873117526
"7477","weekly",6083,1384,0,53.3107857022696
"7478","weekly",6083,1385,0,52.8283597360933
"7479","weekly",6083,1386,0,52.4397978695197
"7480","weekly",6083,1387,0,52.1722193435562
"7481","weekly",6083,1388,0,52.063679574625
"7482","weekly",6083,1389,0,52.1600086080216
"7483","weekly",6083,1390,0,52.5114117540579
"7484","weekly",6083,1391,0,53.1691557795202
"7485","weekly",6083,1392,0,54.1824727407948
"7486","weekly",6083,1393,0,55.5956081345212
"7487","weekly",6083,1394,0,57.4447897407808
"7488","weekly",6083,1395,0,59.7548476964366
"7489","weekly",6083,1396,0,62.5352986104117
"7490","weekly",6083,1397,0,65.7759151365026
"7491","weekly",6083,1398,0,69.4421090369433
"7492","weekly",6083,1399,0,73.4708008332091
"7493","weekly",6083,1400,0,77.7677394036873
"7494","weekly",6083,1401,0,82.2073546096435
"7495","weekly",6083,1402,0,86.6360702229722
"7496","weekly",6083,1403,0,90.8795296069075
"7497","weekly",6083,1404,0,94.7534564750895
"7498","weekly",6083,1405,0,98.0770667039324
"7499","weekly",6083,1406,0,100.687308874578
"7500","weekly",6083,1407,0,102.451954135759
"7501","weekly",6083,1408,0,103.279766421751
"7502","weekly",6083,1409,0,103.126581044737
"7503","weekly",6083,1410,0,101.99689489352
"7504","weekly",6083,1411,0,99.9412865573177
"7505","weekly",6083,1412,0,97.050470608483
"7506","weekly",6083,1413,0,93.4469984396346
"7507","weekly",6083,1414,0,89.2756070739269
"7508","weekly",6083,1415,0,84.693095758128
"7509","weekly",6083,1416,0,79.8584726408662
"7510","weekly",6083,1417,0,74.92400291995
"7511","weekly",6083,1418,0,70.0276741988273
"7512","weekly",6083,1419,0,65.2875764879427
"7513","weekly",6083,1420,0,60.7983393777395
"7514","weekly",6083,1421,0,56.6296767265376
"7515","weekly",6083,1422,0,52.8268803047322
"7516","weekly",6083,1423,0,49.4128359510214
"7517","weekly",6083,1424,0,46.3910530665089
"7518","weekly",6083,1425,0,43.7491980328996
"7519","weekly",6083,1426,0,41.4627081037252
"7520","weekly",6083,1427,0,39.4980165515444
"7521","weekly",6083,1428,0,37.8160360434413
"7522","weekly",6083,1429,0,36.374889712868
"7523","weekly",6083,1430,0,35.1320565796996
"7524","weekly",6083,1431,0,34.04691776861
"7525","weekly",6083,1432,0,33.0829677421207
"7526","weekly",6083,1433,0,32.2098252978321
"7527","weekly",6083,1434,0,31.4048924939198
"7528","weekly",6083,1435,0,30.6544609484408
"7529","weekly",6083,1436,0,29.9540865225863
"7530","weekly",6083,1437,0,29.3081488377211
"7531","weekly",6083,1438,0,28.728654143757
"7532","weekly",6083,1439,0,28.2334798721859
"7533","weekly",6083,1440,0,27.8443470803977
"7534","weekly",6083,1441,0,27.5848141680908
"7535","weekly",6083,1442,0,27.4785147943039
"7536","weekly",6083,1443,0,27.547744949552
"7537","weekly",6083,1444,0,27.8123799916139
"7538","weekly",6083,1445,0,28.2890079319477
"7539","weekly",6083,1446,0,28.9901207900039
"7540","weekly",6083,1447,0,29.9232155409409
"7541","weekly",6083,1448,0,31.0897124350813
"7542","weekly",6083,1449,0,32.4836870305953
"7543","weekly",6083,1450,0,34.0905151886545
"7544","weekly",6083,1451,0,35.885626623276
"7545","weekly",6083,1452,0,37.8336295878398
"7546","weekly",6083,1453,0,39.8880859772689
"7547","weekly",6083,1454,0,41.9921701747226
"7548","weekly",6083,1455,0,44.0803396933698
"7549","weekly",6083,1456,0,46.0810028357228
"7550","weekly",6083,1457,0,47.9200232234507
"7551","weekly",6083,1458,0,49.5247885753124
"7552","weekly",6083,1459,0,50.8285126709015
"7553","weekly",6083,1460,0,51.7744333696537
"7554","weekly",6083,1461,0,52.3195946984415
"7555","weekly",6083,1462,0,52.4379308261123
"7556","weekly",6083,1463,0,52.1223896118245
"7557","weekly",6083,1464,0,51.3858512476363
"7558","weekly",6083,1465,0,50.260640667635
"7559","weekly",6083,1466,0,48.7965313844907
"7560","weekly",6083,1467,0,47.0573053056723
"7561","weekly",6083,1468,0,45.1161464392862
"7562","weekly",6083,1469,0,43.0503526317116
"7563","weekly",6083,1470,0,40.9366987212779
"7564","weekly",6083,1471,0,38.8455648353338
"7565","weekly",6083,1472,0,36.8366051236153
"7566","weekly",6083,1473,0,34.9574784680517
"7567","weekly",6083,1474,0,33.2430233713603
"7568","weekly",6083,1475,0,31.7152246933329
"7569","weekly",6083,1476,0,30.3841798800058
"7570","weekly",6083,1477,0,29.2496318264166
"7571","weekly",6083,1478,0,28.302742228283
"7572","weekly",6083,1479,0,27.5279009807491
"7573","weekly",6083,1480,0,26.9044870653524
"7574","weekly",6083,1481,0,26.4085891960858
"7575","weekly",6083,1482,0,26.0147407914628
"7576","weekly",6083,1483,0,25.697715687922
"7577","weekly",6083,1484,0,25.4343747811654
"7578","weekly",6083,1485,0,25.2054706866693
"7579","weekly",6083,1486,0,24.997240136443
"7580","weekly",6083,1487,0,24.8025768670705
"7581","weekly",6083,1488,0,24.6216044539542
"7582","weekly",6083,1489,0,24.4615587956796
"7583","weekly",6083,1490,0,24.3360174255795
"7584","weekly",6083,1491,0,24.2636347539737
"7585","weekly",6083,1492,0,24.2666179107473
"7586","weekly",6083,1493,0,24.3691854499193
"7587","weekly",6083,1494,0,24.5961954029262
"7588","weekly",6083,1495,0,24.9720352006407
"7589","weekly",6083,1496,0,25.519766283498
"7590","weekly",6083,1497,0,26.2604376693271
"7591","weekly",6083,1498,0,27.2124399077584
"7592","weekly",6083,1499,0,28.3907661012709
"7593","weekly",6083,1500,0,29.8060744320101
"7594","weekly",6083,1501,0,31.4634980228875
"7595","weekly",6083,1502,0,33.3612137581586
"7596","weekly",6083,1503,0,35.4888532728874
"7597","weekly",6083,1504,0,37.8259085556929
"7598","weekly",6083,1505,0,40.3403436990775
"7599","weekly",6083,1506,0,42.9876660735463
"7600","weekly",6083,1507,0,45.7107282591824
"7601","weekly",6083,1508,0,48.4405206385927
"7602","weekly",6083,1509,0,51.0981673396018
"7603","weekly",6083,1510,0,53.598247791997
"7604","weekly",6083,1511,0,55.8534257330102
"7605","weekly",6083,1512,0,57.7801765483309
"7606","weekly",6083,1513,0,59.3051769143713
"7607","weekly",6083,1514,0,60.3716950358576
"7608","weekly",6083,1515,0,60.9451550777012
"7609","weekly",6083,1516,0,61.0170144620497
"7610","weekly",6083,1517,0,60.6062393034517
"7611","weekly",6083,1518,0,59.7579967725469
"7612","weekly",6083,1519,0,58.5396456390445
"7613","weekly",6083,1520,0,57.0345851927996
"7614","weekly",6083,1521,0,55.3348874653457
"7615","weekly",6083,1522,0,53.5337884507026
"7616","weekly",6083,1523,0,51.7189474971019
"7617","weekly",6083,1524,0,49.967464624875
"7618","weekly",6083,1525,0,48.3425835557427
"7619","weekly",6083,1526,0,46.8920453813043
"7620","weekly",6083,1527,0,45.6481303527107
"7621","weekly",6083,1528,0,44.6286611358446
"7622","weekly",6083,1529,0,43.8386130229701
"7623","weekly",6083,1530,0,43.2720029493867
"7624","weekly",6083,1531,0,42.9138672071349
"7625","weekly",6083,1532,0,42.7422684584817
"7626","weekly",6083,1533,0,42.7303623840271
"7627","weekly",6083,1534,0,42.8485849126955
"7628","weekly",6083,1535,0,43.0669907064439
"7629","weekly",6083,1536,0,43.3576969183414
"7630","weekly",6083,1537,0,43.6972917009116
"7631","weekly",6083,1538,0,44.0689904751707
"7632","weekly",6083,1539,0,44.4642970106652
"7633","weekly",6083,1540,0,44.8839675151758
"7634","weekly",6083,1541,0,45.3381771219792
"7635","weekly",6083,1542,0,45.8459201493315
"7636","weekly",6083,1543,0,46.4337980329801
"7637","weekly",6083,1544,0,47.1344263414721
"7638","weekly",6083,1545,0,47.9847065266149
"7639","weekly",6083,1546,0,49.0241620716988
"7640","weekly",6083,1547,0,50.2934517438407
"7641","weekly",6083,1548,0,51.8330703115353
"7642","weekly",6083,1549,0,53.6821519824225
"7643","weekly",6083,1550,0,55.8772187727009
"7644","weekly",6083,1551,0,58.450672291845
"7645","weekly",6083,1552,0,61.4288163530582
"7646","weekly",6083,1553,0,64.8292233546672
"7647","weekly",6083,1554,0,68.6573271904635
"7648","weekly",6083,1555,0,72.9022509054048
"7649","weekly",6083,1556,0,77.5320691784436
"7650","weekly",6083,1557,0,82.4889650397818
"7651","weekly",6083,1558,0,87.6850453566003
"7652","weekly",6083,1559,0,92.9998729777872
"7653","weekly",6083,1560,0,98.2809557785367
"7654","weekly",6083,1561,0,103.348375648173
"7655","weekly",6083,1562,0,108.004325058588
"7656","weekly",6083,1563,0,112.047500224624
"7657","weekly",6083,1564,0,115.291173134552
"7658","weekly",6083,1565,0,117.582593926796
"7659","weekly",6083,1566,0,118.820543959533
"7660","weekly",6083,1567,0,118.967416126863
"7661","weekly",6083,1568,0,118.054609951607
"7662","weekly",6083,1569,0,116.178469273946
"7663","weekly",6083,1570,0,113.487667309004
"7664","weekly",6083,1571,0,110.166133080711
"7665","weekly",6083,1572,0,106.413385780776
"7666","weekly",6083,1573,0,102.425914543011
"7667","weekly",6083,1574,0,98.3821123251982
"7668","weekly",6083,1575,0,94.4321072200983
"7669","weekly",6083,1576,0,90.692667875599
"7670","weekly",6083,1577,0,87.2464852114499
"7671","weekly",6083,1578,0,84.1446712732723
"7672","weekly",6083,1579,0,81.4112341177824
"7673","weekly",6083,1580,0,79.0484621545329
"7674","weekly",6083,1581,0,77.0424405391386
"7675","weekly",6083,1582,0,75.3682131190144
"7676","weekly",6083,1583,0,73.9943312021787
"7677","weekly",6083,1584,0,72.8866755827476
"7678","weekly",6083,1585,0,72.0115131053171
"7679","weekly",6083,1586,0,71.337781370923
"7680","weekly",6083,1587,0,70.8386141060473
"7681","weekly",6083,1588,0,70.4921458363533
"7682","weekly",6083,1589,0,70.2816752821236
"7683","weekly",6083,1590,0,70.1953172008798
"7684","weekly",6083,1591,0,70.225319174453
"7685","weekly",6083,1592,0,70.36724842478
"7686","weekly",6083,1593,0,70.6192534540896
"7687","weekly",6083,1594,0,70.9815723613865
"7688","weekly",6083,1595,0,71.4563973738113
"7689","weekly",6083,1596,0,72.0481222097878
"7690","weekly",6083,1597,0,72.7639075415209
"7691","weekly",6083,1598,0,73.6144137697993
"7692","weekly",6083,1599,0,74.6144828989054
"7693","weekly",6083,1600,0,75.7835130350722
"7694","weekly",6083,1601,0,77.1452649713028
"7695","weekly",6083,1602,0,78.726868377169
"7696","weekly",6083,1603,0,80.5568471997394
"7697","weekly",6083,1604,0,82.6620507717744
"7698","weekly",6083,1605,0,85.063455874566
"7699","weekly",6083,1606,0,87.7709056352614
"7700","weekly",6083,1607,0,90.7769979310251
"7701","weekly",6083,1608,0,94.0505591795518
"7702","weekly",6083,1609,0,97.530455410204
"7703","weekly",6083,1610,0,101.12087494279
"7704","weekly",6083,1611,0,104.689568364338
"7705","weekly",6083,1612,0,108.07067444711
"7706","weekly",6083,1613,0,111.073473393073
"7707","weekly",6083,1614,0,113.497520206787
"7708","weekly",6083,1615,0,115.153137478017
"7709","weekly",6083,1616,0,115.884502021043
"7710","weekly",6083,1617,0,115.591137251569
"7711","weekly",6083,1618,0,114.24319037277
"7712","weekly",6083,1619,0,111.886834074612
"7713","weekly",6083,1620,0,108.638195507636
"7714","weekly",6083,1621,0,104.667705306216
"7715","weekly",6083,1622,0,100.177761423678
"7716","weekly",6083,1623,0,95.3784463129268
"7717","weekly",6083,1624,0,90.4664059401257
"7718","weekly",6083,1625,0,85.6093425204308
"7719","weekly",6083,1626,0,80.9374071021593
"7720","weekly",6083,1627,0,76.5410331381863
"7721","weekly",6083,1628,0,72.4738255477423
"7722","weekly",6083,1629,0,68.7585574063123
"7723","weekly",6083,1630,0,65.3946527879889
"7724","weekly",6083,1631,0,62.365904229955
"7725","weekly",6083,1632,0,59.6475170815393
"7726","weekly",6083,1633,0,57.2119725262019
"7727","weekly",6083,1634,0,55.0334525328653
"7728","weekly",6083,1635,0,53.0907424731558
"7729","weekly",6083,1636,0,51.3686566957185
"7730","weekly",6083,1637,0,49.8581438418187
"7731","weekly",6083,1638,0,48.5553252395475
"7732","weekly",6083,1639,0,47.4597882567323
"7733","weekly",6083,1640,0,46.5724821980402
"7734","weekly",6083,1641,0,45.8935440160712
"7735","weekly",6083,1642,0,45.4203278683999
"7736","weekly",6083,1643,0,45.145849776105
"7737","weekly",6083,1644,0,45.0578076438978
"7738","weekly",6083,1645,0,45.1383052547753
"7739","weekly",6083,1646,0,45.3643853920221
"7740","weekly",6083,1647,0,45.7094364630902
"7741","weekly",6083,1648,0,46.1454520552215
"7742","weekly",6083,1649,0,46.6459828586812
"7743","weekly",6083,1650,0,47.189444547068
"7744","weekly",6083,1651,0,47.7622844811995
"7745","weekly",6083,1652,0,48.3614305147785
"7746","weekly",6083,1653,0,48.9954963094351
"7747","weekly",6083,1654,0,49.6844019544515
"7748","weekly",6083,1655,0,50.4573323104269
"7749","weekly",6083,1656,0,51.349209747932
"7750","weekly",6083,1657,0,52.3960236943531
"7751","weekly",6083,1658,0,53.6294082915265
"7752","weekly",6083,1659,0,55.0708290331677
"7753","weekly",6083,1660,0,56.7257143772003
"7754","weekly",6083,1661,0,58.5779390174139
"7755","weekly",6083,1662,0,60.5852777442487
"7756","weekly",6083,1663,0,62.6768483630876
"7757","weekly",6083,1664,0,64.753416800173
"7758","weekly",6083,1665,0,66.6921759110846
"7759","weekly",6083,1666,0,68.3567364187911
"7760","weekly",6083,1667,0,69.6115252511081
"7761","weekly",6083,1668,0,70.339074513744
"7762","weekly",6083,1669,0,70.456892753893
"7763","weekly",6083,1670,0,69.9300969166507
"7764","weekly",6083,1671,0,68.776621966128
"7765","weekly",6083,1672,0,67.0636399590294
"7766","weekly",6083,1673,0,64.8961711170414
"7767","weekly",6083,1674,0,62.4008374423574
"7768","weekly",6083,1675,0,59.7085817151237
"7769","weekly",6083,1676,0,56.9397874208371
"7770","weekly",6083,1677,0,54.1939698728092
"7771","weekly",6083,1678,0,51.5446998724219
"7772","weekly",6083,1679,0,49.0392237844208
"7773","weekly",6083,1680,0,46.7014988937153
"7774","weekly",6083,1681,0,44.5373425914731
"7775","weekly",6083,1682,0,42.5404613530554
"7776","weekly",6083,1683,0,40.6983834640851
"7777","weekly",6083,1684,0,38.9976457119628
"7778","weekly",6083,1685,0,37.4277858141722
"7779","weekly",6083,1686,0,35.9838793072122
"7780","weekly",6083,1687,0,34.6675518081902
"7781","weekly",6083,1688,0,33.4865972098341
"7782","weekly",6083,1689,0,32.4535109392018
"7783","weekly",6083,1690,0,31.583358487158
"7784","weekly",6083,1691,0,30.8914098868845
"7785","weekly",6083,1692,0,30.3908844125544
"7786","weekly",6083,1693,0,30.0910086154036
"7787","weekly",6083,1694,0,29.995456116696
"7788","weekly",6083,1695,0,30.1011626319378
"7789","weekly",6083,1696,0,30.3975193084916
"7790","weekly",6083,1697,0,30.8660298085888
"7791","weekly",6083,1698,0,31.4806261555204
"7792","weekly",6083,1699,0,32.2089073188399
"7793","weekly",6083,1700,0,33.0145230697963
"7794","weekly",6083,1701,0,33.8607325421035
"7795","weekly",6083,1702,0,34.7148425029736
"7796","weekly",6083,1703,0,35.5528719819413
"7797","weekly",6083,1704,0,36.3635470004665
"7798","weekly",6083,1705,0,37.1507339575619
"7799","weekly",6083,1706,0,37.9337077089731
"7800","weekly",6083,1707,0,38.7451221507217
"7801","weekly",6083,1708,0,39.6270184024906
"7802","weekly",6083,1709,0,40.6254905739916
"7803","weekly",6083,1710,0,41.7846592531278
"7804","weekly",6083,1711,0,43.1404415598518
"7805","weekly",6083,1712,0,44.714409056076
"7806","weekly",6083,1713,0,46.5079564968619
"7807","weekly",6083,1714,0,48.4971647206257
"7808","weekly",6083,1715,0,50.6291129154415
"7809","weekly",6083,1716,0,52.8206783229398
"7810","weekly",6083,1717,0,54.9617844185414
"7811","weekly",6083,1718,0,56.9235360908788
"7812","weekly",6083,1719,0,58.5712395129958
"7813","weekly",6083,1720,0,59.7815228825639
"7814","weekly",6083,1721,0,60.4598715210013
"7815","weekly",6083,1722,0,60.5546767510968
"7816","weekly",6083,1723,0,60.064215143022
"7817","weekly",6083,1724,0,59.0347860031907
"7818","weekly",6083,1725,0,57.5507343079953
"7819","weekly",6083,1726,0,55.7192426485708
"7820","weekly",6083,1727,0,53.6537745505193
"7821","weekly",6083,1728,0,51.4596999559581
"7822","weekly",6083,1729,0,49.2243490635155
"7823","weekly",6083,1730,0,47.0122057914123
"7824","weekly",6083,1731,0,44.8647259653953
"7825","weekly",6083,1732,0,42.8035847263527
"7826","weekly",6083,1733,0,40.8359680596477
"7827","weekly",6083,1734,0,38.9606330928946
"7828","weekly",6083,1735,0,37.1736912424531
"7829","weekly",6083,1736,0,35.473323881597
"7830","weekly",6083,1737,0,33.8629091661569
"7831","weekly",6083,1738,0,32.3523375998484
"7832","weekly",6083,1739,0,30.9576153129601
"7833","weekly",6083,1740,0,29.6991448141489
"7834","weekly",6083,1741,0,28.5992560682498
"7835","weekly",6083,1742,0,27.6795813422941
"7836","weekly",6083,1743,0,26.9587296732643
"7837","weekly",6083,1744,0,26.4504864935298
"7838","weekly",6083,1745,0,26.1625358072779
"7839","weekly",6083,1746,0,26.0955587477511
"7840","weekly",6083,1747,0,26.2425452440075
"7841","weekly",6083,1748,0,26.5882601400663
"7842","weekly",6083,1749,0,27.108987655316
"7843","weekly",6083,1750,0,27.7728660069697
"7844","weekly",6083,1751,0,28.5412273722759
"7845","weekly",6083,1752,0,29.3712910466566
"7846","weekly",6083,1753,0,30.2202759881766
"7847","weekly",6083,1754,0,31.0505470421631
"7848","weekly",6083,1755,0,31.8349373996316
"7849","weekly",6083,1756,0,32.5611103588744
"7850","weekly",6083,1757,0,33.2339030359581
"7851","weekly",6083,1758,0,33.8750442891323
"7852","weekly",6083,1759,0,34.5202841627033
"7853","weekly",6083,1760,0,35.2144574481354
"7854","weekly",6083,1761,0,36.0056877543393
"7855","weekly",6083,1762,0,36.9391408627271
"7856","weekly",6083,1763,0,38.0508294194296
"7857","weekly",6083,1764,0,39.3621082940372
"7858","weekly",6083,1765,0,40.8746344906976
"7859","weekly",6083,1766,0,42.5661224409414
"7860","weekly",6083,1767,0,44.3875146349601
"7861","weekly",6083,1768,0,46.2626014162815
"7862","weekly",6083,1769,0,48.09130743891
"7863","weekly",6083,1770,0,49.7575340774347
"7864","weekly",6083,1771,0,51.141471391049
"7865","weekly",6083,1772,0,52.1348441039008
"7866","weekly",6083,1773,0,52.65616309896
"7867","weekly",6083,1774,0,52.6624147306138
"7868","weekly",6083,1775,0,52.1542146772554
"7869","weekly",6083,1776,0,51.1731951491965
"7870","weekly",6083,1777,0,49.7926039475569
"7871","weekly",6083,1778,0,48.1038570537057
"7872","weekly",6083,1779,0,46.202462786212
"7873","weekly",6083,1780,0,44.176258168809
"7874","weekly",6083,1781,0,42.0976960391708
"7875","weekly",6083,1782,0,40.0205902101152
"7876","weekly",6083,1783,0,37.9807095595315
"7877","weekly",6083,1784,0,35.9990710737911
"7878","weekly",6083,1785,0,34.0866507667815
"7879","weekly",6083,1786,0,32.2493548026687
"7880","weekly",6083,1787,0,30.4923386666924
"7881","weekly",6083,1788,0,28.8230610725732
"7882","weekly",6083,1789,0,27.2527862099378
"7883","weekly",6083,1790,0,25.7965790118469
"7884","weekly",6083,1791,0,24.4721251306328
"7885","weekly",6083,1792,0,23.2978867013298
"7886","weekly",6083,1793,0,22.2911318555562
"7887","weekly",6083,1794,0,21.4662549439381
"7888","weekly",6083,1795,0,20.8335930294561
"7889","weekly",6083,1796,0,20.3987265932956
"7890","weekly",6083,1797,0,20.1621026297216
"7891","weekly",6083,1798,0,20.1187756760482
"7892","weekly",6083,1799,0,20.258127395151
"7893","weekly",6083,1800,0,20.5635695411474
"7894","weekly",6083,1801,0,21.0124110564211
"7895","weekly",6083,1802,0,21.5762164989719
"7896","weekly",6083,1803,0,22.2220308541
"7897","weekly",6083,1804,0,22.9147357871552
"7898","weekly",6083,1805,0,23.6205190404726
"7899","weekly",6083,1806,0,24.3110447709332
"7900","weekly",6083,1807,0,24.9675522746402
"7901","weekly",6083,1808,0,25.583955678565
"7902","weekly",6083,1809,0,26.1681724450027
"7903","weekly",6083,1810,0,26.7413347821712
"7904","weekly",6083,1811,0,27.3350579831022
"7905","weekly",6083,1812,0,27.9873335379671
"7906","weekly",6083,1813,0,28.7377575592545
"7907","weekly",6083,1814,0,29.6226018264424
"7908","weekly",6083,1815,0,30.6701030287659
"7909","weekly",6083,1816,0,31.8960651667876
"7910","weekly",6083,1817,0,33.2997551341105
"7911","weekly",6083,1818,0,34.8603877821588
"7912","weekly",6083,1819,0,36.5347690496274
"7913","weekly",6083,1820,0,38.2570248642442
"7914","weekly",6083,1821,0,39.9414584900223
"7915","weekly",6083,1822,0,41.4892441085394
"7916","weekly",6083,1823,0,42.79879817662
"7917","weekly",6083,1824,0,43.778454946063
"7918","weekly",6083,1825,0,44.3589687980129
"7919","weekly",6083,1826,0,44.5029334883147
"7920","weekly",6083,1827,0,44.208788815653
"7921","weekly",6083,1828,0,43.5085493779188
"7922","weekly",6083,1829,0,42.4601577711874
"7923","weekly",6083,1830,0,41.1367166495183
"7924","weekly",6083,1831,0,39.6153235142992
"7925","weekly",6083,1832,0,37.967806363522
"7926","weekly",6083,1833,0,36.2546912928956
"7927","weekly",6083,1834,0,34.5226846147707
"7928","weekly",6083,1835,0,32.8051497411943
"7929","weekly",6083,1836,0,31.1246506853786
"7930","weekly",6083,1837,0,29.4965148033807
"7931","weekly",6083,1838,0,27.9324551000318
"7932","weekly",6083,1839,0,26.4435678938607
"7933","weekly",6083,1840,0,25.042285559859
"7934","weekly",6083,1841,0,23.7431449062424
"7935","weekly",6083,1842,0,22.562510857475
"7936","weekly",6083,1843,0,21.5175883067714
"7937","weekly",6083,1844,0,20.6251339545852
"7938","weekly",6083,1845,0,19.9002345004701
"7939","weekly",6083,1846,0,19.3553777848429
"7940","weekly",6083,1847,0,18.9998682851583
"7941","weekly",6083,1848,0,18.8394904502493
"7942","weekly",6083,1849,0,18.8762467342312
"7943","weekly",6083,1850,0,19.1080083531997
"7944","weekly",6083,1851,0,19.5280084082478
"7945","weekly",6083,1852,0,20.1242550854513
"7946","weekly",6083,1853,0,20.8791090862214
"7947","weekly",6083,1854,0,21.7694007241371
"7948","weekly",6083,1855,0,22.7674930485227
"7949","weekly",6083,1856,0,23.8435906243976
"7950","weekly",6083,1857,0,24.9691990848951
"7951","weekly",6083,1858,0,26.1214195474749
"7952","weekly",6083,1859,0,27.2873128849023
"7953","weekly",6083,1860,0,28.4673048404948
"7954","weekly",6083,1861,0,29.6769383110804
"7955","weekly",6083,1862,0,30.9465658517729
"7956","weekly",6083,1863,0,32.319060416572
"7957","weekly",6083,1864,0,33.8459561798663
"7958","weekly",6083,1865,0,35.5825148146832
"7959","weekly",6083,1866,0,37.5820663347404
"7960","weekly",6083,1867,0,39.8897359633847
"7961","weekly",6083,1868,0,42.5355241361685
"7962","weekly",6083,1869,0,45.5268112647173
"7963","weekly",6083,1870,0,48.8407809583005
"7964","weekly",6083,1871,0,52.4179315410438
"7965","weekly",6083,1872,0,56.1585474250896
"7966","weekly",6083,1873,0,59.9243480117875
"7967","weekly",6083,1874,0,63.5471022160636
"7968","weekly",6083,1875,0,66.8445666300831
"7969","weekly",6083,1876,0,69.6419061023043
"7970","weekly",6083,1877,0,71.794556136796
"7971","weekly",6083,1878,0,73.2073201445892
"7972","weekly",6083,1879,0,73.8450932603882
"7973","weekly",6083,1880,0,73.7328967360809
"7974","weekly",6083,1881,0,72.9459765167703
"7975","weekly",6083,1882,0,71.5933034276386
"7976","weekly",6083,1883,0,69.7989928275638
"7977","weekly",6083,1884,0,67.6857756498357
"7978","weekly",6083,1885,0,65.3632057322829
"7979","weekly",6083,1886,0,62.921539981704
"7980","weekly",6083,1887,0,60.430787818259
"7981","weekly",6083,1888,0,57.9435619903961
"7982","weekly",6083,1889,0,55.4999986117327
"7983","weekly",6083,1890,0,53.133256879446
"7984","weekly",6083,1891,0,50.8743223354832
"7985","weekly",6083,1892,0,48.7553038436745
"7986","weekly",6083,1893,0,46.8109641455521
"7987","weekly",6083,1894,0,45.0786361967766
"7988","weekly",6083,1895,0,43.5969924200908
"7989","weekly",6083,1896,0,42.4042624121503
"7990","weekly",6083,1897,0,41.5364287050761
"7991","weekly",6083,1898,0,41.0257204633817
"7992","weekly",6083,1899,0,40.8994624406332
"7993","weekly",6083,1900,0,41.1791177207051
"7994","weekly",6083,1901,0,41.8792595185078
"7995","weekly",6083,1902,0,43.0062533854652
"7996","weekly",6083,1903,0,44.5566233352583
"7997","weekly",6083,1904,0,46.5153762714617
"7998","weekly",6083,1905,0,48.8548934183782
"7999","weekly",6083,1906,0,51.5352481385344
"8000","weekly",6083,1907,0,54.5068328970083
"8001","weekly",6083,1908,0,57.7158564830024
"8002","weekly",6083,1909,0,61.1121061667654
"8003","weekly",6083,1910,0,64.6598605897889
"8004","weekly",6083,1911,0,68.3480791629408
"8005","weekly",6083,1912,0,72.1975328905974
"8006","weekly",6083,1913,0,76.2656451744842
"8007","weekly",6083,1914,0,80.6462809093791
"8008","weekly",6083,1915,0,85.4648704769352
"8009","weekly",6083,1916,0,90.8693798976601
"8010","weekly",6083,1917,0,97.0176825201052
"8011","weekly",6083,1918,0,104.061508778832
"8012","weekly",6083,1919,0,112.126707120406
"8013","weekly",6083,1920,0,121.289522647086
"8014","weekly",6083,1921,0,131.549425262623
"8015","weekly",6083,1922,0,142.800897358306
"8016","weekly",6083,1923,0,154.809272533763
"8017","weekly",6083,1924,0,167.198308941792
"8018","weekly",6083,1925,0,179.458177475739
"8019","weekly",6083,1926,0,190.980332280975
"8020","weekly",6083,1927,0,201.119605576372
"8021","weekly",6083,1928,0,209.275080850304
"8022","weekly",6083,1929,0,214.973196444975
"8023","weekly",6083,1930,0,217.933171859069
"8024","weekly",6083,1931,0,218.098598686149
"8025","weekly",6083,1932,0,215.628824089159
"8026","weekly",6083,1933,0,210.855438990562
"8027","weekly",6083,1934,0,204.217928102385
"8028","weekly",6083,1935,0,196.195442420954
"8029","weekly",6083,1936,0,187.248872412063
"8030","weekly",6083,1937,0,177.781344395509
"8031","weekly",6083,1938,0,168.11885811323
"8032","weekly",6083,1939,0,158.508057058949
"8033","weekly",6083,1940,0,149.12575198742
"8034","weekly",6083,1941,0,140.094462925379
"8035","weekly",6083,1942,0,131.499151590993
"8036","weekly",6083,1943,0,123.401774890168
"8037","weekly",6083,1944,0,115.85182272004
"8038","weekly",6083,1945,0,108.89234545725
"8039","weekly",6083,1946,0,102.561991050738
"8040","weekly",6083,1947,0,96.8941870183044
"8041","weekly",6083,1948,0,91.9148033705715
"8042","weekly",6083,1949,0,87.6394746695878
"8043","weekly",6083,1950,0,84.071371571903
"8044","weekly",6083,1951,0,81.1997627394885
"8045","weekly",6083,1952,0,78.9993521675206
"8046","weekly",6083,1953,0,77.4302445679205
"8047","weekly",6083,1954,0,76.4382666738093
"8048","weekly",6083,1955,0,75.9558594257396
"8049","weekly",6083,1956,0,75.9038385567983
"8050","weekly",6083,1957,0,76.1943315887474
"8051","weekly",6083,1958,0,76.735451776578
"8052","weekly",6083,1959,0,77.4378210317373
"8053","weekly",6083,1960,0,78.2225547743583
"8054","weekly",6083,1961,0,79.0297012550145
"8055","weekly",6083,1962,0,79.8256582431495
"8056","weekly",6083,1963,0,80.6080069062591
"8057","weekly",6083,1964,0,81.4066073026188
"8058","weekly",6083,1965,0,82.2805767747632
"8059","weekly",6083,1966,0,83.3116244449338
"8060","weekly",6083,1967,0,84.5948086573335
"8061","weekly",6083,1968,0,86.2279207188112
"8062","weekly",6083,1969,0,88.3004051491298
"8063","weekly",6083,1970,0,90.8822280431341
"8064","weekly",6083,1971,0,94.0127088738082
"8065","weekly",6083,1972,0,97.6893044378085
"8066","weekly",6083,1973,0,101.85681327479
"8067","weekly",6083,1974,0,106.398403011743
"8068","weekly",6083,1975,0,111.130971060149
"8069","weekly",6083,1976,0,115.808117277105
"8070","weekly",6083,1977,0,120.133789592481
"8071","weekly",6083,1978,0,123.787952655111
"8072","weekly",6083,1979,0,126.462452319378
"8073","weekly",6083,1980,0,127.901460396111
"8074","weekly",6083,1981,0,127.938037308457
"8075","weekly",6083,1982,0,126.518006332684
"8076","weekly",6083,1983,0,123.70511928678
"8077","weekly",6083,1984,0,119.666555339441
"8078","weekly",6083,1985,0,114.643129035612
"8079","weekly",6083,1986,0,108.912105008698
"8080","weekly",6083,1987,0,102.751136589723
"8081","weekly",6083,1988,0,96.4098672441905
"8082","weekly",6083,1989,0,90.0924273662677
"8083","weekly",6083,1990,0,83.9508448652487
"8084","weekly",6083,1991,0,78.0871933733288
"8085","weekly",6083,1992,0,72.5639186442713
"8086","weekly",6083,1993,0,67.4090905430494
"8087","weekly",6083,1994,0,62.6275473633432
"8088","weekly",6083,1995,0,58.2131504925201
"8089","weekly",6083,1996,0,54.1552874163608
"8090","weekly",6083,1997,0,50.4428898732003
"8091","weekly",6083,1998,0,47.0664592551475
"8092","weekly",6083,1999,0,44.0183862119302
"8093","weekly",6083,2000,0,41.2921073195612
"8094","weekly",6083,2001,0,38.8806868717511
"8095","weekly",6083,2002,0,36.7753231688257
"8096","weekly",6083,2003,0,34.9641179865139
"8097","weekly",6083,2004,0,33.4312754128914
"8098","weekly",6083,2005,0,32.1567615313543
"8099","weekly",6083,2006,0,31.1163935802033
"8100","weekly",6083,2007,0,30.2822836198029
"8101","weekly",6083,2008,0,29.6236641293654
"8102","weekly",6083,2009,0,29.1081140578026
"8103","weekly",6083,2010,0,28.7031743763655
"8104","weekly",6083,2011,0,28.3783554886468
"8105","weekly",6083,2012,0,28.1073909479019
"8106","weekly",6083,2013,0,27.8704717199435
"8107","weekly",6083,2014,0,27.6560996879998
"8108","weekly",6083,2015,0,27.4621910311398
"8109","weekly",6083,2016,0,27.2961648087658
"8110","weekly",6083,2017,0,27.1739458783559
"8111","weekly",6083,2018,0,27.1180261788541
"8112","weekly",6083,2019,0,27.1548829200619
"8113","weekly",6083,2020,0,27.3120916458574
"8114","weekly",6083,2021,0,27.6153947289713
"8115","weekly",6083,2022,0,28.0858410742221
"8116","weekly",6083,2023,0,28.7369770692458
"8117","weekly",6083,2024,0,29.5720152342255
"8118","weekly",6083,2025,0,30.5809824637254
"8119","weekly",6083,2026,0,31.7380610051332
"8120","weekly",6083,2027,0,32.9996385548584
"8121","weekly",6083,2028,0,34.3038761526986
"8122","weekly",6083,2029,0,35.5727274363162
"8123","weekly",6083,2030,0,36.7171313888975
"8124","weekly",6083,2031,0,37.64545907102
"8125","weekly",6083,2032,0,38.2743094143952
"8126","weekly",6083,2033,0,38.5397353501176
"8127","weekly",6083,2034,0,38.4063962827931
"8128","weekly",6083,2035,0,37.8723483013891
"8129","weekly",6083,2036,0,36.9682417755394
"8130","weekly",6083,2037,0,35.7512269139697
"8131","weekly",6083,2038,0,34.2952600720455
"8132","weekly",6083,2039,0,32.6802315714012
"8133","weekly",6083,2040,0,30.982221802813
"8134","weekly",6083,2041,0,29.2664404801326
"8135","weekly",6083,2042,0,27.5834224625141
"8136","weekly",6083,2043,0,25.9682185128477
"8137","weekly",6083,2044,0,24.4418190729921
"8138","weekly",6083,2045,0,23.0139392375277
"8139","weekly",6083,2046,0,21.6863247034344
"8140","weekly",6083,2047,0,20.455967916263
"8141","weekly",6083,2048,0,19.3178569143784
"8142","weekly",6083,2049,0,18.2670480662346
"8143","weekly",6083,2050,0,17.2999078067078
"8144","weekly",6083,2051,0,16.4146604229027
"8145","weekly",6083,2052,0,15.6113458456239
"8146","weekly",6083,2053,0,14.8912795556826
"8147","weekly",6083,2054,0,14.2562950380525
"8148","weekly",6083,2055,0,13.7079330804554
"8149","weekly",6083,2056,0,13.2467181796237
"8150","weekly",6083,2057,0,12.8716039161081
"8151","weekly",6083,2058,0,12.5796174363932
"8152","weekly",6083,2059,0,12.3657022452971
"8153","weekly",6083,2060,0,12.2227521205641
"8154","weekly",6083,2061,0,12.1418401203555
"8155","weekly",6083,2062,0,12.1126609014609
"8156","weekly",6083,2063,0,12.1242054768227
"8157","weekly",6083,2064,0,12.1656632278027
"8158","weekly",6083,2065,0,12.2274953015149
"8159","weekly",6083,2066,0,12.3025595486397
"8160","weekly",6083,2067,0,12.387114811354
"8161","weekly",6083,2068,0,12.4815185370826
"8162","weekly",6083,2069,0,12.5904709855531
"8163","weekly",6083,2070,0,12.7227433345106
"8164","weekly",6083,2071,0,12.8904252880748
"8165","weekly",6083,2072,0,13.1078017149848
"8166","weekly",6083,2073,0,13.3899901635305
"8167","weekly",6083,2074,0,13.7514395739418
"8168","weekly",6083,2075,0,14.2043285485124
"8169","weekly",6083,2076,0,14.7568477477907
"8170","weekly",6083,2077,0,15.4113447223353
"8171","weekly",6083,2078,0,16.1623780840164
"8172","weekly",6083,2079,0,16.9948757975508
"8173","weekly",6083,2080,0,17.8827902486082
"8174","weekly",6083,2081,0,18.7888192873506
"8175","weekly",6083,2082,0,19.6658096626779
"8176","weekly",6083,2083,0,20.4602669708693
"8177","weekly",6083,2084,0,21.1179186669178
"8178","weekly",6083,2085,0,21.5906032147759
"8179","weekly",6083,2086,0,21.8431306411512
"8180","weekly",6083,2087,0,21.8584858316026
"8181","weekly",6083,2088,0,21.640031397008
"8182","weekly",6083,2089,0,21.2101649078541
"8183","weekly",6083,2090,0,20.605887011101
"8184","weekly",6083,2091,0,19.8725317766075
"8185","weekly",6083,2092,0,19.0572109147324
"8186","weekly",6083,2093,0,18.203299338973
"8187","weekly",6083,2094,0,17.346736820371
"8188","weekly",6083,2095,0,16.5143141267326
"8189","weekly",6083,2096,0,15.7236627850652
"8190","weekly",6083,2097,0,14.9844350045169
"8191","weekly",6083,2098,0,14.3001441840461
"8192","weekly",6083,2099,0,13.6702373653679
"8193","weekly",6083,2100,0,13.092065163044
"8194","weekly",6083,2101,0,12.5625361330603
"8195","weekly",6083,2102,0,12.0792234593828
"8196","weekly",6083,2103,0,11.6413426917425
"8197","weekly",6083,2104,0,11.250004047557
"8198","weekly",6083,2105,0,10.9078473926493
"8199","weekly",6083,2106,0,10.6187265986518
"8200","weekly",6083,2107,0,10.3871079999808
"8201","weekly",6083,2108,0,10.2174194019899
"8202","weekly",6083,2109,0,10.1134367801424
"8203","weekly",6083,2110,0,10.0777561310388
"8204","weekly",6083,2111,0,10.1113659720286
"8205","weekly",6083,2112,0,10.2133235442598
"8206","weekly",6083,2113,0,10.380548075671
"8207","weekly",6083,2114,0,10.60777097143
"8208","weekly",6083,2115,0,10.8877107105509
"8209","weekly",6083,2116,0,11.2115502809756
"8210","weekly",6083,2117,0,11.5697699259617
"8211","weekly",6083,2118,0,11.9533212241513
"8212","weekly",6083,2119,0,12.3550318955968
"8213","weekly",6083,2120,0,12.7710353968869
"8214","weekly",6083,2121,0,13.2019653776224
"8215","weekly",6083,2122,0,13.6536713700916
"8216","weekly",6083,2123,0,14.1372979008447
"8217","weekly",6083,2124,0,14.6686901588255
"8218","weekly",6083,2125,0,15.2671935632097
"8219","weekly",6083,2126,0,15.9539602287259
"8220","weekly",6083,2127,0,16.7498530255107
"8221","weekly",6083,2128,0,17.6729760427261
"8222","weekly",6083,2129,0,18.7358134362294
"8223","weekly",6083,2130,0,19.941987658196
"8224","weekly",6083,2131,0,21.2827976989356
"8225","weekly",6083,2132,0,22.7339733369445
"8226","weekly",6083,2133,0,24.2534228939912
"8227","weekly",6083,2134,0,25.7810194359772
"8228","weekly",6083,2135,0,27.2414622675424
"8229","weekly",6083,2136,0,28.5507852523588
"8230","weekly",6083,2137,0,29.626133625381
"8231","weekly",6083,2138,0,30.3972381984786
"8232","weekly",6083,2139,0,30.817070045654
"8233","weekly",6083,2140,0,30.868980301253
"8234","weekly",6083,2141,0,30.5684477563773
"8235","weekly",6083,2142,0,29.9591094218194
"8236","weekly",6083,2143,0,29.1043868853885
"8237","weekly",6083,2144,0,28.0770711089135
"8238","weekly",6083,2145,0,26.9493598123518
"8239","weekly",6083,2146,0,25.7851700554311
"8240","weekly",6083,2147,0,24.6356256286963
"8241","weekly",6083,2148,0,23.5375289998337
"8242","weekly",6083,2149,0,22.5141621147341
"8243","weekly",6083,2150,0,21.5776355445851
"8244","weekly",6083,2151,0,20.7319168435934
"8245","weekly",6083,2152,0,19.9759567822621
"8246","weekly",6083,2153,0,19.3065142113919
"8247","weekly",6083,2154,0,18.7204428560653
"8248","weekly",6083,2155,0,18.2163216871559
"8249","weekly",6083,2156,0,17.7954005964129
"8250","weekly",6083,2157,0,17.461908564539
"8251","weekly",6083,2158,0,17.222833234584
"8252","weekly",6083,2159,0,17.0873191509309
"8253","weekly",6083,2160,0,17.0658368192235
"8254","weekly",6083,2161,0,17.1692456822784
"8255","weekly",6083,2162,0,17.4078239595983
"8256","weekly",6083,2163,0,17.7902895155858
"8257","weekly",6083,2164,0,18.3228122571891
"8258","weekly",6083,2165,0,19.0080365222093
"8259","weekly",6083,2166,0,19.8441942320787
"8260","weekly",6083,2167,0,20.8244809816824
"8261","weekly",6083,2168,0,21.9369532364508
"8262","weekly",6083,2169,0,23.1652366201015
"8263","weekly",6083,2170,0,24.4902652040037
"8264","weekly",6083,2171,0,25.8930787093996
"8265","weekly",6083,2172,0,27.3584194530267
"8266","weekly",6083,2173,0,28.8785816536983
"8267","weekly",6083,2174,0,30.456787294941
"8268","weekly",6083,2175,0,32.1093783873512
"8269","weekly",6083,2176,0,33.8663234748383
"8270","weekly",6083,2177,0,35.7698413330945
"8271","weekly",6083,2178,0,37.8712072184571
"8272","weekly",6083,2179,0,40.225920805824
"8273","weekly",6083,2180,0,42.8873685291037
"8274","weekly",6083,2181,0,45.899000988109
"8275","weekly",6083,2182,0,49.2850342619495
"8276","weekly",6083,2183,0,53.0399473930011
"8277","weekly",6083,2184,0,57.1176944422477
"8278","weekly",6083,2185,0,61.4225289152382
"8279","weekly",6083,2186,0,65.8043592715258
"8280","weekly",6083,2187,0,70.0620638122055
"8281","weekly",6083,2188,0,73.9575252286595
"8282","weekly",6083,2189,0,77.2408863682649
"8283","weekly",6083,2190,0,79.6839790304948
"8284","weekly",6083,2191,0,81.1152604784729
"8285","weekly",6083,2192,0,81.4476663157257
"8286","weekly",6083,2193,0,80.6918814909732
"8287","weekly",6083,2194,0,78.9515832183097
"8288","weekly",6083,2195,0,76.4025971180381
"8289","weekly",6083,2196,0,73.2623117935873
"8290","weekly",6083,2197,0,69.7574286856252
"8291","weekly",6083,2198,0,66.0969588725275
"8292","weekly",6083,2199,0,62.4543342442485
"8293","weekly",6083,2200,0,58.959595234337
"8294","weekly",6083,2201,0,55.6996274504927
"8295","weekly",6083,2202,0,52.7237449521344
"8296","weekly",6083,2203,0,50.0522129471356
"8297","weekly",6083,2204,0,47.685325127386
"8298","weekly",6083,2205,0,45.6117386738333
"8299","weekly",6083,2206,0,43.8153474089631
"8300","weekly",6083,2207,0,42.2804188849113
"8301","weekly",6083,2208,0,40.9949915177422
"8302","weekly",6083,2209,0,39.9526843074273
"8303","weekly",6083,2210,0,39.1531642926711
"8304","weekly",6083,2211,0,38.601567704347
"8305","weekly",6083,2212,0,38.3071807079978
"8306","weekly",6083,2213,0,38.2816521192144
"8307","weekly",6083,2214,0,38.536942718245
"8308","weekly",6083,2215,0,39.0831393343251
"8309","weekly",6083,2216,0,39.9262120787025
"8310","weekly",6083,2217,0,41.0658019552211
"8311","weekly",6083,2218,0,42.4932078418497
"8312","weekly",6083,2219,0,44.1898812987929
"8313","weekly",6083,2220,0,46.1268840081175
"8314","weekly",6083,2221,0,48.2658342986251
"8315","weekly",6083,2222,0,50.5617765717907
"8316","weekly",6083,2223,0,52.968095455115
"8317","weekly",6083,2224,0,55.443093356691
"8318","weekly",6083,2225,0,57.9572909234412
"8319","weekly",6083,2226,0,60.500102896287
"8320","weekly",6083,2227,0,63.084473754483
"8321","weekly",6083,2228,0,65.7483844689996
"8322","weekly",6083,2229,0,68.552738912942
"8323","weekly",6083,2230,0,71.5757549099362
"8324","weekly",6083,2231,0,74.9043772226432
"8325","weekly",6083,2232,0,78.6232950930425
"8326","weekly",6083,2233,0,82.8019785736687
"8327","weekly",6083,2234,0,87.4799953344918
"8328","weekly",6083,2235,0,92.6510350785975
"8329","weekly",6083,2236,0,98.2467799300939
"8330","weekly",6083,2237,0,104.123035648707
"8331","weekly",6083,2238,0,110.052062677642
"8332","weekly",6083,2239,0,115.726097567385
"8333","weekly",6083,2240,0,120.776636605369
"8334","weekly",6083,2241,0,124.811328194934
"8335","weekly",6083,2242,0,127.465834985545
"8336","weekly",6083,2243,0,128.459438086677
"8337","weekly",6083,2244,0,127.643760329564
"8338","weekly",6083,2245,0,125.031451906601
"8339","weekly",6083,2246,0,120.79401397027
"8340","weekly",6083,2247,0,115.231462318188
"8341","weekly",6083,2248,0,108.722153650931
"8342","weekly",6083,2249,0,101.666268104047
"8343","weekly",6083,2250,0,94.4359645983786
"8344","weekly",6083,2251,0,87.3407512036938
"8345","weekly",6083,2252,0,80.6107168143935
"8346","weekly",6083,2253,0,74.3953596398205
"8347","weekly",6083,2254,0,68.7732806829881
"8348","weekly",6083,2255,0,63.7673082755937
"8349","weekly",6083,2256,0,59.3608808896824
"8350","weekly",6083,2257,0,55.5130356338341
"8351","weekly",6083,2258,0,52.1706336073985
"8352","weekly",6083,2259,0,49.277482475256
"8353","weekly",6083,2260,0,46.7805546402233
"8354","weekly",6083,2261,0,44.6337232240912
"8355","weekly",6083,2262,0,42.7994873709249
"8356","weekly",6083,2263,0,41.2491386695037
"8357","weekly",6083,2264,0,39.9617864116735
"8358","weekly",6083,2265,0,38.9226247365295
"8359","weekly",6083,2266,0,38.1207835704554
"8360","weekly",6083,2267,0,37.5470520423114
"8361","weekly",6083,2268,0,37.19170297253
"8362","weekly",6083,2269,0,37.0425952041551
"8363","weekly",6083,2270,0,37.0837026533409
"8364","weekly",6083,2271,0,37.2942199610698
"8365","weekly",6083,2272,0,37.648411275979
"8366","weekly",6083,2273,0,38.1163699027675
"8367","weekly",6083,2274,0,38.6658033557324
"8368","weekly",6083,2275,0,39.264822532481
"8369","weekly",6083,2276,0,39.885499371725
"8370","weekly",6083,2277,0,40.5077142099472
"8371","weekly",6083,2278,0,41.1226292057108
"8372","weekly",6083,2279,0,41.7350871165108
"8373","weekly",6083,2280,0,42.3643881384924
"8374","weekly",6083,2281,0,43.0432031685777
"8375","weekly",6083,2282,0,43.8147278359538
"8376","weekly",6083,2283,0,44.7284341562045
"8377","weekly",6083,2284,0,45.8348478049011
"8378","weekly",6083,2285,0,47.1796717008983
"8379","weekly",6083,2286,0,48.7973844707594
"8380","weekly",6083,2287,0,50.7043121174211
"8381","weekly",6083,2288,0,52.8912500998558
"8382","weekly",6083,2289,0,55.3160968148586
"8383","weekly",6083,2290,0,57.8976395303034
"8384","weekly",6083,2291,0,60.5124410096905
"8385","weekly",6083,2292,0,62.9973451160331
"8386","weekly",6083,2293,0,65.1599449482601
"8387","weekly",6083,2294,0,66.7979949664586
"8388","weekly",6083,2295,0,67.7256392188719
"8389","weekly",6083,2296,0,67.8038672273251
"8390","weekly",6083,2297,0,66.9656436237856
"8391","weekly",6083,2298,0,65.2285598563612
"8392","weekly",6083,2299,0,62.6933863002487
"8393","weekly",6083,2300,0,59.5267950703565
"8394","weekly",6083,2301,0,55.9336643354472
"8395","weekly",6083,2302,0,52.1264139828854
"8396","weekly",6083,2303,0,48.2984988013341
"8397","weekly",6083,2304,0,44.6066110705287
"8398","weekly",6083,2305,0,41.1628135701176
"8399","weekly",6083,2306,0,38.0350652292836
"8400","weekly",6083,2307,0,35.253330008476
"8401","weekly",6083,2308,0,32.8183165254886
"8402","weekly",6083,2309,0,30.7105502146296
"8403","weekly",6083,2310,0,28.8984425281815
"8404","weekly",6083,2311,0,27.3448011828441
"8405","weekly",6083,2312,0,26.0117221734836
"8406","weekly",6083,2313,0,24.8640380888246
"8407","weekly",6083,2314,0,23.871547206305
"8408","weekly",6083,2315,0,23.0102136435744
"8409","weekly",6083,2316,0,22.2624865088146
"8410","weekly",6083,2317,0,21.6168739982822
"8411","weekly",6083,2318,0,21.066929369641
"8412","weekly",6083,2319,0,20.6098391854321
"8413","weekly",6083,2320,0,20.2448246920248
"8414","weekly",6083,2321,0,19.9715599246847
"8415","weekly",6083,2322,0,19.7887775828713
"8416","weekly",6083,2323,0,19.693191122904
"8417","weekly",6083,2324,0,19.6788256285799
"8418","weekly",6083,2325,0,19.7368281854433
"8419","weekly",6083,2326,0,19.8558136499341
"8420","weekly",6083,2327,0,20.0227756477834
"8421","weekly",6083,2328,0,20.2245363045076
"8422","weekly",6083,2329,0,20.4496152834909
"8423","weekly",6083,2330,0,20.690285942328
"8424","weekly",6083,2331,0,20.9444932032056
"8425","weekly",6083,2332,0,21.2172805823066
"8426","weekly",6083,2333,0,21.5214404005092
"8427","weekly",6083,2334,0,21.8772484499204
"8428","weekly",6083,2335,0,22.3113171403238
"8429","weekly",6083,2336,0,22.8547262472712
"8430","weekly",6083,2337,0,23.5406138926337
"8431","weekly",6083,2338,0,24.4013261277723
"8432","weekly",6083,2339,0,25.4650320347864
"8433","weekly",6083,2340,0,26.7518220223137
"8434","weekly",6083,2341,0,28.2689035661169
"8435","weekly",6083,2342,0,30.0049356649397
"8436","weekly",6083,2343,0,31.9242819987994
"8437","weekly",6083,2344,0,33.9622172277741
"8438","weekly",6083,2345,0,36.0230527945387
"8439","weekly",6083,2346,0,37.9834149443632
"8440","weekly",6083,2347,0,39.70237405847
"8441","weekly",6083,2348,0,41.0384702846786
"8442","weekly",6083,2349,0,41.8711740434665
"8443","weekly",6083,2350,0,42.1219202582433
"8444","weekly",6083,2351,0,41.7688729420915
"8445","weekly",6083,2352,0,40.8508852438972
"8446","weekly",6083,2353,0,39.4594320998149
"8447","weekly",6083,2354,0,37.7211526046885
"8448","weekly",6083,2355,0,35.7762658613938
"8449","weekly",6083,2356,0,33.7584963642876
"8450","weekly",6083,2357,0,31.7805042298132
"8451","weekly",6083,2358,0,29.9262947106326
"8452","weekly",6083,2359,0,28.2498890354764
"8453","weekly",6083,2360,0,26.7783431723801
"8454","weekly",6083,2361,0,25.5170205286122
"8455","weekly",6083,2362,0,24.4554856682662
"8456","weekly",6083,2363,0,23.5730512796581
"8457","weekly",6083,2364,0,22.8435753662634
"8458","weekly",6083,2365,0,22.2394423466176
"8459","weekly",6083,2366,0,21.7347770442284
"8460","weekly",6083,2367,0,21.3079130343249
"8461","weekly",6083,2368,0,20.9430654466851
"8462","weekly",6083,2369,0,20.6311247426784
"8463","weekly",6083,2370,0,20.369531378994
"8464","weekly",6083,2371,0,20.1613001376973
"8465","weekly",6083,2372,0,20.0133886701515
"8466","weekly",6083,2373,0,19.9346923991689
"8467","weekly",6083,2374,0,19.9339667193417
"8468","weekly",6083,2375,0,20.0179347568192
"8469","weekly",6083,2376,0,20.1897702419665
"8470","weekly",6083,2377,0,20.4480895696761
"8471","weekly",6083,2378,0,20.7865646060527
"8472","weekly",6083,2379,0,21.1942675797764
"8473","weekly",6083,2380,0,21.656845669786
"8474","weekly",6083,2381,0,22.1585538732033
"8475","weekly",6083,2382,0,22.6850293516472
"8476","weekly",6083,2383,0,23.2264914223197
"8477","weekly",6083,2384,0,23.7808688773803
"8478","weekly",6083,2385,0,24.3562810022559
"8479","weekly",6083,2386,0,24.9723902522819
"8480","weekly",6083,2387,0,25.6603856952133
"8481","weekly",6083,2388,0,26.4616470725887
"8482","weekly",6083,2389,0,27.4253438412852
"8483","weekly",6083,2390,0,28.6052424359368
"8484","weekly",6083,2391,0,30.0558180764929
"8485","weekly",6083,2392,0,31.827475024882
"8486","weekly",6083,2393,0,33.9604602802428
"8487","weekly",6083,2394,0,36.4769952223724
"8488","weekly",6083,2395,0,39.371547053117
"8489","weekly",6083,2396,0,42.6000771956897
"8490","weekly",6083,2397,0,46.070393492002
"8491","weekly",6083,2398,0,49.6371619925339
"8492","weekly",6083,2399,0,53.1058421715716
"8493","weekly",6083,2400,0,56.2488831198862
"8494","weekly",6083,2401,0,58.8344000664219
"8495","weekly",6083,2402,0,60.6628166408482
"8496","weekly",6083,2403,0,61.6025708839006
"8497","weekly",6083,2404,0,61.6144821112248
"8498","weekly",6083,2405,0,60.757217962775
"8499","weekly",6083,2406,0,59.1725618947239
"8500","weekly",6083,2407,0,57.0558743544098
"8501","weekly",6083,2408,0,54.6211008165992
"8502","weekly",6083,2409,0,52.069526756386
"8503","weekly",6083,2410,0,49.5681515220349
"8504","weekly",6083,2411,0,47.2392580917367
"8505","weekly",6083,2412,0,45.1594452263816
"8506","weekly",6083,2413,0,43.3648851858889
"8507","weekly",6083,2414,0,41.8596346014383
"8508","weekly",6083,2415,0,40.6247241646342
"8509","weekly",6083,2416,0,39.6267851276934
"8510","weekly",6083,2417,0,38.8257225876587
"8511","weekly",6083,2418,0,38.1812984727585
"8512","weekly",6083,2419,0,37.6585239014094
"8513","weekly",6083,2420,0,37.2316572411219
"8514","weekly",6083,2421,0,36.8865378271876
"8515","weekly",6083,2422,0,36.6210633148585
"8516","weekly",6083,2423,0,36.4438425547996
"8517","weekly",6083,2424,0,36.3713357446686
"8518","weekly",6083,2425,0,36.4240089118248
"8519","weekly",6083,2426,0,36.6221023976686
"8520","weekly",6083,2427,0,36.9815478296223
"8521","weekly",6083,2428,0,37.5104399748816
"8522","weekly",6083,2429,0,38.206371699489
"8523","weekly",6083,2430,0,39.0549257314706
"8524","weekly",6083,2431,0,40.0296673111297
"8525","weekly",6083,2432,0,41.0940085212205
"8526","weekly",6083,2433,0,42.2051986864099
"8527","weekly",6083,2434,0,43.3203529258462
"8528","weekly",6083,2435,0,44.403961166201
"8529","weekly",6083,2436,0,45.4353862730059
"8530","weekly",6083,2437,0,46.4151928556967
"8531","weekly",6083,2438,0,47.3689004263579
"8532","weekly",6083,2439,0,48.3469728147174
"8533","weekly",6083,2440,0,49.4214060893428
"8534","weekly",6083,2441,0,50.6796095071477
"8535","weekly",6083,2442,0,52.2166299742821
"8536","weekly",6083,2443,0,54.1265198252513
"8537","weekly",6083,2444,0,56.4930513953877
"8538","weekly",6083,2445,0,59.3793870828231
"8539","weekly",6083,2446,0,62.816095246817
"8540","weekly",6083,2447,0,66.7873573089746
"8541","weekly",6083,2448,0,71.2164733974932
"8542","weekly",6083,2449,0,75.9536899077939
"8543","weekly",6083,2450,0,80.7713394118327
"8544","weekly",6083,2451,0,85.3721874456387
"8545","weekly",6083,2452,0,89.4154012915824
"8546","weekly",6083,2453,0,92.5599822345102
"8547","weekly",6083,2454,0,94.5187373516819
"8548","weekly",6083,2455,0,95.1097403412714
"8549","weekly",6083,2456,0,94.2903288297093
"8550","weekly",6083,2457,0,92.1630078584858
"8551","weekly",6083,2458,0,88.9517861746135
"8552","weekly",6083,2459,0,84.9571605210076
"8553","weekly",6083,2460,0,80.5036439457181
"8554","weekly",6083,2461,0,75.8934177920019
"8555","weekly",6083,2462,0,71.374764184191
"8556","weekly",6083,2463,0,67.1275759597193
"8557","weekly",6083,2464,0,63.2631678547768
"8558","weekly",6083,2465,0,59.8334685791633
"8559","weekly",6083,2466,0,56.8446822538099
"8560","weekly",6083,2467,0,54.2717536638229
"8561","weekly",6083,2468,0,52.0715480756626
"8562","weekly",6083,2469,0,50.1938398620405
"8563","weekly",6083,2470,0,48.5898653735348
"8564","weekly",6083,2471,0,47.2184439982229
"8565","weekly",6083,2472,0,46.0497188673908
"8566","weekly",6083,2473,0,45.0666007263353
"8567","weekly",6083,2474,0,44.2641060673923
"8568","weekly",6083,2475,0,43.6469507212605
"8569","weekly",6083,2476,0,43.2259160847316
"8570","weekly",6083,2477,0,43.0135715457436
"8571","weekly",6083,2478,0,43.0198915622605
"8572","weekly",6083,2479,0,43.2481931973016
"8573","weekly",6083,2480,0,43.6917197919975
"8574","weekly",6083,2481,0,44.3311752311565
"8575","weekly",6083,2482,0,45.1335806631105
"8576","weekly",6083,2483,0,46.052917154826
"8577","weekly",6083,2484,0,47.033011178617
"8578","weekly",6083,2485,0,48.0128868655593
"8579","weekly",6083,2486,0,48.934295419851
"8580","weekly",6083,2487,0,49.750432462999
"8581","weekly",6083,2488,0,50.4339577778301
"8582","weekly",6083,2489,0,50.9835206836724
"8583","weekly",6083,2490,0,51.426000058811
"8584","weekly",6083,2491,0,51.8138251267665
"8585","weekly",6083,2492,0,52.2192128143943
"8586","weekly",6083,2493,0,52.7255666475248
"8587","weekly",6083,2494,0,53.4178215270804
"8588","weekly",6083,2495,0,54.3729028013913
"8589","weekly",6083,2496,0,55.6508038296597
"8590","weekly",6083,2497,0,57.2862018021842
"8591","weekly",6083,2498,0,59.2803529248631
"8592","weekly",6083,2499,0,61.593394373238
"8593","weekly",6083,2500,0,64.1380799616454
"8594","weekly",6083,2501,0,66.777098636172
"8595","weekly",6083,2502,0,69.3269301289256
"8596","weekly",6083,2503,0,71.5709847242106
"8597","weekly",6083,2504,0,73.2830017615634
"8598","weekly",6083,2505,0,74.2584091801691
"8599","weekly",6083,2506,0,74.3476121085696
"8600","weekly",6083,2507,0,73.48279115888
"8601","weekly",6083,2508,0,71.6903992105217
"8602","weekly",6083,2509,0,69.0854576241545
"8603","weekly",6083,2510,0,65.8494475684565
"8604","weekly",6083,2511,0,62.1984849055298
"8605","weekly",6083,2512,0,58.3504668766691
"8606","weekly",6083,2513,0,54.4985604270914
"8607","weekly",6083,2514,0,50.7948880843905
"8608","weekly",6083,2515,0,47.3450628012215
"8609","weekly",6083,2516,0,44.2107584205369
"8610","weekly",6083,2517,0,41.4172594595002
"8611","weekly",6083,2518,0,38.9631816928013
"8612","weekly",6083,2519,0,36.8300760863494
"8613","weekly",6083,2520,0,34.9907248647069
"8614","weekly",6083,2521,0,33.4156360416528
"8615","weekly",6083,2522,0,32.0776615493523
"8616","weekly",6083,2523,0,30.9548671125522
"8617","weekly",6083,2524,0,30.0318674441805
"8618","weekly",6083,2525,0,29.2998819430359
"8619","weekly",6083,2526,0,28.7557938227983
"8620","weekly",6083,2527,0,28.4005059763731
"8621","weekly",6083,2528,0,28.2368670983124
"8622","weekly",6083,2529,0,28.2673914899351
"8623","weekly",6083,2530,0,28.4919363989611
"8624","weekly",6083,2531,0,28.905466190583
"8625","weekly",6083,2532,0,29.4961385738861
"8626","weekly",6083,2533,0,30.2436109502014
"8627","weekly",6083,2534,0,31.118339523513
"8628","weekly",6083,2535,0,32.082320563728
"8629","weekly",6083,2536,0,33.0912397841312
"8630","weekly",6083,2537,0,34.098532654767
"8631","weekly",6083,2538,0,35.0609760941006
"8632","weekly",6083,2539,0,35.9449765441386
"8633","weekly",6083,2540,0,36.7322972237598
"8634","weekly",6083,2541,0,37.423889474012
"8635","weekly",6083,2542,0,38.0408590965089
"8636","weekly",6083,2543,0,38.6222968954244
"8637","weekly",6083,2544,0,39.2204485745897
"8638","weekly",6083,2545,0,39.8941874994634
"8639","weekly",6083,2546,0,40.7018256940355
"8640","weekly",6083,2547,0,41.6940125204856
"8641","weekly",6083,2548,0,42.9070480925147
"8642","weekly",6083,2549,0,44.356639590027
"8643","weekly",6083,2550,0,46.0321396090003
"8644","weekly",6083,2551,0,47.8916763392481
"8645","weekly",6083,2552,0,49.8592046089325
"8646","weekly",6083,2553,0,51.8250996681745
"8647","weekly",6083,2554,0,53.6520817381534
"8648","weekly",6083,2555,0,55.1876050795836
"8649","weekly",6083,2556,0,56.2822255796491
"8650","weekly",6083,2557,0,56.8112306783005
"8651","weekly",6083,2558,0,56.6948694027233
"8652","weekly",6083,2559,0,55.9119382631179
"8653","weekly",6083,2560,0,54.5028762963339
"8654","weekly",6083,2561,0,52.5615370706219
"8655","weekly",6083,2562,0,50.2181754874182
"8656","weekly",6083,2563,0,47.6184568090684
"8657","weekly",6083,2564,0,44.9036503172247
"8658","weekly",6083,2565,0,42.1958037453878
"8659","weekly",6083,2566,0,39.5895157971245
"8660","weekly",6083,2567,0,37.1499291496002
"8661","weekly",6083,2568,0,34.9153507770097
"8662","weekly",6083,2569,0,32.9025498544943
"8663","weekly",6083,2570,0,31.1130277942575
"8664","weekly",6083,2571,0,29.5390577296494
"8665","weekly",6083,2572,0,28.1687957334216
"8666","weekly",6083,2573,0,26.9901528170158
"8667","weekly",6083,2574,0,25.9933698692475
"8668","weekly",6083,2575,0,25.1723903654201
"8669","weekly",6083,2576,0,24.5252145888371
"8670","weekly",6083,2577,0,24.0534639007528
"8671","weekly",6083,2578,0,23.7613884586171
"8672","weekly",6083,2579,0,23.6545183106064
"8673","weekly",6083,2580,0,23.7380971378007
"8674","weekly",6083,2581,0,24.0153745404532
"8675","weekly",6083,2582,0,24.4857988359436
"8676","weekly",6083,2583,0,25.1431763558212
"8677","weekly",6083,2584,0,25.9739570270904
"8678","weekly",6083,2585,0,26.9558323744568
"8679","weekly",6083,2586,0,28.0575617549621
"8680","weekly",6083,2587,0,29.2399945873331
"8681","weekly",6083,2588,0,30.4586248535925
"8682","weekly",6083,2589,0,31.6683048665582
"8683","weekly",6083,2590,0,32.8291667677113
"8684","weekly",6083,2591,0,33.9128127788863
"8685","weekly",6083,2592,0,34.9074168889929
"8686","weekly",6083,2593,0,35.8204928075429
"8687","weekly",6083,2594,0,36.6786202916119
"8688","weekly",6083,2595,0,37.5241746234242
"8689","weekly",6083,2596,0,38.4097554983891
"8690","weekly",6083,2597,0,39.3913152822352
"8691","weekly",6083,2598,0,40.5208933007671
"8692","weekly",6083,2599,0,41.8395234713098
"8693","weekly",6083,2600,0,43.3705471258581
"8694","weekly",6083,2601,0,45.1134538457845
"8695","weekly",6083,2602,0,47.0385957405379
"8696","weekly",6083,2603,0,49.0836206387175
"8697","weekly",6083,2604,0,51.1530251613585
"8698","weekly",6083,2605,0,53.1224816034519
"8699","weekly",6083,2606,0,54.8491584496078
"8700","weekly",6083,2607,0,56.1879322020395
"8701","weekly",6083,2608,0,57.0114009237441
"8702","weekly",6083,2609,0,57.2296898708446
"8703","weekly",6083,2610,0,56.8051762183895
"8704","weekly",6083,2611,0,55.7581421821378
"8705","weekly",6083,2612,0,54.1618626402633
"8706","weekly",6083,2613,0,52.128743381094
"8707","weekly",6083,2614,0,49.7915162468707
"8708","weekly",6083,2615,0,47.2842658830778
"8709","weekly",6083,2616,0,44.7271780673764
"8710","weekly",6083,2617,0,42.2170581299288
"8711","weekly",6083,2618,0,39.8237754528382
"8712","weekly",6083,2619,0,37.5914802601474
"8713","weekly",6083,2620,0,35.5428943333973
"8714","weekly",6083,2621,0,33.6850353153277
"8715","weekly",6083,2622,0,32.0151049297128
"8716","weekly",6083,2623,0,30.5257095945562
"8717","weekly",6083,2624,0,29.2089557691215
"8718","weekly",6083,2625,0,28.0592394585256
"8719","weekly",6083,2626,0,27.0747473437514
"8720","weekly",6083,2627,0,26.2578290068632
"8721","weekly",6083,2628,0,25.6145223407657
"8722","weekly",6083,2629,0,25.1533896870678
"8723","weekly",6083,2630,0,24.8841072585346
"8724","weekly",6083,2631,0,24.8159640375816
"8725","weekly",6083,2632,0,24.9561945718888
"8726","weekly",6083,2633,0,25.3083012235584
"8727","weekly",6083,2634,0,25.8703210679669
"8728","weekly",6083,2635,0,26.6331004114327
"8729","weekly",6083,2636,0,27.578785749356
"8730","weekly",6083,2637,0,28.6799220972753
"8731","weekly",6083,2638,0,29.8996885577508
"8732","weekly",6083,2639,0,31.193793336075
"8733","weekly",6083,2640,0,32.514309356804
"8734","weekly",6083,2641,0,33.8152486825566
"8735","weekly",6083,2642,0,35.059068595554
"8736","weekly",6083,2643,0,36.2228090256976
"8737","weekly",6083,2644,0,37.3024284535786
"8738","weekly",6083,2645,0,38.3142484436976
"8739","weekly",6083,2646,0,39.2931236373552
"8740","weekly",6083,2647,0,40.2877284944843
"8741","weekly",6083,2648,0,41.3538782892138
"8742","weekly",6083,2649,0,42.5469176118349
"8743","weekly",6083,2650,0,43.9139768221503
"8744","weekly",6083,2651,0,45.4865406566678
"8745","weekly",6083,2652,0,47.2735512589716
"8746","weekly",6083,2653,0,49.2553512059676
"8747","weekly",6083,2654,0,51.3791750197561
"8748","weekly",6083,2655,0,53.557453949019
"8749","weekly",6083,2656,0,55.6705797917093
"8750","weekly",6083,2657,0,57.5755753524427
"8751","weekly",6083,2658,0,59.1210505653435
"8752","weekly",6083,2659,0,60.1669563968171
"8753","weekly",6083,2660,0,60.6055751701351
"8754","weekly",6083,2661,0,60.3788755672431
"8755","weekly",6083,2662,0,59.4876694699051
"8756","weekly",6083,2663,0,57.9900961427047
"8757","weekly",6083,2664,0,55.9900618210668
"8758","weekly",6083,2665,0,53.6190619507106
"8759","weekly",6083,2666,0,51.0161896124046
"8760","weekly",6083,2667,0,48.3107555161987
"8761","weekly",6083,2668,0,45.6103133522265
"8762","weekly",6083,2669,0,42.9948981581838
"8763","weekly",6083,2670,0,40.5167018666834
"8764","weekly",6083,2671,0,38.2036185034085
"8765","weekly",6083,2672,0,36.0649016787793
"8766","weekly",6083,2673,0,34.0974583653006
"8767","weekly",6083,2674,0,32.2917641672539
"8768","weekly",6083,2675,0,30.6367476462328
"8769","weekly",6083,2676,0,29.1232924698124
"8770","weekly",6083,2677,0,27.746252668323
"8771","weekly",6083,2678,0,26.5050705147733
"8772","weekly",6083,2679,0,25.4032466719655
"8773","weekly",6083,2680,0,24.4470206277329
"8774","weekly",6083,2681,0,23.6435588589666
"8775","weekly",6083,2682,0,22.9993662824854
"8776","weekly",6083,2683,0,22.5186663524655
"8777","weekly",6083,2684,0,22.2018832299364
"8778","weekly",6083,2685,0,22.0446838490461
"8779","weekly",6083,2686,0,22.0371931657428
"8780","weekly",6083,2687,0,22.1635072310019
"8781","weekly",6083,2688,0,22.401624563965
"8782","weekly",6083,2689,0,22.724004051488
"8783","weekly",6083,2690,0,23.0989806160942
"8784","weekly",6083,2691,0,23.4931747666269
"8785","weekly",6083,2692,0,23.8748032406438
"8786","weekly",6083,2693,0,24.2174842262029
"8787","weekly",6083,2694,0,24.5038472813758
"8788","weekly",6083,2695,0,24.7281447848509
"8789","weekly",6083,2696,0,24.897207588976
"8790","weekly",6083,2697,0,25.0294662988017
"8791","weekly",6083,2698,0,25.1522273351729
"8792","weekly",6083,2699,0,25.2977604618063
"8793","weekly",6083,2700,0,25.4988903222547
"8794","weekly",6083,2701,0,25.7846800281695
"8795","weekly",6083,2702,0,26.1765538511099
"8796","weekly",6083,2703,0,26.6849785066588
"8797","weekly",6083,2704,0,27.3067299121903
"8798","weekly",6083,2705,0,28.0228614596708
"8799","weekly",6083,2706,0,28.7977193636907
"8800","weekly",6083,2707,0,29.5795988684695
"8801","weekly",6083,2708,0,30.3037265979801
"8802","weekly",6083,2709,0,30.8980172540905
"8803","weekly",6083,2710,0,31.2914137014013
"8804","weekly",6083,2711,0,31.4237027404015
"8805","weekly",6083,2712,0,31.2548523874138
"8806","weekly",6083,2713,0,30.771587989293
"8807","weekly",6083,2714,0,29.9894102435937
"8808","weekly",6083,2715,0,28.9494758704241
"8809","weekly",6083,2716,0,27.7112358199083
"8810","weekly",6083,2717,0,26.342836108859
"8811","weekly",6083,2718,0,24.9116167595348
"8812","weekly",6083,2719,0,23.4765867609676
"8813","weekly",6083,2720,0,22.083843070126
"8814","weekly",6083,2721,0,20.764975891434
"8815","weekly",6083,2722,0,19.5378695808467
"8816","weekly",6083,2723,0,18.4090470949013
"8817","weekly",6083,2724,0,17.3767406158295
"8818","weekly",6083,2725,0,16.434198718227
"8819","weekly",6083,2726,0,15.5723278308869
"8820","weekly",6083,2727,0,14.7820570276526
"8821","weekly",6083,2728,0,14.0562173309299
"8822","weekly",6083,2729,0,13.390335987584
"8823","weekly",6083,2730,0,12.7828680017265
"8824","weekly",6083,2731,0,12.234846963649
"8825","weekly",6083,2732,0,11.7491277558001
"8826","weekly",6083,2733,0,11.3294226252765
"8827","weekly",6083,2734,0,10.9793179091212
"8828","weekly",6083,2735,0,10.7014078655193
"8829","weekly",6083,2736,0,10.4966157917224
"8830","weekly",6083,2737,0,10.3637164990505
"8831","weekly",6083,2738,0,10.2990467979835
"8832","weekly",6083,2739,0,10.2963965597592
"8833","weekly",6083,2740,0,10.3471022103768
"8834","weekly",6083,2741,0,10.4403964632656
"8835","weekly",6083,2742,0,10.5640778289817
"8836","weekly",6083,2743,0,10.7055308884737
"8837","weekly",6083,2744,0,10.8530487530661
"8838","weekly",6083,2745,0,10.9973013589333
"8839","weekly",6083,2746,0,11.1326983915642
"8840","weekly",6083,2747,0,11.2583615385229
"8841","weekly",6083,2748,0,11.3784760989656
"8842","weekly",6083,2749,0,11.5019252672791
"8843","weekly",6083,2750,0,11.6412705803959
"8844","weekly",6083,2751,0,11.8112638483144
"8845","weekly",6083,2752,0,12.0271151781199
"8846","weekly",6083,2753,0,12.3026974848035
"8847","weekly",6083,2754,0,12.6487795009598
"8848","weekly",6083,2755,0,13.0713043672149
"8849","weekly",6083,2756,0,13.569719576175
"8850","weekly",6083,2757,0,14.1354405690799
"8851","weekly",6083,2758,0,14.7506823528238
"8852","weekly",6083,2759,0,15.3880666974583
"8853","weekly",6083,2760,0,16.0115127944009
"8854","weekly",6083,2761,0,16.5788362686435
"8855","weekly",6083,2762,0,17.0461421120854
"8856","weekly",6083,2763,0,17.3735369386268
"8857","weekly",6083,2764,0,17.5310892197303
"8858","weekly",6083,2765,0,17.5036169795203
"8859","weekly",6083,2766,0,17.2930174354406
"8860","weekly",6083,2767,0,16.9174960781384
"8861","weekly",6083,2768,0,16.4079605178267
"8862","weekly",6083,2769,0,15.8026285995875
"8863","weekly",6083,2770,0,15.1412494040851
"8864","weekly",6083,2771,0,14.460178488298
"8865","weekly",6083,2772,0,13.7890517818305
"8866","weekly",6083,2773,0,13.1492335068033
"8867","weekly",6083,2774,0,12.5537859337492
"8868","weekly",6083,2775,0,12.0085053429648
"8869","weekly",6083,2776,0,11.5135560532653
"8870","weekly",6083,2777,0,11.0653261310654
"8871","weekly",6083,2778,0,10.6581909227243
"8872","weekly",6083,2779,0,10.286223301664
"8873","weekly",6083,2780,0,9.94446293571673
"8874","weekly",6083,2781,0,9.62968480036943
"8875","weekly",6083,2782,0,9.34087863955938
"8876","weekly",6083,2783,0,9.07924267469207
"8877","weekly",6083,2784,0,8.84781162379659
"8878","weekly",6083,2785,0,8.65083294635406
"8879","weekly",6083,2786,0,8.49302602602984
"8880","weekly",6083,2787,0,8.37884786495124
"8881","weekly",6083,2788,0,8.31185365378042
"8882","weekly",6083,2789,0,8.29419854369189
"8883","weekly",6083,2790,0,8.32629570481367
"8884","weekly",6083,2791,0,8.40663534068153
"8885","weekly",6083,2792,0,8.53177857547416
"8886","weekly",6083,2793,0,8.69655773886188
"8887","weekly",6083,2794,0,8.89452355843969
"8888","weekly",6083,2795,0,9.11866419107537
"8889","weekly",6083,2796,0,9.36237383076514
"8890","weekly",6083,2797,0,9.62057808969985
"8891","weekly",6083,2798,0,9.89085367378721
"8892","weekly",6083,2799,0,10.174342542683
"8893","weekly",6083,2800,0,10.4762782397738
"8894","weekly",6083,2801,0,10.8060128489742
"8895","weekly",6083,2802,0,11.1765286115988
"8896","weekly",6083,2803,0,11.6034967158776
"8897","weekly",6083,2804,0,12.1039743758884
"8898","weekly",6083,2805,0,12.6948042809818
"8899","weekly",6083,2806,0,13.3907228134776
"8900","weekly",6083,2807,0,14.2021410861344
"8901","weekly",6083,2808,0,15.1325865616964
"8902","weekly",6083,2809,0,16.1759205042035
"8903","weekly",6083,2810,0,17.3136827485141
"8904","weekly",6083,2811,0,18.5132100853225
"8905","weekly",6083,2812,0,19.7274072272849
"8906","weekly",6083,2813,0,20.8970445134473
"8907","weekly",6083,2814,0,21.9560566063737
"8908","weekly",6083,2815,0,22.839502338582
"8909","weekly",6083,2816,0,23.4928372717841
"8910","weekly",6083,2817,0,23.880379664959
"8911","weekly",6083,2818,0,23.9907588385249
"8912","weekly",6083,2819,0,23.8378881162353
"8913","weekly",6083,2820,0,23.4573360494687
"8914","weekly",6083,2821,0,22.8992707463476
"8915","weekly",6083,2822,0,22.2201053703466
"8916","weekly",6083,2823,0,21.4746394224057
"8917","weekly",6083,2824,0,20.7101119086292
"8918","weekly",6083,2825,0,19.9628889455635
"8919","weekly",6083,2826,0,19.2574626514397
"8920","weekly",6083,2827,0,18.6072430858185
"8921","weekly",6083,2828,0,18.016481794155
"8922","weekly",6083,2829,0,17.4827541624254
"8923","weekly",6083,2830,0,16.9995792390255
"8924","weekly",6083,2831,0,16.5588869142812
"8925","weekly",6083,2832,0,16.153126158868
"8926","weekly",6083,2833,0,15.7768587043538
"8927","weekly",6083,2834,0,15.4277304181742
"8928","weekly",6083,2835,0,15.1067799964803
"8929","weekly",6083,2836,0,14.8181319979049
"8930","weekly",6083,2837,0,14.5682083862048
"8931","weekly",6083,2838,0,14.3646519893809
"8932","weekly",6083,2839,0,14.2151686347497
"8933","weekly",6083,2840,0,14.1264639211004
"8934","weekly",6083,2841,0,14.1033949505218
"8935","weekly",6083,2842,0,14.1484023011435
"8936","weekly",6083,2843,0,14.2612516824884
"8937","weekly",6083,2844,0,14.4391021573538
"8938","weekly",6083,2845,0,14.6769181218842
"8939","weekly",6083,2846,0,14.9682368496142
"8940","weekly",6083,2847,0,15.3062753822014
"8941","weekly",6083,2848,0,15.6853043274459
"8942","weekly",6083,2849,0,16.1021433058777
"8943","weekly",6083,2850,0,16.5575699265464
"8944","weekly",6083,2851,0,17.0574111143942
"8945","weekly",6083,2852,0,17.6131186625425
"8946","weekly",6083,2853,0,18.2417104840861
"8947","weekly",6083,2854,0,18.9650511747168
"8948","weekly",6083,2855,0,19.8085081961908
"8949","weekly",6083,2856,0,20.7990261827945
"8950","weekly",6083,2857,0,21.9626160291664
"8951","weekly",6083,2858,0,23.3211963297363
"8952","weekly",6083,2859,0,24.8887152922543
"8953","weekly",6083,2860,0,26.6665895515034
"8954","weekly",6083,2861,0,28.6387697040482
"8955","weekly",6083,2862,0,30.7671725345281
"8956","weekly",6083,2863,0,32.9887037564913
"8957","weekly",6083,2864,0,35.2154154086602
"8958","weekly",6083,2865,0,37.3392099722696
"8959","weekly",6083,2866,0,39.2416945338482
"8960","weekly",6083,2867,0,40.8083401888289
"8961","weekly",6083,2868,0,41.9444439791405
"8962","weekly",6083,2869,0,42.5892501466442
"8963","weekly",6083,2870,0,42.724629051474
"8964","weekly",6083,2871,0,42.3761033845512
"8965","weekly",6083,2872,0,41.6062395905901
"8966","weekly",6083,2873,0,40.5025461776531
"8967","weekly",6083,2874,0,39.1630262821709
"8968","weekly",6083,2875,0,37.6833522824163
"8969","weekly",6083,2876,0,36.1469920283416
"8970","weekly",6083,2877,0,34.6192207019631
"8971","weekly",6083,2878,0,33.1455942257016
"8972","weekly",6083,2879,0,31.7532415472961
"8973","weekly",6083,2880,0,30.4540567338117
"8974","weekly",6083,2881,0,29.2487455396476
"8975","weekly",6083,2882,0,28.1309824646596
"8976","weekly",6083,2883,0,27.0911929199356
"8977","weekly",6083,2884,0,26.119632728427
"8978","weekly",6083,2885,0,25.2085836993356
"8979","weekly",6083,2886,0,24.3535971964593
"8980","weekly",6083,2887,0,23.55382460283
"8981","weekly",6083,2888,0,22.8115774127073
"8982","weekly",6083,2889,0,22.1313434471958
"8983","weekly",6083,2890,0,21.5185287163767
"8984","weekly",6083,2891,0,20.9781868400314
"8985","weekly",6083,2892,0,20.5139471706498
"8986","weekly",6083,2893,0,20.1272795678524
"8987","weekly",6083,2894,0,19.8171612915612
"8988","weekly",6083,2895,0,19.5801549064636
"8989","weekly",6083,2896,0,19.4108681614598
"8990","weekly",6083,2897,0,19.3027403261367
"8991","weekly",6083,2898,0,19.2490743360831
"8992","weekly",6083,2899,0,19.2442049035162
"8993","weekly",6083,2900,0,19.2846631404391
"8994","weekly",6083,2901,0,19.3701798625116
"8995","weekly",6083,2902,0,19.504375810473
"8996","weekly",6083,2903,0,19.6950235966797
"8997","weekly",6083,2904,0,19.9538261092966
"8998","weekly",6083,2905,0,20.2957200278906
"8999","weekly",6083,2906,0,20.7377579301101
"9000","weekly",6083,2907,0,21.297633146125
"9001","weekly",6083,2908,0,21.9918898065953
"9002","weekly",6083,2909,0,22.8338265284547
"9003","weekly",6083,2910,0,23.8310885199899
"9004","weekly",6083,2911,0,24.9829841792816
"9005","weekly",6083,2912,0,26.2776821488369
"9006","weekly",6083,2913,0,27.6896412611823
"9007","weekly",6083,2914,0,29.1778565768327
"9008","weekly",6083,2915,0,30.6856796898355
"9009","weekly",6083,2916,0,32.1429660013528
"9010","weekly",6083,2917,0,33.4710030360147
"9011","weekly",6083,2918,0,34.590368398698
"9012","weekly",6083,2919,0,35.4294941978296
"9013","weekly",6083,2920,0,35.9337911408365
"9014","weekly",6083,2921,0,36.0734135427192
"9015","weekly",6083,2922,0,35.846369054736
"9016","weekly",6083,2923,0,35.2775210586988
"9017","weekly",6083,2924,0,34.4135741754435
"9018","weekly",6083,2925,0,33.3154144769214
"9019","weekly",6083,2926,0,32.0496224128437
"9020","weekly",6083,2927,0,30.6808366290934
"9021","weekly",6083,2928,0,29.266089964105
"9022","weekly",6083,2929,0,27.8515445944795
"9023","weekly",6083,2930,0,26.4714651070681
"9024","weekly",6083,2931,0,25.1489154310548
"9025","weekly",6083,2932,0,23.8975243868044
"9026","weekly",6083,2933,0,22.7237394092081
"9027","weekly",6083,2934,0,21.6291181756969
"9028","weekly",6083,2935,0,20.612336700171
"9029","weekly",6083,2936,0,19.6707468504319
"9030","weekly",6083,2937,0,18.8014303805685
"9031","weekly",6083,2938,0,18.0017729531828
"9032","weekly",6083,2939,0,17.2696379468689
"9033","weekly",6083,2940,0,16.6032525029004
"9034","weekly",6083,2941,0,16.0009292255127
"9035","weekly",6083,2942,0,15.4607392355829
"9036","weekly",6083,2943,0,14.9802309857332
"9037","weekly",6083,2944,0,14.5562608567707
"9038","weekly",6083,2945,0,14.184972111776
"9039","weekly",6083,2946,0,13.8619321823644
"9040","weekly",6083,2947,0,13.582415742887
"9041","weekly",6083,2948,0,13.3418020663958
"9042","weekly",6083,2949,0,13.1360391521011
"9043","weekly",6083,2950,0,12.9621148763836
"9044","weekly",6083,2951,0,12.8184694776719
"9045","weekly",6083,2952,0,12.7052871471969
"9046","weekly",6083,2953,0,12.624618921036
"9047","weekly",6083,2954,0,12.5803125983075
"9048","weekly",6083,2955,0,12.5777524309524
"9049","weekly",6083,2956,0,12.6234342085372
"9050","weekly",6083,2957,0,12.7244135892979
"9051","weekly",6083,2958,0,12.8876647102734
"9052","weekly",6083,2959,0,13.1193752844265
"9053","weekly",6083,2960,0,13.424191126629
"9054","weekly",6083,2961,0,13.8044168314373
"9055","weekly",6083,2962,0,14.2591883471905
"9056","weekly",6083,2963,0,14.7836613059335
"9057","weekly",6083,2964,0,15.3683032512636
"9058","weekly",6083,2965,0,15.9984271246358
"9059","weekly",6083,2966,0,16.6541383594013
"9060","weekly",6083,2967,0,17.3108653674863
"9061","weekly",6083,2968,0,17.9405837950471
"9062","weekly",6083,2969,0,18.5137246029335
"9063","weekly",6083,2970,0,19.0015951745736
"9064","weekly",6083,2971,0,19.3789294834423
"9065","weekly",6083,2972,0,19.6263687801984
"9066","weekly",6083,2973,0,19.7321870193409
"9067","weekly",6083,2974,0,19.6929572117951
"9068","weekly",6083,2975,0,19.5133567525918
"9069","weekly",6083,2976,0,19.2050177035126
"9070","weekly",6083,2977,0,18.7847693580115
"9071","weekly",6083,2978,0,18.2726369923912
"9072","weekly",6083,2979,0,17.6899340480013
"9073","weekly",6083,2980,0,17.0576884180482
"9074","weekly",6083,2981,0,16.3955192939466
"9075","weekly",6083,2982,0,15.7209677265928
"9076","weekly",6083,2983,0,15.0492054516653
"9077","weekly",6083,2984,0,14.3930094814714
"9078","weekly",6083,2985,0,13.7628885599406
"9079","weekly",6083,2986,0,13.167269441823
"9080","weekly",6083,2987,0,12.6126828104025
"9081","weekly",6083,2988,0,12.1039198413782
"9082","weekly",6083,2989,0,11.6441544830595
"9083","weekly",6083,2990,0,11.2350411916123
"9084","weekly",6083,2991,0,10.8768041395233
"9085","weekly",6083,2992,0,10.568334606578
"9086","weekly",6083,2993,0,10.3073114292201
"9087","weekly",6083,2994,0,10.0903571298113
"9088","weekly",6083,2995,0,9.91324021718174
"9089","weekly",6083,2996,0,9.77113122845185
"9090","weekly",6083,2997,0,9.65891473674856
"9091","weekly",6083,2998,0,9.57155052972666
"9092","weekly",6083,2999,0,9.50446470720635
"9093","weekly",6083,3000,0,9.453937874845
"9094","weekly",6083,3001,0,9.41744701781136
"9095","weekly",6083,3002,0,9.39391452353448
"9096","weekly",6083,3003,0,9.3838250717381
"9097","weekly",6083,3004,0,9.38918829296017
"9098","weekly",6083,3005,0,9.4133480443852
"9099","weekly",6083,3006,0,9.46066135422734
"9100","weekly",6083,3007,0,9.53608530240308
"9101","weekly",6083,3008,0,9.6447149606247
"9102","weekly",6083,3009,0,9.7913107232016
"9103","weekly",6083,3010,0,9.97984310115862
"9104","weekly",6083,3011,0,10.2130729513738
"9105","weekly",6083,3012,0,10.4921798718715
"9106","weekly",6083,3013,0,10.8164531103539
"9107","weekly",6083,3014,0,11.1830664000881
"9108","weekly",6083,3015,0,11.5869504997245
"9109","weekly",6083,3016,0,12.0208574901044
"9110","weekly",6083,3017,0,12.4755693701445
"9111","weekly",6083,3018,0,12.9402500523138
"9112","weekly",6083,3019,0,13.402995397526
"9113","weekly",6083,3020,0,13.8514626406395
"9114","weekly",6083,3021,0,14.2735121658479
"9115","weekly",6083,3022,0,14.6577745008981
"9116","weekly",6083,3023,0,14.9940739528247
"9117","weekly",6083,3024,0,15.2736791894131
"9118","weekly",6083,3025,0,15.4893991232821
"9119","weekly",6083,3026,0,15.6355845891085
"9120","weekly",6083,3027,0,15.708118798997
"9121","weekly",6083,3028,0,15.704474596103
"9122","weekly",6083,3029,0,15.6238845024054
"9123","weekly",6083,3030,0,15.4676189539896
"9124","weekly",6083,3031,0,15.2393134122976
"9125","weekly",6083,3032,0,14.9452431626705
"9126","weekly",6083,3033,0,14.5944303047872
"9127","weekly",6083,3034,0,14.1984882360994
"9128","weekly",6083,3035,0,13.7712000444444
"9129","weekly",6083,3036,0,13.3277948613686
"9130","weekly",6083,3037,0,12.8838474217482
"9131","weekly",6083,3038,0,12.454381537289
"9132","weekly",6083,3039,0,12.0530682270328
"9133","weekly",6083,3040,0,11.6914852318005
"9134","weekly",6083,3041,0,11.378637177957
"9135","weekly",6083,3042,0,11.1207259272196
"9136","weekly",6083,3043,0,10.9211300875613
"9137","weekly",6083,3044,0,10.7805391981383
"9138","weekly",6083,3045,0,10.697194255059
"9139","weekly",6083,3046,0,10.6672058637341
"9140","weekly",6083,3047,0,10.6849442001112
"9141","weekly",6083,3048,0,10.7435107232159
"9142","weekly",6083,3049,0,10.8353025257966
"9143","weekly",6083,3050,0,10.9526637224189
"9144","weekly",6083,3051,0,11.0885882397852
"9145","weekly",6083,3052,0,11.2374049110513
"9146","weekly",6083,3053,0,11.3953523700184
"9147","weekly",6083,3054,0,11.5609495464014
"9148","weekly",6083,3055,0,11.7350919189048
"9149","weekly",6083,3056,0,11.9208483880357
"9150","weekly",6083,3057,0,12.1229850307136
"9151","weekly",6083,3058,0,12.3472846476216
"9152","weekly",6083,3059,0,12.5997545489809
"9153","weekly",6083,3060,0,12.8858179677773
"9154","weekly",6083,3061,0,13.2095732166053
"9155","weekly",6083,3062,0,13.5731887249713
"9156","weekly",6083,3063,0,13.9764885596815
"9157","weekly",6083,3064,0,14.4167732027272
"9158","weekly",6083,3065,0,14.8889094323822
"9159","weekly",6083,3066,0,15.3857033001841
"9160","weekly",6083,3067,0,15.8984142951958
"9161","weekly",6083,3068,0,16.4178139199066
"9162","weekly",6083,3069,0,16.9351056652522
"9163","weekly",6083,3070,0,17.4424995095033
"9164","weekly",6083,3071,0,17.9338854858215
"9165","weekly",6083,3072,0,18.4050078265718
"9166","weekly",6083,3073,0,18.8531909751473
"9167","weekly",6083,3074,0,19.2766476346587
"9168","weekly",6083,3075,0,19.6734899479488
"9169","weekly",6083,3076,0,20.0406355766318
"9170","weekly",6083,3077,0,20.3728397131345
"9171","weekly",6083,3078,0,20.6620881843701
"9172","weekly",6083,3079,0,20.8975547348236
"9173","weekly",6083,3080,0,21.0662549512053
"9174","weekly",6083,3081,0,21.1544177832839
"9175","weekly",6083,3082,0,21.1494485472213
"9176","weekly",6083,3083,0,21.0421972452605
"9177","weekly",6083,3084,0,20.8291161517554
"9178","weekly",6083,3085,0,20.5138442021707
"9179","weekly",6083,3086,0,20.1078320474917
"9180","weekly",6083,3087,0,19.6298184019979
"9181","weekly",6083,3088,0,19.1042335489183
"9182","weekly",6083,3089,0,18.5588702614041
"9183","weekly",6083,3090,0,18.0222614648665
"9184","weekly",6083,3091,0,17.5212414094276
"9185","weekly",6083,3092,0,17.0790407272871
"9186","weekly",6083,3093,0,16.7140598653496
"9187","weekly",6083,3094,0,16.4392973456124
"9188","weekly",6083,3095,0,16.2622943067545
"9189","weekly",6083,3096,0,16.185421369024
"9190","weekly",6083,3097,0,16.2063644985028
"9191","weekly",6083,3098,0,16.318732966698
"9192","weekly",6083,3099,0,16.5127811234124
"9193","weekly",6083,3100,0,16.776278705307
"9194","weekly",6083,3101,0,17.0955650890828
"9195","weekly",6083,3102,0,17.4567792318994
"9196","weekly",6083,3103,0,17.8471833202057
"9197","weekly",6083,3104,0,18.2564224200905
"9198","weekly",6083,3105,0,18.6775175128423
"9199","weekly",6083,3106,0,19.1073991985759
"9200","weekly",6083,3107,0,19.5468573757389
"9201","weekly",6083,3108,0,19.9998884652014
"9202","weekly",6083,3109,0,20.4725325914042
"9203","weekly",6083,3110,0,20.9713774380798
"9204","weekly",6083,3111,0,21.502117182783
"9205","weekly",6083,3112,0,22.0677195917669
"9206","weekly",6083,3113,0,22.6672283085936
"9207","weekly",6083,3114,0,23.2954089944251
"9208","weekly",6083,3115,0,23.9425102381356
"9209","weekly",6083,3116,0,24.5949021965644
"9210","weekly",6083,3117,0,25.2364180906734
"9211","weekly",6083,3118,0,25.8502706108266
"9212","weekly",6083,3119,0,26.4212761188974
"9213","weekly",6083,3120,0,26.9380034446222
"9214","weekly",6083,3121,0,27.3944195895892
"9215","weekly",6083,3122,0,27.7906648086209
"9216","weekly",6083,3123,0,28.1327507492388
"9217","weekly",6083,3124,0,28.4311936186714
"9218","weekly",6083,3125,0,28.6988039077842
"9219","weekly",6083,3126,0,28.9479983530618
"9220","weekly",6083,3127,0,29.188055605031
"9221","weekly",6083,3128,0,29.4227192036487
"9222","weekly",6083,3129,0,29.6484951528837
"9223","weekly",6083,3130,0,29.8539261596597
"9224","weekly",6083,3131,0,30.0200546777924
"9225","weekly",6083,3132,0,30.1221889108856
"9226","weekly",6083,3133,0,30.1329261609062
"9227","weekly",6083,3134,0,30.0261524847447
"9228","weekly",6083,3135,0,29.7814609179914
"9229","weekly",6083,3136,0,29.3882021307654
"9230","weekly",6083,3137,0,28.848316863674
"9231","weekly",6083,3138,0,28.1772799520695
"9232","weekly",6083,3139,0,27.4028977483831
"9233","weekly",6083,3140,0,26.5622271908796
"9234","weekly",6083,3141,0,25.697289861957
"9235","weekly",6083,3142,0,24.8505232298048
"9236","weekly",6083,3143,0,24.0607913279382
"9237","weekly",6083,3144,0,23.3604728519858
"9238","weekly",6083,3145,0,22.7738057321258
"9239","weekly",6083,3146,0,22.3163563224953
"9240","weekly",6083,3147,0,21.9953157900891
"9241","weekly",6083,3148,0,21.8103066023323
"9242","weekly",6083,3149,0,21.7544619965047
"9243","weekly",6083,3150,0,21.8156586704717
"9244","weekly",6083,3151,0,21.9778816978505
"9245","weekly",6083,3152,0,22.2227443772572
"9246","weekly",6083,3153,0,22.5311625803297
"9247","weekly",6083,3154,0,22.8851067538344
"9248","weekly",6083,3155,0,23.2692599574366
"9249","weekly",6083,3156,0,23.6723421567003
"9250","weekly",6083,3157,0,24.0878568328626
"9251","weekly",6083,3158,0,24.514088418422
"9252","weekly",6083,3159,0,24.9533091870253
"9253","weekly",6083,3160,0,25.4103008222446
"9254","weekly",6083,3161,0,25.8904161452811
"9255","weekly",6083,3162,0,26.397475499849
"9256","weekly",6083,3163,0,26.9318099479133
"9257","weekly",6083,3164,0,27.4886736439657
"9258","weekly",6083,3165,0,28.0575572170201
"9259","weekly",6083,3166,0,28.6222905829927
"9260","weekly",6083,3167,0,29.1620155522833
"9261","weekly",6083,3168,0,29.6533486597473
"9262","weekly",6083,3169,0,30.0732721494278
"9263","weekly",6083,3170,0,30.402392541364
"9264","weekly",6083,3171,0,30.6279812697758
"9265","weekly",6083,3172,0,30.7461684259761
"9266","weekly",6083,3173,0,30.7627859676868
"9267","weekly",6083,3174,0,30.6926342054212
"9268","weekly",6083,3175,0,30.5572914567165
"9269","weekly",6083,3176,0,30.381886808842
"9270","weekly",6083,3177,0,30.1914192695549
"9271","weekly",6083,3178,0,30.0072074505151
"9272","weekly",6083,3179,0,29.8439346047235
"9273","weekly",6083,3180,0,29.7075923902739
"9274","weekly",6083,3181,0,29.594492264383
"9275","weekly",6083,3182,0,29.4914338315139
"9276","weekly",6083,3183,0,29.3770744620124
"9277","weekly",6083,3184,0,29.2244826178357
"9278","weekly",6083,3185,0,29.0047284323373
"9279","weekly",6083,3186,0,28.691155978333
"9280","weekly",6083,3187,0,28.2637393299665
"9281","weekly",6083,3188,0,27.7127505134849
"9282","weekly",6083,3189,0,27.0409749455284
"9283","weekly",6083,3190,0,26.2639580393734
"9284","weekly",6083,3191,0,25.4082094806363
"9285","weekly",6083,3192,0,24.5077825844055
"9286","weekly",6083,3193,0,23.6000046652625
"9287","weekly",6083,3194,0,22.7212379807024
"9288","weekly",6083,3195,0,21.9033929458237
"9289","weekly",6083,3196,0,21.171595139167
"9290","weekly",6083,3197,0,20.5430666237953
"9291","weekly",6083,3198,0,20.0270335095411
"9292","weekly",6083,3199,0,19.625362069899
"9293","weekly",6083,3200,0,19.3336380296678
"9294","weekly",6083,3201,0,19.142484957265
"9295","weekly",6083,3202,0,19.0390099023352
"9296","weekly",6083,3203,0,19.0083247597213
"9297","weekly",6083,3204,0,19.0351018187939
"9298","weekly",6083,3205,0,19.1050877752132
"9299","weekly",6083,3206,0,19.2064475611842
"9300","weekly",6083,3207,0,19.3307715469855
"9301","weekly",6083,3208,0,19.4736023616279
"9302","weekly",6083,3209,0,19.6343056460901
"9303","weekly",6083,3210,0,19.8153715060616
"9304","weekly",6083,3211,0,20.0212373887189
"9305","weekly",6083,3212,0,20.2567162910127
"9306","weekly",6083,3213,0,20.5253280647448
"9307","weekly",6083,3214,0,20.8277386062546
"9308","weekly",6083,3215,0,21.1605172852578
"9309","weekly",6083,3216,0,21.515401494602
"9310","weekly",6083,3217,0,21.8792308339907
"9311","weekly",6083,3218,0,22.2346682800271
"9312","weekly",6083,3219,0,22.5617403966025
"9313","weekly",6083,3220,0,22.8400911724602
"9314","weekly",6083,3221,0,23.0516691996309
"9315","weekly",6083,3222,0,23.1834040555696
"9316","weekly",6083,3223,0,23.2293437596527
"9317","weekly",6083,3224,0,23.1917777273047
"9318","weekly",6083,3225,0,23.0810673533124
"9319","weekly",6083,3226,0,22.9141945003357
"9320","weekly",6083,3227,0,22.7123189434351
"9321","weekly",6083,3228,0,22.4978153698903
"9322","weekly",6083,3229,0,22.2912941414979
"9323","weekly",6083,3230,0,22.1090180770261
"9324","weekly",6083,3231,0,21.9609756948776
"9325","weekly",6083,3232,0,21.8497316267458
"9326","weekly",6083,3233,0,21.7700911404681
"9327","weekly",6083,3234,0,21.7095892251818
"9328","weekly",6083,3235,0,21.6498109659879
"9329","weekly",6083,3236,0,21.5685195198166
"9330","weekly",6083,3237,0,21.4424733923224
"9331","weekly",6083,3238,0,21.250654800795
"9332","weekly",6083,3239,0,20.977452714229
"9333","weekly",6083,3240,0,20.615231003816
"9334","weekly",6083,3241,0,20.1657455872628
"9335","weekly",6083,3242,0,19.6400851289509
"9336","weekly",6083,3243,0,19.0571472884913
"9337","weekly",6083,3244,0,18.4410095591738
"9338","weekly",6083,3245,0,17.8177831561188
"9339","weekly",6083,3246,0,17.2125773720618
"9340","weekly",6083,3247,0,16.6470633761783
"9341","weekly",6083,3248,0,16.1378914483939
"9342","weekly",6083,3249,0,15.6959832522261
"9343","weekly",6083,3250,0,15.3265616120188
"9344","weekly",6083,3251,0,15.0297162076167
"9345","weekly",6083,3252,0,14.8013150962652
"9346","weekly",6083,3253,0,14.634119760507
"9347","weekly",6083,3254,0,14.5190077175794
"9348","weekly",6083,3255,0,14.4462286477501
"9349","weekly",6083,3256,0,14.4066137239279
"9350","weekly",6083,3257,0,14.3926360993064
"9351","weekly",6083,3258,0,14.3992047180072
"9352","weekly",6083,3259,0,14.4240830098279
"9353","weekly",6083,3260,0,14.4678659656784
"9354","weekly",6083,3261,0,14.533389770746
"9355","weekly",6083,3262,0,14.6251364210038
"9356","weekly",6083,3263,0,14.7481517617416
"9357","weekly",6083,3264,0,14.906608948455
"9358","weekly",6083,3265,0,15.1027789490181
"9359","weekly",6083,3266,0,15.3360578211723
"9360","weekly",6083,3267,0,15.602291096613
"9361","weekly",6083,3268,0,15.8935084075201
"9362","weekly",6083,3269,0,16.1981702018238
"9363","weekly",6083,3270,0,16.501995083614
"9364","weekly",6083,3271,0,16.7893634222855
"9365","weekly",6083,3272,0,17.0451776053233
"9366","weekly",6083,3273,0,17.2569242276659
"9367","weekly",6083,3274,0,17.416575230629
"9368","weekly",6083,3275,0,17.5219365501252
"9369","weekly",6083,3276,0,17.5771353355085
"9370","weekly",6083,3277,0,17.5921167445485
"9371","weekly",6083,3278,0,17.5812404276803
"9372","weekly",6083,3279,0,17.5612484630547
"9373","weekly",6083,3280,0,17.5489638076106
"9374","weekly",6083,3281,0,17.5590602576558
"9375","weekly",6083,3282,0,17.6021556786145
"9376","weekly",6083,3283,0,17.6833757356508
"9377","weekly",6083,3284,0,17.8014630806283
"9378","weekly",6083,3285,0,17.9484855282353
"9379","weekly",6083,3286,0,18.110211047373
"9380","weekly",6083,3287,0,18.2672276498051
"9381","weekly",6083,3288,0,18.3968465939688
"9382","weekly",6083,3289,0,18.4757091779902
"9383","weekly",6083,3290,0,18.4828312866157
"9384","weekly",6083,3291,0,18.402624219365
"9385","weekly",6083,3292,0,18.2273154298309
"9386","weekly",6083,3293,0,17.9582385474641
"9387","weekly",6083,3294,0,17.6056884697464
"9388","weekly",6083,3295,0,17.1873804258066
"9389","weekly",6083,3296,0,16.7258852712694
"9390","weekly",6083,3297,0,16.2456268022361
"9391","weekly",6083,3298,0,15.7700361664174
"9392","weekly",6083,3299,0,15.3192989691161
"9393","weekly",6083,3300,0,14.9089243554336
"9394","weekly",6083,3301,0,14.5491446637898
"9395","weekly",6083,3302,0,14.2450071583735
"9396","weekly",6083,3303,0,13.9969701803348
"9397","weekly",6083,3304,0,13.8019121522375
"9398","weekly",6083,3305,0,13.654061860143
"9399","weekly",6083,3306,0,13.5461937492364
"9400","weekly",6083,3307,0,13.4709758416284
"9401","weekly",6083,3308,0,13.4219411835657
"9402","weekly",6083,3309,0,13.394336229132
"9403","weekly",6083,3310,0,13.3856568957854
"9404","weekly",6083,3311,0,13.3958038344281
"9405","weekly",6083,3312,0,13.4268399146677
"9406","weekly",6083,3313,0,13.48239307935
"9407","weekly",6083,3314,0,13.5667989880603
"9408","weekly",6083,3315,0,13.6841076143028
"9409","weekly",6083,3316,0,13.837084349565
"9410","weekly",6083,3317,0,14.0263273065793
"9411","weekly",6083,3318,0,14.2496099082928
"9412","weekly",6083,3319,0,14.5015482389717
"9413","weekly",6083,3320,0,14.7736827422341
"9414","weekly",6083,3321,0,15.0550409600546
"9415","weekly",6083,3322,0,15.3331968023267
"9416","weekly",6083,3323,0,15.5957554474589
"9417","weekly",6083,3324,0,15.8320831275487
"9418","weekly",6083,3325,0,16.0350005640648
"9419","weekly",6083,3326,0,16.20211122607
"9420","weekly",6083,3327,0,16.3364737794036
"9421","weekly",6083,3328,0,16.4464529840916
"9422","weekly",6083,3329,0,16.5447571381228
"9423","weekly",6083,3330,0,16.6468320706335
"9424","weekly",6083,3331,0,16.7688776772993
"9425","weekly",6083,3332,0,16.9257623510784
"9426","weekly",6083,3333,0,17.129053044162
"9427","weekly",6083,3334,0,17.385299952788
"9428","weekly",6083,3335,0,17.6946622521791
"9429","weekly",6083,3336,0,18.049961845245
"9430","weekly",6083,3337,0,18.436300947913
"9431","weekly",6083,3338,0,18.8314401776006
"9432","weekly",6083,3339,0,19.2071493425174
"9433","weekly",6083,3340,0,19.5316564411332
"9434","weekly",6083,3341,0,19.7731055315817
"9435","weekly",6083,3342,0,19.9036259620334
"9436","weekly",6083,3343,0,19.9033180586121
"9437","weekly",6083,3344,0,19.7633147413726
"9438","weekly",6083,3345,0,19.4871921949962
"9439","weekly",6083,3346,0,19.0903779050859
"9440","weekly",6083,3347,0,18.5977169557591
"9441","weekly",6083,3348,0,18.0398125993088
"9442","weekly",6083,3349,0,17.4489878858731
"9443","weekly",6083,3350,0,16.8556512897485
"9444","weekly",6083,3351,0,16.2856270008779
"9445","weekly",6083,3352,0,15.7586430231459
"9446","weekly",6083,3353,0,15.287887472281
"9447","weekly",6083,3354,0,14.8803932839364
"9448","weekly",6083,3355,0,14.537958577188
"9449","weekly",6083,3356,0,14.2583457725996
"9450","weekly",6083,3357,0,14.0365193444595
"9451","weekly",6083,3358,0,13.8659934595926
"9452","weekly",6083,3359,0,13.739955011697
"9453","weekly",6083,3360,0,13.6520914025314
"9454","weekly",6083,3361,0,13.5973021392711
"9455","weekly",6083,3362,0,13.5720552062849
"9456","weekly",6083,3363,0,13.5744131981628
"9457","weekly",6083,3364,0,13.603743871965
"9458","weekly",6083,3365,0,13.6601707541849
"9459","weekly",6083,3366,0,13.7438545166806
"9460","weekly",6083,3367,0,13.8542184787511
"9461","weekly",6083,3368,0,13.9892407174339
"9462","weekly",6083,3369,0,14.1449334749486
"9463","weekly",6083,3370,0,14.3151198640408
"9464","weekly",6083,3371,0,14.4915960733488
"9465","weekly",6083,3372,0,14.6647278410965
"9466","weekly",6083,3373,0,14.8244666506653
"9467","weekly",6083,3374,0,14.9616855955683
"9468","weekly",6083,3375,0,15.0696430396929
"9469","weekly",6083,3376,0,15.1453135148622
"9470","weekly",6083,3377,0,15.1903122176882
"9471","weekly",6083,3378,0,15.2112001606147
"9472","weekly",6083,3379,0,15.2190810948669
"9473","weekly",6083,3380,0,15.2285492747033
"9474","weekly",6083,3381,0,15.2561669918941
"9475","weekly",6083,3382,0,15.318703206518
"9476","weekly",6083,3383,0,15.4313415294455
"9477","weekly",6083,3384,0,15.6059925119625
"9478","weekly",6083,3385,0,15.8497660713037
"9479","weekly",6083,3386,0,16.1636182793882
"9480","weekly",6083,3387,0,16.541208409617
"9481","weekly",6083,3388,0,16.9680862029491
"9482","weekly",6083,3389,0,17.42144539929
"9483","weekly",6083,3390,0,17.8707702303655
"9484","weekly",6083,3391,0,18.2796938743559
"9485","weekly",6083,3392,0,18.6092202597938
"9486","weekly",6083,3393,0,18.822123392456
"9487","weekly",6083,3394,0,18.8879094616859
"9488","weekly",6083,3395,0,18.7873701287026
"9489","weekly",6083,3396,0,18.515658236458
"9490","weekly",6083,3397,0,18.0830865938915
"9491","weekly",6083,3398,0,17.5134292299626
"9492","weekly",6083,3399,0,16.8401772906072
"9493","weekly",6083,3400,0,16.1017021275475
"9494","weekly",6083,3401,0,15.3364862442832
"9495","weekly",6083,3402,0,14.5790883151931
"9496","weekly",6083,3403,0,13.8576458182652
"9497","weekly",6083,3404,0,13.1929303588695
"9498","weekly",6083,3405,0,12.5984144598478
"9499","weekly",6083,3406,0,12.0811867210432
"9500","weekly",6083,3407,0,11.643254231778
"9501","weekly",6083,3408,0,11.2829232692602
"9502","weekly",6083,3409,0,10.9960618925397
"9503","weekly",6083,3410,0,10.7771446091938
"9504","weekly",6083,3411,0,10.6200445885479
"9505","weekly",6083,3412,0,10.5185745661729
"9506","weekly",6083,3413,0,10.4667933094315
"9507","weekly",6083,3414,0,10.4591011467564
"9508","weekly",6083,3415,0,10.4901537995029
"9509","weekly",6083,3416,0,10.5546328826458
"9510","weekly",6083,3417,0,10.6469247294008
"9511","weekly",6083,3418,0,10.7607749206072
"9512","weekly",6083,3419,0,10.8890006241854
"9513","weekly",6083,3420,0,11.0233516561275
"9514","weekly",6083,3421,0,11.1546076696541
"9515","weekly",6083,3422,0,11.2729760785296
"9516","weekly",6083,3423,0,11.3688083067245
"9517","weekly",6083,3424,0,11.4335823456349
"9518","weekly",6083,3425,0,11.4610197393049
"9519","weekly",6083,3426,0,11.4481384818209
"9520","weekly",6083,3427,0,11.3960179373971
"9521","weekly",6083,3428,0,11.3100875426026
"9522","weekly",6083,3429,0,11.1998460552131
"9523","weekly",6083,3430,0,11.0780448995938
"9524","weekly",6083,3431,0,10.959483752551
"9525","weekly",6083,3432,0,10.8596285046951
"9526","weekly",6083,3433,0,10.7932532934647
"9527","weekly",6083,3434,0,10.7732411750185
"9528","weekly",6083,3435,0,10.8095855290885
"9529","weekly",6083,3436,0,10.9085553052428
"9530","weekly",6083,3437,0,11.0719515871897
"9531","weekly",6083,3438,0,11.2964045903354
"9532","weekly",6083,3439,0,11.572736308357
"9533","weekly",6083,3440,0,11.8855257948453
"9534","weekly",6083,3441,0,12.2131260727474
"9535","weekly",6083,3442,0,12.5284426806029
"9536","weekly",6083,3443,0,12.8007367410464
"9537","weekly",6083,3444,0,12.9985220836825
"9538","weekly",6083,3445,0,13.0933023203979
"9539","weekly",6083,3446,0,13.0635331625526
"9540","weekly",6083,3447,0,12.8979512250226
"9541","weekly",6083,3448,0,12.5974283433752
"9542","weekly",6083,3449,0,12.1748372118745
"9543","weekly",6083,3450,0,11.6529494792339
"9544","weekly",6083,3451,0,11.0609208794194
"9545","weekly",6083,3452,0,10.4302391235251
"9546","weekly",6083,3453,0,9.79101886387798
"9547","weekly",6083,3454,0,9.16919291272643
"9548","weekly",6083,3455,0,8.58517971102265
"9549","weekly",6083,3456,0,8.05350196830113
"9550","weekly",6083,3457,0,7.58311610633973
"9551","weekly",6083,3458,0,7.17846759725944
"9552","weekly",6083,3459,0,6.840628936945
"9553","weekly",6083,3460,0,6.56837949671899
"9554","weekly",6083,3461,0,6.3590995541017
"9555","weekly",6083,3462,0,6.2094276798889
"9556","weekly",6083,3463,0,6.11567966660368
"9557","weekly",6083,3464,0,6.07405228290008
"9558","weekly",6083,3465,0,6.0806446938077
"9559","weekly",6083,3466,0,6.13133293332066
"9560","weekly",6083,3467,0,6.22153512915247
"9561","weekly",6083,3468,0,6.34591163130244
"9562","weekly",6083,3469,0,6.49805641054991
"9563","weekly",6083,3470,0,6.67025240245857
"9564","weekly",6083,3471,0,6.8533782393788
"9565","weekly",6083,3472,0,7.03705750228255
"9566","weekly",6083,3473,0,7.21012275313842
"9567","weekly",6083,3474,0,7.36141657532426
"9568","weekly",6083,3475,0,7.48087182446034
"9569","weekly",6083,3476,0,7.56071993583464
"9570","weekly",6083,3477,0,7.59660093236016
"9571","weekly",6083,3478,0,7.58832742078812
"9572","weekly",6083,3479,0,7.54010908055352
"9573","weekly",6083,3480,0,7.46016576839611
"9574","weekly",6083,3481,0,7.35980646306416
"9575","weekly",6083,3482,0,7.25217290798901
"9576","weekly",6083,3483,0,7.15089773188811
"9577","weekly",6083,3484,0,7.06889584820601
"9578","weekly",6083,3485,0,7.01741781432065
"9579","weekly",6083,3486,0,7.00538597162813
"9580","weekly",6083,3487,0,7.03894796117675
"9581","weekly",6083,3488,0,7.12114131235285
"9582","weekly",6083,3489,0,7.25157297210535
"9583","weekly",6083,3490,0,7.42607176938327
"9584","weekly",6083,3491,0,7.63635535916546
"9585","weekly",6083,3492,0,7.8698455147096
"9586","weekly",6083,3493,0,8.10983822066919
"9587","weekly",6083,3494,0,8.33625210105674
"9588","weekly",6083,3495,0,8.52710681522149
"9589","weekly",6083,3496,0,8.66071093446226
"9590","weekly",6083,3497,0,8.71833653573412
"9591","weekly",6083,3498,0,8.68674357171403
"9592","weekly",6083,3499,0,8.56015713736997
"9593","weekly",6083,3500,0,8.34119510147138
"9594","weekly",6083,3501,0,8.04032726254081
"9595","weekly",6083,3502,0,7.67416179191787
"9596","weekly",6083,3503,0,7.26296779490076
"9597","weekly",6083,3504,0,6.82802284386707
"9598","weekly",6083,3505,0,6.38931831144146
"9599","weekly",6083,3506,0,5.96395923325326
"9600","weekly",6083,3507,0,5.56535739565152
"9601","weekly",6083,3508,0,5.20312247733818
"9602","weekly",6083,3509,0,4.88344893179601
"9603","weekly",6083,3510,0,4.60977399439435
"9604","weekly",6083,3511,0,4.38351675859303
"9605","weekly",6083,3512,0,4.20476659035194
"9606","weekly",6083,3513,0,4.07284627345507
"9607","weekly",6083,3514,0,3.98671828757506
"9608","weekly",6083,3515,0,3.94522857043194
"9609","weekly",6083,3516,0,3.94719401342445
"9610","weekly",6083,3517,0,3.99134337218129
"9611","weekly",6083,3518,0,4.07612240934395
"9612","weekly",6083,3519,0,4.19937876661425
"9613","weekly",6083,3520,0,4.35795513031189
"9614","weekly",6083,3521,0,4.54724335289211
"9615","weekly",6083,3522,0,4.76078566096839
"9616","weekly",6083,3523,0,4.99004340497777
"9617","weekly",6083,3524,0,5.2244724954362
"9618","weekly",6083,3525,0,5.4520263466402
"9619","weekly",6083,3526,0,5.66013500737608
"9620","weekly",6083,3527,0,5.83708498204942
"9621","weekly",6083,3528,0,5.97357919244678
"9622","weekly",6083,3529,0,6.06414738178137
"9623","weekly",6083,3530,0,6.10806257562945
"9624","weekly",6083,3531,0,6.10952456467203
"9625","weekly",6083,3532,0,6.07706661708653
"9626","weekly",6083,3533,0,6.02235018866486
"9627","weekly",6083,3534,0,5.95865083232638
"9628","weekly",6083,3535,0,5.89936058872263
"9629","weekly",6083,3536,0,5.85674824309535
"9630","weekly",6083,3537,0,5.84108126701904
"9631","weekly",6083,3538,0,5.86008308493183
"9632","weekly",6083,3539,0,5.9186184174614
"9633","weekly",6083,3540,0,6.01848134485772
"9634","weekly",6083,3541,0,6.15819705181639
"9635","weekly",6083,3542,0,6.33282005254296
"9636","weekly",6083,3543,0,6.53379666688852
"9637","weekly",6083,3544,0,6.74903278975398
"9638","weekly",6083,3545,0,6.96334181143902
"9639","weekly",6083,3546,0,7.15941565061803
"9640","weekly",6083,3547,0,7.31935195310507
"9641","weekly",6083,3548,0,7.42660003071069
"9642","weekly",6083,3549,0,7.46801103401231
"9643","weekly",6083,3550,0,7.43552683616872
"9644","weekly",6083,3551,0,7.3272808479087
"9645","weekly",6083,3552,0,7.1476624130446
"9646","weekly",6083,3553,0,6.90635476884199
"9647","weekly",6083,3554,0,6.61681066601886
"9648","weekly",6083,3555,0,6.29438787710387
"9649","weekly",6083,3556,0,5.95457959992927
"9650","weekly",6083,3557,0,5.61152956183651
"9651","weekly",6083,3558,0,5.27730487682857
"9652","weekly",6083,3559,0,4.96163416199852
"9653","weekly",6083,3560,0,4.6718031289638
"9654","weekly",6083,3561,0,4.41291464335518
"9655","weekly",6083,3562,0,4.18835772923194
"9656","weekly",6083,3563,0,4.00027831486659
"9657","weekly",6083,3564,0,3.84999854973285
"9658","weekly",6083,3565,0,3.73835341728409
"9659","weekly",6083,3566,0,3.66593050904339
"9660","weekly",6083,3567,0,3.6332073850499
"9661","weekly",6083,3568,0,3.64058220313746
"9662","weekly",6083,3569,0,3.68829077004921
"9663","weekly",6083,3570,0,3.77620142974774
"9664","weekly",6083,3571,0,3.90348348685075
"9665","weekly",6083,3572,0,4.06816053448711
"9666","weekly",6083,3573,0,4.26659111594199
"9667","weekly",6083,3574,0,4.49296515146852
"9668","weekly",6083,3575,0,4.73895633622305
"9669","weekly",6083,3576,0,4.99370731721865
"9670","weekly",6083,3577,0,5.24431577359792
"9671","weekly",6083,3578,0,5.47690865420736
"9672","weekly",6083,3579,0,5.67823589919135
"9673","weekly",6083,3580,0,5.83752301460481
"9674","weekly",6083,3581,0,5.94817179159145
"9675","weekly",6083,3582,0,6.00887301185867
"9676","weekly",6083,3583,0,6.02383043974987
"9677","weekly",6083,3584,0,6.00204868402216
"9678","weekly",6083,3585,0,5.95590204885229
"9679","weekly",6083,3586,0,5.89936645692796
"9680","weekly",6083,3587,0,5.84630804840708
"9681","weekly",6083,3588,0,5.80910423284513
"9682","weekly",6083,3589,0,5.79770066714264
"9683","weekly",6083,3590,0,5.81905864155851
"9684","weekly",6083,3591,0,5.87686787440907
"9685","weekly",6083,3592,0,5.97139733340009
"9686","weekly",6083,3593,0,6.09941257283208
"9687","weekly",6083,3594,0,6.25420290566399
"9688","weekly",6083,3595,0,6.42568938259501
"9689","weekly",6083,3596,0,6.60090097956709
"9690","weekly",6083,3597,0,6.76494558664854
"9691","weekly",6083,3598,0,6.90234728128416
"9692","weekly",6083,3599,0,6.99875472884742
"9693","weekly",6083,3600,0,7.04271422457532
"9694","weekly",6083,3601,0,7.02713846962433
"9695","weekly",6083,3602,0,6.95012820023112
"9696","weekly",6083,3603,0,6.81495597719913
"9697","weekly",6083,3604,0,6.62924565467983
"9698","weekly",6083,3605,0,6.40358781858231
"9699","weekly",6083,3606,0,6.14994366135215
"9700","weekly",6083,3607,0,5.88018005018239
"9701","weekly",6083,3608,0,5.60497438951279
"9702","weekly",6083,3609,0,5.33318652273738
"9703","weekly",6083,3610,0,5.07167033394217
"9704","weekly",6083,3611,0,4.82541976243374
"9705","weekly",6083,3612,0,4.59791619691532
"9706","weekly",6083,3613,0,4.39155378160649
"9707","weekly",6083,3614,0,4.20804866275284
"9708","weekly",6083,3615,0,4.04877332167234
"9709","weekly",6083,3616,0,3.91498896182748
"9710","weekly",6083,3617,0,3.80797293389332
"9711","weekly",6083,3618,0,3.72905265758163
"9712","weekly",6083,3619,0,3.67956246965332
"9713","weekly",6083,3620,0,3.66073688754113
"9714","weekly",6083,3621,0,3.67354613236967
"9715","weekly",6083,3622,0,3.71847198964679
"9716","weekly",6083,3623,0,3.79521958605619
"9717","weekly",6083,3624,0,3.90236863240716
"9718","weekly",6083,3625,0,4.0369896821212
"9719","weekly",6083,3626,0,4.1942865808378
"9720","weekly",6083,3627,0,4.36736815044424
"9721","weekly",6083,3628,0,4.54728358919965
"9722","weekly",6083,3629,0,4.72345283100731
"9723","weekly",6083,3630,0,4.88456257976941
"9724","weekly",6083,3631,0,5.01987636290141
"9725","weekly",6083,3632,0,5.1207516778959
"9726","weekly",6083,3633,0,5.18203135172371
"9727","weekly",6083,3634,0,5.20294924109476
"9728","weekly",6083,3635,0,5.18729681312107
"9729","weekly",6083,3636,0,5.14280574547593
"9730","weekly",6083,3637,0,5.07992500808905
"9731","weekly",6083,3638,0,5.01031365507515
"9732","weekly",6083,3639,0,4.9453835049062
"9733","weekly",6083,3640,0,4.89512701763306
"9734","weekly",6083,3641,0,4.8673188846733
"9735","weekly",6083,3642,0,4.86705335834995
"9736","weekly",6083,3643,0,4.89651433218387
"9737","weekly",6083,3644,0,4.95487831768696
"9738","weekly",6083,3645,0,5.03830389317591
"9739","weekly",6083,3646,0,5.14003579871496
"9740","weekly",6083,3647,0,5.25066799714114
"9741","weekly",6083,3648,0,5.35886424014461
"9742","weekly",6083,3649,0,5.45238560606958
"9743","weekly",6083,3650,0,5.51937137267669
"9744","weekly",6083,3651,0,5.5499232102884
"9745","weekly",6083,3652,0,5.53750389651395
"9746","weekly",6083,3653,0,5.47985578054795
"9747","weekly",6083,3654,0,5.37919539082213
"9748","weekly",6083,3655,0,5.24163628375391
"9749","weekly",6083,3656,0,5.07600844401168
"9750","weekly",6083,3657,0,4.89238933543675
"9751","weekly",6083,3658,0,4.70068881538464
"9752","weekly",6083,3659,0,4.50954845341039
"9753","weekly",6083,3660,0,4.32568009768147
"9754","weekly",6083,3661,0,4.15364013865474
"9755","weekly",6083,3662,0,3.99595289342687
"9756","weekly",6083,3663,0,3.85346562636551
"9757","weekly",6083,3664,0,3.72582415430225
"9758","weekly",6083,3665,0,3.6119808962103
"9759","weekly",6083,3666,0,3.51067095049075
"9760","weekly",6083,3667,0,3.42080991077819
"9761","weekly",6083,3668,0,3.34178074964439
"9762","weekly",6083,3669,0,3.27359029519721
"9763","weekly",6083,3670,0,3.2168912657653
"9764","weekly",6083,3671,0,3.17288246320095
"9765","weekly",6083,3672,0,3.14311344191083
"9766","weekly",6083,3673,0,3.12922644495848
"9767","weekly",6083,3674,0,3.1326661981584
"9768","weekly",6083,3675,0,3.15438012432423
"9769","weekly",6083,3676,0,3.19452378456481
"9770","weekly",6083,3677,0,3.25218548509292
"9771","weekly",6083,3678,0,3.3251539960329
"9772","weekly",6083,3679,0,3.40977296320489
"9773","weekly",6083,3680,0,3.50094687216915
"9774","weekly",6083,3681,0,3.59237215772737
"9775","weekly",6083,3682,0,3.67704700375907
"9776","weekly",6083,3683,0,3.74805491926963
"9777","weekly",6083,3684,0,3.79952795308782
"9778","weekly",6083,3685,0,3.8276056466857
"9779","weekly",6083,3686,0,3.83115976961562
"9780","weekly",6083,3687,0,3.8120873963926
"9781","weekly",6083,3688,0,3.77508594162646
"9782","weekly",6083,3689,0,3.72697105447878
"9783","weekly",6083,3690,0,3.67573286304832
"9784","weekly",6083,3691,0,3.62949438326177
"9785","weekly",6083,3692,0,3.59563302231254
"9786","weekly",6083,3693,0,3.58015419568983
"9787","weekly",6083,3694,0,3.58724009955768
"9788","weekly",6083,3695,0,3.6189719256945
"9789","weekly",6083,3696,0,3.67513780316222
"9790","weekly",6083,3697,0,3.75309042018489
"9791","weekly",6083,3698,0,3.84768189978786
"9792","weekly",6083,3699,0,3.95136885510874
"9793","weekly",6083,3700,0,4.05461683421163
"9794","weekly",6083,3701,0,4.14671028024168
"9795","weekly",6083,3702,0,4.21697579545435
"9796","weekly",6083,3703,0,4.25627027091105
"9797","weekly",6083,3704,0,4.25843067458482
"9798","weekly",6083,3705,0,4.22131134051597
"9799","weekly",6083,3706,0,4.14710616224329
"9800","weekly",6083,3707,0,4.04185632892768
"9801","weekly",6083,3708,0,3.91429341179901
"9802","weekly",6083,3709,0,3.77434975688811
"9803","weekly",6083,3710,0,3.63171110022813
"9804","weekly",6083,3711,0,3.49469576432602
"9805","weekly",6083,3712,0,3.36958734673681
"9806","weekly",6083,3713,0,3.26040175542585
"9807","weekly",6083,3714,0,3.16898330135155
"9808","weekly",6083,3715,0,3.09530678542797
"9809","weekly",6083,3716,0,3.03788337748847
"9810","weekly",6083,3717,0,2.99421159914345
"9811","weekly",6083,3718,0,2.96124565848731
"9812","weekly",6083,3719,0,2.93586291791871
"9813","weekly",6083,3720,0,2.91530593979405
"9814","weekly",6083,3721,0,2.89755908650113
"9815","weekly",6083,3722,0,2.8816098778334
"9816","weekly",6083,3723,0,2.86755189852556
"9817","weekly",6083,3724,0,2.85651067653089
"9818","weekly",6083,3725,0,2.85040803192533
"9819","weekly",6083,3726,0,2.85160987474956
"9820","weekly",6083,3727,0,2.86251603387063
"9821","weekly",6083,3728,0,2.88514623726951
"9822","weekly",6083,3729,0,2.92076120566344
"9823","weekly",6083,3730,0,2.96954393197666
"9824","weekly",6083,3731,0,3.03036329156021
"9825","weekly",6083,3732,0,3.10065240081167
"9826","weekly",6083,3733,0,3.17645043038647
"9827","weekly",6083,3734,0,3.2526638993877
"9828","weekly",6083,3735,0,3.32358468289021
"9829","weekly",6083,3736,0,3.38364738956443
"9830","weekly",6083,3737,0,3.42832688405178
"9831","weekly",6083,3738,0,3.45499826146988
"9832","weekly",6083,3739,0,3.46354904325563
"9833","weekly",6083,3740,0,3.45657658571145
"9834","weekly",6083,3741,0,3.43911596178077
"9835","weekly",6083,3742,0,3.41797861759551
"9836","weekly",6083,3743,0,3.40085597810685
"9837","weekly",6083,3744,0,3.3954740363406
"9838","weekly",6083,3745,0,3.40882758048247
"9839","weekly",6083,3746,0,3.44653861882398
"9840","weekly",6083,3747,0,3.51241231535096
"9841","weekly",6083,3748,0,3.60802586586215
"9842","weekly",6083,3749,0,3.73231229907833
"9843","weekly",6083,3750,0,3.88114886675612
"9844","weekly",6083,3751,0,4.0470605083683
"9845","weekly",6083,3752,0,4.21924495199346
"9846","weekly",6083,3753,0,4.3841642694897
"9847","weekly",6083,3754,0,4.52687197449268
"9848","weekly",6083,3755,0,4.63303135620663
"9849","weekly",6083,3756,0,4.69128090635058
"9850","weekly",6083,3757,0,4.69535130105214
"9851","weekly",6083,3758,0,4.64529413048876
"9852","weekly",6083,3759,0,4.54741893519531
"9853","weekly",6083,3760,0,4.41296545095975
"9854","weekly",6083,3761,0,4.2559527392732
"9855","weekly",6083,3762,0,4.09084817621624
"9856","weekly",6083,3763,0,3.93062499820371
"9857","weekly",6083,3764,0,3.7855180115148
"9858","weekly",6083,3765,0,3.66250109995599
"9859","weekly",6083,3766,0,3.56531938508851
"9860","weekly",6083,3767,0,3.4948465480411
"9861","weekly",6083,3768,0,3.44958394981222
"9862","weekly",6083,3769,0,3.42619978645234
"9863","weekly",6083,3770,0,3.42008412789437
"9864","weekly",6083,3771,0,3.42594006282161
"9865","weekly",6083,3772,0,3.43842730924371
"9866","weekly",6083,3773,0,3.45283454837045
"9867","weekly",6083,3774,0,3.46570371440612
"9868","weekly",6083,3775,0,3.4752943594649
"9869","weekly",6083,3776,0,3.48178336638375
"9870","weekly",6083,3777,0,3.48714800304151
"9871","weekly",6083,3778,0,3.49475686845835
"9872","weekly",6083,3779,0,3.50875890863244
"9873","weekly",6083,3780,0,3.53338851383887
"9874","weekly",6083,3781,0,3.57229078400997
"9875","weekly",6083,3782,0,3.62793363287346
"9876","weekly",6083,3783,0,3.70113951474195
"9877","weekly",6083,3784,0,3.79075921798358
"9878","weekly",6083,3785,0,3.89352675504051
"9879","weekly",6083,3786,0,4.0041631020722
"9880","weekly",6083,3787,0,4.11582480443758
"9881","weekly",6083,3788,0,4.22088539367542
"9882","weekly",6083,3789,0,4.31208368812804
"9883","weekly",6083,3790,0,4.38387082875124
"9884","weekly",6083,3791,0,4.43359358079033
"9885","weekly",6083,3792,0,4.46226736332756
"9886","weekly",6083,3793,0,4.47470896237064
"9887","weekly",6083,3794,0,4.47900309224497
"9888","weekly",6083,3795,0,4.4854720646108
"9889","weekly",6083,3796,0,4.50542701644008
"9890","weekly",6083,3797,0,4.54996049645706
"9891","weekly",6083,3798,0,4.62892140226904
"9892","weekly",6083,3799,0,4.75006533696433
"9893","weekly",6083,3800,0,4.91826782698627
"9894","weekly",6083,3801,0,5.13466912173317
"9895","weekly",6083,3802,0,5.39570165026817
"9896","weekly",6083,3803,0,5.69212272652658
"9897","weekly",6083,3804,0,6.00839240275673
"9898","weekly",6083,3805,0,6.32291054810048
"9899","weekly",6083,3806,0,6.6096269156842
"9900","weekly",6083,3807,0,6.84124430935481
"9901","weekly",6083,3808,0,6.99364965115092
"9902","weekly",6083,3809,0,7.05054220426246
"9903","weekly",6083,3810,0,7.00685577548575
"9904","weekly",6083,3811,0,6.86980076896725
"9905","weekly",6083,3812,0,6.65716321283253
"9906","weekly",6083,3813,0,6.39349353589932
"9907","weekly",6083,3814,0,6.10547617916018
"9908","weekly",6083,3815,0,5.8178053193551
"9909","weekly",6083,3816,0,5.55040683841798
"9910","weekly",6083,3817,0,5.31719398664427
"9911","weekly",6083,3818,0,5.12605217951932
"9912","weekly",6083,3819,0,4.97955388721311
"9913","weekly",6083,3820,0,4.87596091508749
"9914","weekly",6083,3821,0,4.81025064838468
"9915","weekly",6083,3822,0,4.77508714669966
"9916","weekly",6083,3823,0,4.76177653716877
"9917","weekly",6083,3824,0,4.76127370150061
"9918","weekly",6083,3825,0,4.76525322333327
"9919","weekly",6083,3826,0,4.76715918592527
"9920","weekly",6083,3827,0,4.76306172649493
"9921","weekly",6083,3828,0,4.75212721221033
"9922","weekly",6083,3829,0,4.73657625893247
"9923","weekly",6083,3830,0,4.72113362804521
"9924","weekly",6083,3831,0,4.71210425192839
"9925","weekly",6083,3832,0,4.71628018500633
"9926","weekly",6083,3833,0,4.73987213004148
"9927","weekly",6083,3834,0,4.78759062688914
"9928","weekly",6083,3835,0,4.86192538100295
"9929","weekly",6083,3836,0,4.96263007781818
"9930","weekly",6083,3837,0,5.08643124846276
"9931","weekly",6083,3838,0,5.22702874449897
"9932","weekly",6083,3839,0,5.37550272454973
"9933","weekly",6083,3840,0,5.52119958668482
"9934","weekly",6083,3841,0,5.65326450369321
"9935","weekly",6083,3842,0,5.76248386022053
"9936","weekly",6083,3843,0,5.8430699351884
"9937","weekly",6083,3844,0,5.89411639655009
"9938","weekly",6083,3845,0,5.92018012650078
"9939","weekly",6083,3846,0,5.93086749102804
"9940","weekly",6083,3847,0,5.93957565832534
"9941","weekly",6083,3848,0,5.96176438758266
"9942","weekly",6083,3849,0,6.01317378893145
"9943","weekly",6083,3850,0,6.10826540805283
"9944","weekly",6083,3851,0,6.25894200842595
"9945","weekly",6083,3852,0,6.47341180942021
"9946","weekly",6083,3853,0,6.75498913321644
"9947","weekly",6083,3854,0,7.10070094038383
"9948","weekly",6083,3855,0,7.49979260691907
"9949","weekly",6083,3856,0,7.9325486800517
"9950","weekly",6083,3857,0,8.37015205004718
"9951","weekly",6083,3858,0,8.77640784558025
"9952","weekly",6083,3859,0,9.11184739784221
"9953","weekly",6083,3860,0,9.33993063552771
"9954","weekly",6083,3861,0,9.43401947751408
"9955","weekly",6083,3862,0,9.38304765435169
"9956","weekly",6083,3863,0,9.19392181496369
"9957","weekly",6083,3864,0,8.88977526410599
"9958","weekly",6083,3865,0,8.50474658049643
"9959","weekly",6083,3866,0,8.07713580186828
"9960","weekly",6083,3867,0,7.64303315142752
"9961","weekly",6083,3868,0,7.23187042385689
"9962","weekly",6083,3869,0,6.8643323383294
"9963","weekly",6083,3870,0,6.55223856927478
"9964","weekly",6083,3871,0,6.29963684020913
"9965","weekly",6083,3872,0,6.1043911871966
"9966","weekly",6083,3873,0,5.95981007514638
"9967","weekly",6083,3874,0,5.85614383616485
"9968","weekly",6083,3875,0,5.78197378275217
"9969","weekly",6083,3876,0,5.72557695355499
"9970","weekly",6083,3877,0,5.67629593465244
"9971","weekly",6083,3878,0,5.62582519336138
"9972","weekly",6083,3879,0,5.56921859530848
"9973","weekly",6083,3880,0,5.50539715291234
"9974","weekly",6083,3881,0,5.43702060362557
"9975","weekly",6083,3882,0,5.36974784199265
"9976","weekly",6083,3883,0,5.31110236755922
"9977","weekly",6083,3884,0,5.26907783947536
"9978","weekly",6083,3885,0,5.25089317810489
"9979","weekly",6083,3886,0,5.26203380030347
"9980","weekly",6083,3887,0,5.30545708182035
"9981","weekly",6083,3888,0,5.38107664903509
"9982","weekly",6083,3889,0,5.4854786809301
"9983","weekly",6083,3890,0,5.61191710463027
"9984","weekly",6083,3891,0,5.75070112058893
"9985","weekly",6083,3892,0,5.89010593245621
"9986","weekly",6083,3893,0,6.01785958139226
"9987","weekly",6083,3894,0,6.12307990255067
"9988","weekly",6083,3895,0,6.19831510269432
"9989","weekly",6083,3896,0,6.24119289717055
"9990","weekly",6083,3897,0,6.25521469919477
"9991","weekly",6083,3898,0,6.24946566703147
"9992","weekly",6083,3899,0,6.23735029896488
"9993","weekly",6083,3900,0,6.23473966692109
"9994","weekly",6083,3901,0,6.25800112361321
"9995","weekly",6083,3902,0,6.32226007399731
"9996","weekly",6083,3903,0,6.44000876680366
"9997","weekly",6083,3904,0,6.61995816326817
"9998","weekly",6083,3905,0,6.8659236424719
"9999","weekly",6083,3906,0,7.1755855755473
"10000","weekly",6083,3907,0,7.53916573460447
"10001","weekly",6083,3908,0,7.93836205531261
"10002","weekly",6083,3909,0,8.34618308840436
"10003","weekly",6083,3910,0,8.72844775821432
"10004","weekly",6083,3911,0,9.0474714654265
"10005","weekly",6083,3912,0,9.26776235827128
"10006","weekly",6083,3913,0,9.3625890215626
"10007","weekly",6083,3914,0,9.31953463400714
"10008","weekly",6083,3915,0,9.14315330603858
"10009","weekly",6083,3916,0,8.85376254073344
"10010","weekly",6083,3917,0,8.48283126109163
"10011","weekly",6083,3918,0,8.06659628401394
"10012","weekly",6083,3919,0,7.63988417678047
"10013","weekly",6083,3920,0,7.23160363017814
"10014","weekly",6083,3921,0,6.86244788518525
"10015","weekly",6083,3922,0,6.54453447664855
"10016","weekly",6083,3923,0,6.28230556851486
"10017","weekly",6083,3924,0,6.0740053410409
"10018","weekly",6083,3925,0,5.91327183914836
"10019","weekly",6083,3926,0,5.79065144716878
"10020","weekly",6083,3927,0,5.69503013099893
"10021","weekly",6083,3928,0,5.61503805281245
"10022","weekly",6083,3929,0,5.54043711652048
"10023","weekly",6083,3930,0,5.4633922643261
"10024","weekly",6083,3931,0,5.37943204582552
"10025","weekly",6083,3932,0,5.28788967357832
"10026","weekly",6083,3933,0,5.19170789781492
"10027","weekly",6083,3934,0,5.09665341017535
"10028","weekly",6083,3935,0,5.01013987654005
"10029","weekly",6083,3936,0,4.93988482886925
"10030","weekly",6083,3937,0,4.89281643068534
"10031","weekly",6083,3938,0,4.87414130088291
"10032","weekly",6083,3939,0,4.88660009298474
"10033","weekly",6083,3940,0,4.93009164175601
"10034","weekly",6083,3941,0,5.00145961166709
"10035","weekly",6083,3942,0,5.09450927239959
"10036","weekly",6083,3943,0,5.20034613084863
"10037","weekly",6083,3944,0,5.30815542774508
"10038","weekly",6083,3945,0,5.40648510816391
"10039","weekly",6083,3946,0,5.48494476798805
"10040","weekly",6083,3947,0,5.53603529121028
"10041","weekly",6083,3948,0,5.55667627920047
"10042","weekly",6083,3949,0,5.54900268220808
"10043","weekly",6083,3950,0,5.52019203521195
"10044","weekly",6083,3951,0,5.48138501180802
"10045","weekly",6083,3952,0,5.44602811633376
"10046","weekly",6083,3953,0,5.42807246974553
"10047","weekly",6083,3954,0,5.44037868257146
"10048","weekly",6083,3955,0,5.49347782350378
"10049","weekly",6083,3956,0,5.59463732223958
"10050","weekly",6083,3957,0,5.74706932503614
"10051","weekly",6083,3958,0,5.94913596403785
"10052","weekly",6083,3959,0,6.1935429861478
"10053","weekly",6083,3960,0,6.46672743657837
"10054","weekly",6083,3961,0,6.74885814025765
"10055","weekly",6083,3962,0,7.01496182149276
"10056","weekly",6083,3963,0,7.23753388534533
"10057","weekly",6083,3964,0,7.39053374217474
"10058","weekly",6083,3965,0,7.45401709745056
"10059","weekly",6083,3966,0,7.41813417393132
"10060","weekly",6083,3967,0,7.28518136346247
"10061","weekly",6083,3968,0,7.06897343246965
"10062","weekly",6083,3969,0,6.79176203618408
"10063","weekly",6083,3970,0,6.47976565069985
"10064","weekly",6083,3971,0,6.15868215347291
"10065","weekly",6083,3972,0,5.85026534841745
"10066","weekly",6083,3973,0,5.57042986436863
"10067","weekly",6083,3974,0,5.32876678270986
"10068","weekly",6083,3975,0,5.12903046252904
"10069","weekly",6083,3976,0,4.9701160385448
"10070","weekly",6083,3977,0,4.84719312519883
"10071","weekly",6083,3978,0,4.75284137169365
"10072","weekly",6083,3979,0,4.6781723301392
"10073","weekly",6083,3980,0,4.61399359456846
"10074","weekly",6083,3981,0,4.5519288344658
"10075","weekly",6083,3982,0,4.48550928270561
"10076","weekly",6083,3983,0,4.41105755517492
"10077","weekly",6083,3984,0,4.32807473262073
"10078","weekly",6083,3985,0,4.23910775454715
"10079","weekly",6083,3986,0,4.14910578832496
"10080","weekly",6083,3987,0,4.064432445477
"10081","weekly",6083,3988,0,3.99176798824919
"10082","weekly",6083,3989,0,3.93711116968188
"10083","weekly",6083,3990,0,3.90500171607709
"10084","weekly",6083,3991,0,3.89798615183099
"10085","weekly",6083,3992,0,3.91628908197163
"10086","weekly",6083,3993,0,3.957648745185
"10087","weekly",6083,3994,0,4.01731949471286
"10088","weekly",6083,3995,0,4.08830369185307
"10089","weekly",6083,3996,0,4.16191015695222
"10090","weekly",6083,3997,0,4.22870802838588
"10091","weekly",6083,3998,0,4.27983821340604
"10092","weekly",6083,3999,0,4.30848651414271
"10093","weekly",6083,4000,0,4.31118556187721
"10094","weekly",6083,4001,0,4.28858426856459
"10095","weekly",6083,4002,0,4.2454482652538
"10096","weekly",6083,4003,0,4.1898915671045
"10097","weekly",6083,4004,0,4.13207582678297
"10098","weekly",6083,4005,0,4.08273500832729
"10099","weekly",6083,4006,0,4.05184665380511
"10100","weekly",6083,4007,0,4.04762093717
"10101","weekly",6083,4008,0,4.07580706028966
"10102","weekly",6083,4009,0,4.13920370460255
"10103","weekly",6083,4010,0,4.23724349134136
"10104","weekly",6083,4011,0,4.36559636186576
"10105","weekly",6083,4012,0,4.51587199434289
"10106","weekly",6083,4013,0,4.67564549116651
"10107","weekly",6083,4014,0,4.82911238484667
"10108","weekly",6083,4015,0,4.95861913723638
"10109","weekly",6083,4016,0,5.0470681466395
"10110","weekly",6083,4017,0,5.08081108453916
"10111","weekly",6083,4018,0,5.05229179046
"10112","weekly",6083,4019,0,4.96160374072497
"10113","weekly",6083,4020,0,4.81641147763003
"10114","weekly",6083,4021,0,4.63025187744643
"10115","weekly",6083,4022,0,4.41979350222391
"10116","weekly",6083,4023,0,4.20190636860207
"10117","weekly",6083,4024,0,3.99128681884031
"10118","weekly",6083,4025,0,3.79902191957808
"10119","weekly",6083,4026,0,3.63209067322896
"10120","weekly",6083,4027,0,3.49355361584458
"10121","weekly",6083,4028,0,3.3831214181846
"10122","weekly",6083,4029,0,3.29786420776509
"10123","weekly",6083,4030,0,3.23294281962444
"10124","weekly",6083,4031,0,3.18234327316168
"10125","weekly",6083,4032,0,3.13964024864254
"10126","weekly",6083,4033,0,3.09877481521107
"10127","weekly",6083,4034,0,3.05488706569304
"10128","weekly",6083,4035,0,3.00497206233558
"10129","weekly",6083,4036,0,2.94821828987915
"10130","weekly",6083,4037,0,2.88603923562914
"10131","weekly",6083,4038,0,2.82170030815178
"10132","weekly",6083,4039,0,2.75966213396168
"10133","weekly",6083,4040,0,2.70480417634826
"10134","weekly",6083,4041,0,2.66169071343029
"10135","weekly",6083,4042,0,2.63398352666991
"10136","weekly",6083,4043,0,2.62402990876581
"10137","weekly",6083,4044,0,2.63259943088633
"10138","weekly",6083,4045,0,2.65872910965118
"10139","weekly",6083,4046,0,2.69966281708912
"10140","weekly",6083,4047,0,2.75091859270469
"10141","weekly",6083,4048,0,2.80655860336265
"10142","weekly",6083,4049,0,2.85973996997927
"10143","weekly",6083,4050,0,2.90356877597515
"10144","weekly",6083,4051,0,2.93216835852945
"10145","weekly",6083,4052,0,2.94174814538565
"10146","weekly",6083,4053,0,2.93138970149448
"10147","weekly",6083,4054,0,2.90330939900014
"10148","weekly",6083,4055,0,2.86251210485352
"10149","weekly",6083,4056,0,2.8159479725
"10150","weekly",6083,4057,0,2.77142611710588
"10151","weekly",6083,4058,0,2.73656113501056
"10152","weekly",6083,4059,0,2.71793922604411
"10153","weekly",6083,4060,0,2.72055340500083
"10154","weekly",6083,4061,0,2.7474435553595
"10155","weekly",6083,4062,0,2.79943002236541
"10156","weekly",6083,4063,0,2.87485631453455
"10157","weekly",6083,4064,0,2.96934029698605
"10158","weekly",6083,4065,0,3.0756433258648
"10159","weekly",6083,4066,0,3.18385951069649
"10160","weekly",6083,4067,0,3.28214637789642
"10161","weekly",6083,4068,0,3.35811180481687
"10162","weekly",6083,4069,0,3.40073387182201
"10163","weekly",6083,4070,0,3.40240001573693
"10164","weekly",6083,4071,0,3.36046598214307
"10165","weekly",6083,4072,0,3.27779896583525
"10166","weekly",6083,4073,0,3.16209933857317
"10167","weekly",6083,4074,0,3.02423671510769
"10168","weekly",6083,4075,0,2.8761564771703
"10169","weekly",6083,4076,0,2.72898303772672
"10170","weekly",6083,4077,0,2.59164578537457
"10171","weekly",6083,4078,0,2.47025665672845
"10172","weekly",6083,4079,0,2.36801866715541
"10173","weekly",6083,4080,0,2.28568343009101
"10174","weekly",6083,4081,0,2.22201569215395
"10175","weekly",6083,4082,0,2.17420190683333
"10176","weekly",6083,4083,0,2.1383674282115
"10177","weekly",6083,4084,0,2.11010635877028
"10178","weekly",6083,4085,0,2.08503411134006
"10179","weekly",6083,4086,0,2.05935574282194
"10180","weekly",6083,4087,0,2.03038804896642
"10181","weekly",6083,4088,0,1.99693540218868
"10182","weekly",6083,4089,0,1.95942470573937
"10183","weekly",6083,4090,0,1.919758985925
"10184","weekly",6083,4091,0,1.88092864779173
"10185","weekly",6083,4092,0,1.84648445548373
"10186","weekly",6083,4093,0,1.81999584354344
"10187","weekly",6083,4094,0,1.80458866877598
"10188","weekly",6083,4095,0,1.80260049557546
"10189","weekly",6083,4096,0,1.8153404352488
"10190","weekly",6083,4097,0,1.84291721749469
"10191","weekly",6083,4098,0,1.88411017390899
"10192","weekly",6083,4099,0,1.93629531646729
"10193","weekly",6083,4100,0,1.99548461509403
"10194","weekly",6083,4101,0,2.05656586171244
"10195","weekly",6083,4102,0,2.11381667316891
"10196","weekly",6083,4103,0,2.16169414101751
"10197","weekly",6083,4104,0,2.19578537356574
"10198","weekly",6083,4105,0,2.2136944901722
"10199","weekly",6083,4106,0,2.21560640219832
"10200","weekly",6083,4107,0,2.20434685453074
"10201","weekly",6083,4108,0,2.18492573039839
"10202","weekly",6083,4109,0,2.16372236210736
"10203","weekly",6083,4110,0,2.1475599562109
"10204","weekly",6083,4111,0,2.14288790145656
"10205","weekly",6083,4112,0,2.15518012520624
"10206","weekly",6083,4113,0,2.18853313758154
"10207","weekly",6083,4114,0,2.24536636998528
"10208","weekly",6083,4115,0,2.32611487284885
"10209","weekly",6083,4116,0,2.4288581039873
"10210","weekly",6083,4117,0,2.54893145043752
"10211","weekly",6083,4118,0,2.67869010448339
"10212","weekly",6083,4119,0,2.80768875751528
"10213","weekly",6083,4120,0,2.92353590403218
"10214","weekly",6083,4121,0,3.01351850709761
"10215","weekly",6083,4122,0,3.06678093629307
"10216","weekly",6083,4123,0,3.07650622021174
"10217","weekly",6083,4124,0,3.04139128897805
"10218","weekly",6083,4125,0,2.96587888797512
"10219","weekly",6083,4126,0,2.85906207980588
"10220","weekly",6083,4127,0,2.73267401225166
"10221","weekly",6083,4128,0,2.59884787534247
"10222","weekly",6083,4129,0,2.46825169326621
"10223","weekly",6083,4130,0,2.34901071459171
"10224","weekly",6083,4131,0,2.24631791870343
"10225","weekly",6083,4132,0,2.16254094685428
"10226","weekly",6083,4133,0,2.09766837809002
"10227","weekly",6083,4134,0,2.04982682975242
"10228","weekly",6083,4135,0,2.01579934501206
"10229","weekly",6083,4136,0,1.99153740968904
"10230","weekly",6083,4137,0,1.97269508067984
"10231","weekly",6083,4138,0,1.95519929239526
"10232","weekly",6083,4139,0,1.93582089201664
"10233","weekly",6083,4140,0,1.9126575634582
"10234","weekly",6083,4141,0,1.88541833273484
"10235","weekly",6083,4142,0,1.85543112302548
"10236","weekly",6083,4143,0,1.82537049645907
"10237","weekly",6083,4144,0,1.79878470802214
"10238","weekly",6083,4145,0,1.77954721459537
"10239","weekly",6083,4146,0,1.77134823630331
"10240","weekly",6083,4147,0,1.77728978410596
"10241","weekly",6083,4148,0,1.7995855002082
"10242","weekly",6083,4149,0,1.83932599023683
"10243","weekly",6083,4150,0,1.89626732750912
"10244","weekly",6083,4151,0,1.96863473948906
"10245","weekly",6083,4152,0,2.05299178065616
"10246","weekly",6083,4153,0,2.144283033791
"10247","weekly",6083,4154,0,2.23618138756137
"10248","weekly",6083,4155,0,2.32182508471305
"10249","weekly",6083,4156,0,2.3949040848529
"10250","weekly",6083,4157,0,2.45088750365539
"10251","weekly",6083,4158,0,2.48805996510782
"10252","weekly",6083,4159,0,2.50804321168107
"10253","weekly",6083,4160,0,2.51564244186739
"10254","weekly",6083,4161,0,2.51809823181247
"10255","weekly",6083,4162,0,2.52401453215862
"10256","weekly",6083,4163,0,2.54227740789065
"10257","weekly",6083,4164,0,2.58117803678033
"10258","weekly",6083,4165,0,2.64778358381591
"10259","weekly",6083,4166,0,2.74745184683707
"10260","weekly",6083,4167,0,2.88331756420666
"10261","weekly",6083,4168,0,3.05560790657182
"10262","weekly",6083,4169,0,3.26076752395602
"10263","weekly",6083,4170,0,3.49057075096061
"10264","weekly",6083,4171,0,3.73162024453632
"10265","weekly",6083,4172,0,3.96577214394347
"10266","weekly",6083,4173,0,4.17195806922973
"10267","weekly",6083,4174,0,4.32937124697492
"10268","weekly",6083,4175,0,4.42147665505763
"10269","weekly",6083,4176,0,4.43965485625085
"10270","weekly",6083,4177,0,4.38509817354497
"10271","weekly",6083,4178,0,4.26831034009228
"10272","weekly",6083,4179,0,4.1064347262145
"10273","weekly",6083,4180,0,3.91945549001684
"10274","weekly",6083,4181,0,3.72654134652112
"10275","weekly",6083,4182,0,3.54344175587175
"10276","weekly",6083,4183,0,3.38122741144616
"10277","weekly",6083,4184,0,3.24615639593685
"10278","weekly",6083,4185,0,3.1402243769553
"10279","weekly",6083,4186,0,3.06199264733004
"10280","weekly",6083,4187,0,3.00745184157859
"10281","weekly",6083,4188,0,2.97085140482523
"10282","weekly",6083,4189,0,2.94553111551795
"10283","weekly",6083,4190,0,2.92480637208791
"10284","weekly",6083,4191,0,2.90289713547099
"10285","weekly",6083,4192,0,2.87579423194984
"10286","weekly",6083,4193,0,2.84188753235503
"10287","weekly",6083,4194,0,2.80219066128484
"10288","weekly",6083,4195,0,2.76009576732758
"10289","weekly",6083,4196,0,2.72073330747662
"10290","weekly",6083,4197,0,2.69012081116671
"10291","weekly",6083,4198,0,2.67430728251929
"10292","weekly",6083,4199,0,2.67865631729364
"10293","weekly",6083,4200,0,2.70730743877357
"10294","weekly",6083,4201,0,2.76276927726576
"10295","weekly",6083,4202,0,2.84556838369463
"10296","weekly",6083,4203,0,2.95391303021461
"10297","weekly",6083,4204,0,3.08341748622479
"10298","weekly",6083,4205,0,3.22703479111078
"10299","weekly",6083,4206,0,3.37541264042375
"10300","weekly",6083,4207,0,3.51785658556037
"10301","weekly",6083,4208,0,3.64391939886264
"10302","weekly",6083,4209,0,3.74536728032399
"10303","weekly",6083,4210,0,3.81802521506324
"10304","weekly",6083,4211,0,3.86293596043834
"10305","weekly",6083,4212,0,3.88646381543367
"10306","weekly",6083,4213,0,3.89935619040625
"10307","weekly",6083,4214,0,3.91513633498107
"10308","weekly",6083,4215,0,3.94834879919654
"10309","weekly",6083,4216,0,4.01306768684299
"10310","weekly",6083,4217,0,4.12180809094571
"10311","weekly",6083,4218,0,4.28470912048942
"10312","weekly",6083,4219,0,4.50869769544806
"10313","weekly",6083,4220,0,4.79634315575822
"10314","weekly",6083,4221,0,5.14428000801126
"10315","weekly",6083,4222,0,5.54139695782214
"10316","weekly",6083,4223,0,5.96740865494939
"10317","weekly",6083,4224,0,6.39278579948586
"10318","weekly",6083,4225,0,6.78104668579181
"10319","weekly",6083,4226,0,7.09378287423169
"10320","weekly",6083,4227,0,7.29791932040825
"10321","weekly",6083,4228,0,7.37294777538045
"10322","weekly",6083,4229,0,7.31555441021919
"10323","weekly",6083,4230,0,7.14012050378369
"10324","weekly",6083,4231,0,6.87477841757936
"10325","weekly",6083,4232,0,6.55472270448809
"10326","weekly",6083,4233,0,6.21519929115311
"10327","weekly",6083,4234,0,5.88615331752226
"10328","weekly",6083,4235,0,5.5893765159708
"10329","weekly",6083,4236,0,5.33791432416183
"10330","weekly",6083,4237,0,5.13692930096295
"10331","weekly",6083,4238,0,4.9851929890865
"10332","weekly",6083,4239,0,4.87666336572147
"10333","weekly",6083,4240,0,4.80194808854139
"10334","weekly",6083,4241,0,4.74969568176311
"10335","weekly",6083,4242,0,4.70803633675678
"10336","weekly",6083,4243,0,4.66611994124833
"10337","weekly",6083,4244,0,4.61563325524912
"10338","weekly",6083,4245,0,4.55202259350335
"10339","weekly",6083,4246,0,4.47510812093969
"10340","weekly",6083,4247,0,4.38889940496301
"10341","weekly",6083,4248,0,4.30065930378623
"10342","weekly",6083,4249,0,4.21948974108091
"10343","weekly",6083,4250,0,4.15481091639958
"10344","weekly",6083,4251,0,4.11504144885112
"10345","weekly",6083,4252,0,4.10662154329475
"10346","weekly",6083,4253,0,4.13335624188767
"10347","weekly",6083,4254,0,4.19597016411717
"10348","weekly",6083,4255,0,4.29178497407702
"10349","weekly",6083,4256,0,4.41453442763304
"10350","weekly",6083,4257,0,4.55446558140102
"10351","weekly",6083,4258,0,4.69896451049135
"10352","weekly",6083,4259,0,4.83391204057261
"10353","weekly",6083,4260,0,4.94577400424168
"10354","weekly",6083,4261,0,5.0241027973243
"10355","weekly",6083,4262,0,5.06382435592241
"10356","weekly",6083,4263,0,5.0666063009121
"10357","weekly",6083,4264,0,5.04085527558345
"10358","weekly",6083,4265,0,5.00037826114567
"10359","weekly",6083,4266,0,4.96220452405396
"10360","weekly",6083,4267,0,4.94425727258204
"10361","weekly",6083,4268,0,4.96342209001887
"10362","weekly",6083,4269,0,5.03424923081184
"10363","weekly",6083,4270,0,5.16798879197449
"10364","weekly",6083,4271,0,5.37178746750578
"10365","weekly",6083,4272,0,5.6476856515219
"10366","weekly",6083,4273,0,5.99105086925556
"10367","weekly",6083,4274,0,6.38878404142451
"10368","weekly",6083,4275,0,6.81790169590386
"10369","weekly",6083,4276,0,7.24553361177095
"10370","weekly",6083,4277,0,7.63142613111995
"10371","weekly",6083,4278,0,7.93345451485948
"10372","weekly",6083,4279,0,8.11540686918306
"10373","weekly",6083,4280,0,8.1549091245688
"10374","weekly",6083,4281,0,8.04869992431486
"10375","weekly",6083,4282,0,7.81318630685564
"10376","weekly",6083,4283,0,7.48009230190655
"10377","weekly",6083,4284,0,7.08898220717674
"10378","weekly",6083,4285,0,6.67937355604954
"10379","weekly",6083,4286,0,6.28470733913127
"10380","weekly",6083,4287,0,5.9291642307071
"10381","weekly",6083,4288,0,5.62706744548632
"10382","weekly",6083,4289,0,5.38394362121471
"10383","weekly",6083,4290,0,5.19826906663366
"10384","weekly",6083,4291,0,5.06325296961586
"10385","weekly",6083,4292,0,4.96841210621642
"10386","weekly",6083,4293,0,4.90098906101775
"10387","weekly",6083,4294,0,4.84738551839837
"10388","weekly",6083,4295,0,4.79472543706652
"10389","weekly",6083,4296,0,4.73248429966043
"10390","weekly",6083,4297,0,4.65392100476311
"10391","weekly",6083,4298,0,4.55694981684792
"10392","weekly",6083,4299,0,4.44417199410964
"10393","weekly",6083,4300,0,4.32202929051709
"10394","weekly",6083,4301,0,4.19932105351472
"10395","weekly",6083,4302,0,4.0854953538219
"10396","weekly",6083,4303,0,3.98910927065299
"10397","weekly",6083,4304,0,3.91669399471721
"10398","weekly",6083,4305,0,3.87206543216598
"10399","weekly",6083,4306,0,3.8559904054855
"10400","weekly",6083,4307,0,3.86609467095695
"10401","weekly",6083,4308,0,3.89696467039175
"10402","weekly",6083,4309,0,3.94049662779435
"10403","weekly",6083,4310,0,3.9866174145136
"10404","weekly",6083,4311,0,4.02448111050762
"10405","weekly",6083,4312,0,4.0441058234137
"10406","weekly",6083,4313,0,4.03819396530162
"10407","weekly",6083,4314,0,4.00368595108739
"10408","weekly",6083,4315,0,3.94256778570707
"10409","weekly",6083,4316,0,3.86165282889851
"10410","weekly",6083,4317,0,3.7714117540454
"10411","weekly",6083,4318,0,3.6842474238947
"10412","weekly",6083,4319,0,3.61273376445752
"10413","weekly",6083,4320,0,3.56822008051677
"10414","weekly",6083,4321,0,3.5599425965047
"10415","weekly",6083,4322,0,3.59449415406561
"10416","weekly",6083,4323,0,3.67554074764485
"10417","weekly",6083,4324,0,3.80335550033487
"10418","weekly",6083,4325,0,3.97403237843537
"10419","weekly",6083,4326,0,4.17864947786438
"10420","weekly",6083,4327,0,4.40260321853566
"10421","weekly",6083,4328,0,4.62573740436346
"10422","weekly",6083,4329,0,4.82388430595165
"10423","weekly",6083,4330,0,4.97210377495503
"10424","weekly",6083,4331,0,5.04920446654432
"10425","weekly",6083,4332,0,5.04233376734192
"10426","weekly",6083,4333,0,4.95002867630683
"10427","weekly",6083,4334,0,4.78251305632875
"10428","weekly",6083,4335,0,4.55910495275748
"10429","weekly",6083,4336,0,4.30375833058497
"10430","weekly",6083,4337,0,4.04034078656696
"10431","weekly",6083,4338,0,3.78901074075839
"10432","weekly",6083,4339,0,3.56430516409455
"10433","weekly",6083,4340,0,3.37479254580103
"10434","weekly",6083,4341,0,3.22372875135625
"10435","weekly",6083,4342,0,3.11011369747575
"10436","weekly",6083,4343,0,3.02974275220186
"10437","weekly",6083,4344,0,2.97609837949858
"10438","weekly",6083,4345,0,2.9411217229208
"10439","weekly",6083,4346,0,2.91599456244148
"10440","weekly",6083,4347,0,2.89204140412039
"10441","weekly",6083,4348,0,2.86175204679603
"10442","weekly",6083,4349,0,2.81978027420701
"10443","weekly",6083,4350,0,2.76367297055549
"10444","weekly",6083,4351,0,2.69409574693418
"10445","weekly",6083,4352,0,2.61445852729958
"10446","weekly",6083,4353,0,2.53004236589186
"10447","weekly",6083,4354,0,2.44688180449884
"10448","weekly",6083,4355,0,2.37069110065931
"10449","weekly",6083,4356,0,2.30604016711004
"10450","weekly",6083,4357,0,2.25585219557979
"10451","weekly",6083,4358,0,2.22118506146944
"10452","weekly",6083,4359,0,2.20121459345683
"10453","weekly",6083,4360,0,2.19335792388301
"10454","weekly",6083,4361,0,2.19352874637116
"10455","weekly",6083,4362,0,2.19656300538918
"10456","weekly",6083,4363,0,2.19685776846018
"10457","weekly",6083,4364,0,2.18921015423257
"10458","weekly",6083,4365,0,2.16974140400998
"10459","weekly",6083,4366,0,2.13670551608084
"10460","weekly",6083,4367,0,2.0909002929402
"10461","weekly",6083,4368,0,2.03559124210733
"10462","weekly",6083,4369,0,1.97596646379679
"10463","weekly",6083,4370,0,1.9182540854672
"10464","weekly",6083,4371,0,1.86881307986914
"10465","weekly",6083,4372,0,1.83340216046781
"10466","weekly",6083,4373,0,1.81671609554905
"10467","weekly",6083,4374,0,1.82214529722114
"10468","weekly",6083,4375,0,1.85163232230116
"10469","weekly",6083,4376,0,1.90548791943002
"10470","weekly",6083,4377,0,1.9820827342046
"10471","weekly",6083,4378,0,2.07743354234844
"10472","weekly",6083,4379,0,2.18483490444487
"10473","weekly",6083,4380,0,2.29480964067625
"10474","weekly",6083,4381,0,2.39569408615353
"10475","weekly",6083,4382,0,2.47505349601852
"10476","weekly",6083,4383,0,2.5218099677877
"10477","weekly",6083,4384,0,2.52856245732983
"10478","weekly",6083,4385,0,2.49331846286077
"10479","weekly",6083,4386,0,2.41996056336211
"10480","weekly",6083,4387,0,2.31724922373542
"10481","weekly",6083,4388,0,2.19675913406536
"10482","weekly",6083,4389,0,2.07051272911485
"10483","weekly",6083,4390,0,1.94903749928926
"10484","weekly",6083,4391,0,1.84023437494761
"10485","weekly",6083,4392,0,1.74905188629054
"10486","weekly",6083,4393,0,1.67771216091933
"10487","weekly",6083,4394,0,1.62618231764645
"10488","weekly",6083,4395,0,1.5926663854043
"10489","weekly",6083,4396,0,1.57402093065321
"10490","weekly",6083,4397,0,1.56610845611431
"10491","weekly",6083,4398,0,1.56416407824145
"10492","weekly",6083,4399,0,1.5632527548878
"10493","weekly",6083,4400,0,1.55884028458968
"10494","weekly",6083,4401,0,1.54741361210472
"10495","weekly",6083,4402,0,1.52700773376273
"10496","weekly",6083,4403,0,1.49747664798633
"10497","weekly",6083,4404,0,1.46040782600176
"10498","weekly",6083,4405,0,1.41869829248753
"10499","weekly",6083,4406,0,1.37592273449991
"10500","weekly",6083,4407,0,1.33567207487067
"10501","weekly",6083,4408,0,1.30100998425041
"10502","weekly",6083,4409,0,1.27411659411155
"10503","weekly",6083,4410,0,1.25611219502753
"10504","weekly",6083,4411,0,1.24701309547527
"10505","weekly",6083,4412,0,1.24577365527512
"10506","weekly",6083,4413,0,1.25039812916657
"10507","weekly",6083,4414,0,1.25813969044248
"10508","weekly",6083,4415,0,1.26581863887259
"10509","weekly",6083,4416,0,1.27027188573265
"10510","weekly",6083,4417,0,1.2688919819193
"10511","weekly",6083,4418,0,1.26014921997557
"10512","weekly",6083,4419,0,1.24394662427949
"10513","weekly",6083,4420,0,1.22172239873908
"10514","weekly",6083,4421,0,1.19623199928901
"10515","weekly",6083,4422,0,1.1710876749712
"10516","weekly",6083,4423,0,1.1502389574016
"10517","weekly",6083,4424,0,1.13750592127326
"10518","weekly",6083,4425,0,1.13625108962879
"10519","weekly",6083,4426,0,1.14918497783947
"10520","weekly",6083,4427,0,1.17823696584674
"10521","weekly",6083,4428,0,1.22440021051443
"10522","weekly",6083,4429,0,1.2874791744398
"10523","weekly",6083,4430,0,1.36572682365659
"10524","weekly",6083,4431,0,1.45544879839872
"10525","weekly",6083,4432,0,1.55075510797906
"10526","weekly",6083,4433,0,1.64371082579601
"10527","weekly",6083,4434,0,1.72510620419052
"10528","weekly",6083,4435,0,1.7858802061528
"10529","weekly",6083,4436,0,1.8189217201143
"10530","weekly",6083,4437,0,1.82069235498784
"10531","weekly",6083,4438,0,1.7920653159963
"10532","weekly",6083,4439,0,1.73804616200505
"10533","weekly",6083,4440,0,1.66650324736838
"10534","weekly",6083,4441,0,1.58641546766739
"10535","weekly",6083,4442,0,1.50623657746473
"10536","weekly",6083,4443,0,1.43278329313034
"10537","weekly",6083,4444,0,1.3707490384113
"10538","weekly",6083,4445,0,1.32270721226814
"10539","weekly",6083,4446,0,1.28937707521254
"10540","weekly",6083,4447,0,1.26995891114348
"10541","weekly",6083,4448,0,1.26243728629197
"10542","weekly",6083,4449,0,1.26384455437073
"10543","weekly",6083,4450,0,1.2705379537656
"10544","weekly",6083,4451,0,1.27855767207802
"10545","weekly",6083,4452,0,1.28409763009404
"10546","weekly",6083,4453,0,1.28404886648059
"10547","weekly",6083,4454,0,1.27650100254687
"10548","weekly",6083,4455,0,1.2610549707606
"10549","weekly",6083,4456,0,1.23883890587604
"10550","weekly",6083,4457,0,1.21221652266104
"10551","weekly",6083,4458,0,1.18428223062074
"10552","weekly",6083,4459,0,1.15829376346665
"10553","weekly",6083,4460,0,1.13717894087313
"10554","weekly",6083,4461,0,1.12318962698919
"10555","weekly",6083,4462,0,1.11771483960911
"10556","weekly",6083,4463,0,1.12117767031305
"10557","weekly",6083,4464,0,1.13301917212084
"10558","weekly",6083,4465,0,1.15175174374599
"10559","weekly",6083,4466,0,1.17505682856427
"10560","weekly",6083,4467,0,1.20000695736962
"10561","weekly",6083,4468,0,1.22343822795665
"10562","weekly",6083,4469,0,1.24246208721888
"10563","weekly",6083,4470,0,1.2550340416783
"10564","weekly",6083,4471,0,1.26043808998656
"10565","weekly",6083,4472,0,1.25954162116977
"10566","weekly",6083,4473,0,1.25474268489052
"10567","weekly",6083,4474,0,1.24964094217285
"10568","weekly",6083,4475,0,1.24855582317105
"10569","weekly",6083,4476,0,1.25604170581209
"10570","weekly",6083,4477,0,1.27650397634716
"10571","weekly",6083,4478,0,1.31393468449824
"10572","weekly",6083,4479,0,1.37170609019813
"10573","weekly",6083,4480,0,1.45231491120649
"10574","weekly",6083,4481,0,1.55697225849144
"10575","weekly",6083,4482,0,1.68498960966826
"10576","weekly",6083,4483,0,1.83302353360341
"10577","weekly",6083,4484,0,1.99440076478641
"10578","weekly",6083,4485,0,2.15889902150957
"10579","weekly",6083,4486,0,2.31340145549621
"10580","weekly",6083,4487,0,2.44365477666724
"10581","weekly",6083,4488,0,2.53691998150316
"10582","weekly",6083,4489,0,2.58478498272598
"10583","weekly",6083,4490,0,2.58513978190604
"10584","weekly",6083,4491,0,2.54254800276249
"10585","weekly",6083,4492,0,2.46690993927768
"10586","weekly",6083,4493,0,2.37101248864201
"10587","weekly",6083,4494,0,2.26789383892901
"10588","weekly",6083,4495,0,2.16879704332678
"10589","weekly",6083,4496,0,2.08204736126936
"10590","weekly",6083,4497,0,2.01276641286677
"10591","weekly",6083,4498,0,1.96311686531408
"10592","weekly",6083,4499,0,1.93276493242593
"10593","weekly",6083,4500,0,1.91936483536847
"10594","weekly",6083,4501,0,1.91901139641413
"10595","weekly",6083,4502,0,1.92670978498063
"10596","weekly",6083,4503,0,1.93694472141215
"10597","weekly",6083,4504,0,1.94438985845773
"10598","weekly",6083,4505,0,1.94470205696416
"10599","weekly",6083,4506,0,1.93524380557938
"10600","weekly",6083,4507,0,1.91553305045818
"10601","weekly",6083,4508,0,1.88727329665562
"10602","weekly",6083,4509,0,1.85395096993307
"10603","weekly",6083,4510,0,1.82013120455667
"10604","weekly",6083,4511,0,1.79066062284983
"10605","weekly",6083,4512,0,1.76996552411583
"10606","weekly",6083,4513,0,1.7615453513281
"10607","weekly",6083,4514,0,1.76766361991758
"10608","weekly",6083,4515,0,1.78915885437164
"10609","weekly",6083,4516,0,1.82539965616888
"10610","weekly",6083,4517,0,1.87426831241464
"10611","weekly",6083,4518,0,1.93221119654481
"10612","weekly",6083,4519,0,1.99454454507213
"10613","weekly",6083,4520,0,2.05601274227956
"10614","weekly",6083,4521,0,2.11162216492812
"10615","weekly",6083,4522,0,2.15762989284121
"10616","weekly",6083,4523,0,2.19245280511677
"10617","weekly",6083,4524,0,2.21723473325255
"10618","weekly",6083,4525,0,2.23590588793741
"10619","weekly",6083,4526,0,2.25475084490608
"10620","weekly",6083,4527,0,2.2816700952244
"10621","weekly",6083,4528,0,2.32538445547107
"10622","weekly",6083,4529,0,2.39476813867805
"10623","weekly",6083,4530,0,2.49835248509771
"10624","weekly",6083,4531,0,2.64389227324864
"10625","weekly",6083,4532,0,2.83778770518256
"10626","weekly",6083,4533,0,3.08413972170092
"10627","weekly",6083,4534,0,3.38330778980162
"10628","weekly",6083,4535,0,3.73006153359893
"10629","weekly",6083,4536,0,4.11176660258207
"10630","weekly",6083,4537,0,4.5074258078821
"10631","weekly",6083,4538,0,4.88857768048183
"10632","weekly",6083,4539,0,5.22274079328054
"10633","weekly",6083,4540,0,5.47916193245328
"10634","weekly",6083,4541,0,5.63539757908438
"10635","weekly",6083,4542,0,5.68246389628621
"10636","weekly",6083,4543,0,5.62659256646293
"10637","weekly",6083,4544,0,5.4870096683153
"10638","weekly",6083,4545,0,5.29081198753556
"10639","weekly",6083,4546,0,5.06697293568868
"10640","weekly",6083,4547,0,4.8413611453434
"10641","weekly",6083,4548,0,4.63374821568141
"10642","weekly",6083,4549,0,4.45679623293108
"10643","weekly",6083,4550,0,4.31642901647137
"10644","weekly",6083,4551,0,4.21288746353821
"10645","weekly",6083,4552,0,4.14197686876287
"10646","weekly",6083,4553,0,4.09630253736395
"10647","weekly",6083,4554,0,4.06650491445907
"10648","weekly",6083,4555,0,4.04258046028554
"10649","weekly",6083,4556,0,4.0153096987633
"10650","weekly",6083,4557,0,3.97766527850763
"10651","weekly",6083,4558,0,3.92593610004405
"10652","weekly",6083,4559,0,3.8603027027857
"10653","weekly",6083,4560,0,3.78459007371566
"10654","weekly",6083,4561,0,3.70539603932411
"10655","weekly",6083,4562,0,3.63085212814622
"10656","weekly",6083,4563,0,3.56923077255487
"10657","weekly",6083,4564,0,3.52778926619794
"10658","weekly",6083,4565,0,3.51194860346732
"10659","weekly",6083,4566,0,3.52478640398476
"10660","weekly",6083,4567,0,3.56675041426206
"10661","weekly",6083,4568,0,3.63551738916431
"10662","weekly",6083,4569,0,3.72600522055291
"10663","weekly",6083,4570,0,3.83064300307888
"10664","weekly",6083,4571,0,3.94005352549721
"10665","weekly",6083,4572,0,4.0442524284008
"10666","weekly",6083,4573,0,4.13430238110595
"10667","weekly",6083,4574,0,4.20413232600549
"10668","weekly",6083,4575,0,4.2520614148234
"10669","weekly",6083,4576,0,4.28157965585706
"10670","weekly",6083,4577,0,4.30116644472582
"10671","weekly",6083,4578,0,4.32326933549484
"10672","weekly",6083,4579,0,4.3628342791344
"10673","weekly",6083,4580,0,4.43583715410205
"10674","weekly",6083,4581,0,4.55810821894556
"10675","weekly",6083,4582,0,4.74447102248087
"10676","weekly",6083,4583,0,5.00796575041022
"10677","weekly",6083,4584,0,5.3587838873791
"10678","weekly",6083,4585,0,5.80255184636917
"10679","weekly",6083,4586,0,6.33779807982501
"10680","weekly",6083,4587,0,6.95284878084203
"10681","weekly",6083,4588,0,7.62299065655679
"10682","weekly",6083,4589,0,8.30932577940985
"10683","weekly",6083,4590,0,8.96092788301758
"10684","weekly",6083,4591,0,9.52124500650098
"10685","weekly",6083,4592,0,9.93807723891223
"10686","weekly",6083,4593,0,10.1745025273704
"10687","weekly",6083,4594,0,10.2170179982786
"10688","weekly",6083,4595,0,10.0778624451777
"10689","weekly",6083,4596,0,9.79081467041397
"10690","weekly",6083,4597,0,9.40239026534255
"10691","weekly",6083,4598,0,8.9617909991648
"10692","weekly",6083,4599,0,8.51264071310288
"10693","weekly",6083,4600,0,8.08806500368519
"10694","weekly",6083,4601,0,7.70947059971513
"10695","weekly",6083,4602,0,7.38655416804249
"10696","weekly",6083,4603,0,7.11949172665481
"10697","weekly",6083,4604,0,6.90176365413936
"10698","weekly",6083,4605,0,6.72243538810289
"10699","weekly",6083,4606,0,6.56839237015811
"10700","weekly",6083,4607,0,6.42648635178921
"10701","weekly",6083,4608,0,6.2855222679791
"10702","weekly",6083,4609,0,6.13789365580305
"10703","weekly",6083,4610,0,5.98059401137289
"10704","weekly",6083,4611,0,5.81538347594324
"10705","weekly",6083,4612,0,5.64804884721525
"10706","weekly",6083,4613,0,5.48708308167988
"10707","weekly",6083,4614,0,5.34199859393993
"10708","weekly",6083,4615,0,5.22166013560491
"10709","weekly",6083,4616,0,5.13303802872542
"10710","weekly",6083,4617,0,5.08034583288827
"10711","weekly",6083,4618,0,5.06454150250647
"10712","weekly",6083,4619,0,5.08310314168921
"10713","weekly",6083,4620,0,5.13004201633157
"10714","weekly",6083,4621,0,5.19621181246475
"10715","weekly",6083,4622,0,5.27004786135512
"10716","weekly",6083,4623,0,5.33885720639955
"10717","weekly",6083,4624,0,5.39064345601946
"10718","weekly",6083,4625,0,5.41621695290087
"10719","weekly",6083,4626,0,5.4111170512042
"10720","weekly",6083,4627,0,5.37680335302139
"10721","weekly",6083,4628,0,5.3207445066364
"10722","weekly",6083,4629,0,5.25539517609286
"10723","weekly",6083,4630,0,5.19642427004874
"10724","weekly",6083,4631,0,5.16074735595612
"10725","weekly",6083,4632,0,5.16484483116074
"10726","weekly",6083,4633,0,5.2235860232613
"10727","weekly",6083,4634,0,5.34947727993131
"10728","weekly",6083,4635,0,5.55203755217372
"10729","weekly",6083,4636,0,5.83693838102045
"10730","weekly",6083,4637,0,6.20463640437811
"10731","weekly",6083,4638,0,6.64847048401134
"10732","weekly",6083,4639,0,7.1525758675125
"10733","weekly",6083,4640,0,7.69041161748464
"10734","weekly",6083,4641,0,8.22501772121177
"10735","weekly",6083,4642,0,8.71202544978587
"10736","weekly",6083,4643,0,9.10570754509536
"10737","weekly",6083,4644,0,9.36707061747438
"10738","weekly",6083,4645,0,9.47173537118942
"10739","weekly",6083,4646,0,9.41493232166977
"10740","weekly",6083,4647,0,9.21181663763127
"10741","weekly",6083,4648,0,8.8931142068177
"10742","weekly",6083,4649,0,8.49785025356687
"10743","weekly",6083,4650,0,8.06566718418617
"10744","weekly",6083,4651,0,7.63080549659207
"10745","weekly",6083,4652,0,7.218705228006
"10746","weekly",6083,4653,0,6.84509985646582
"10747","weekly",6083,4654,0,6.51686325008632
"10748","weekly",6083,4655,0,6.23382050861255
"10749","weekly",6083,4656,0,5.99070971854962
"10750","weekly",6083,4657,0,5.77921610634075
"10751","weekly",6083,4658,0,5.58992121965275
"10752","weekly",6083,4659,0,5.41388769634068
"10753","weekly",6083,4660,0,5.24400606783456
"10754","weekly",6083,4661,0,5.07593473108136
"10755","weekly",6083,4662,0,4.90850992145715
"10756","weekly",6083,4663,0,4.74357041122857
"10757","weekly",6083,4664,0,4.58526406568126
"10758","weekly",6083,4665,0,4.43902145643369
"10759","weekly",6083,4666,0,4.31043630553177
"10760","weekly",6083,4667,0,4.20426230953308
"10761","weekly",6083,4668,0,4.12364718638128
"10762","weekly",6083,4669,0,4.06962972990004
"10763","weekly",6083,4670,0,4.04086943427683
"10764","weekly",6083,4671,0,4.03357800850063
"10765","weekly",6083,4672,0,4.04166434064973
"10766","weekly",6083,4673,0,4.05715413362486
"10767","weekly",6083,4674,0,4.07095942212618
"10768","weekly",6083,4675,0,4.07401768918498
"10769","weekly",6083,4676,0,4.05869257770246
"10770","weekly",6083,4677,0,4.02017342144973
"10771","weekly",6083,4678,0,3.95751410038793
"10772","weekly",6083,4679,0,3.87399302708218
"10773","weekly",6083,4680,0,3.77666895260336
"10774","weekly",6083,4681,0,3.67527168223751
"10775","weekly",6083,4682,0,3.58077085862169
"10776","weekly",6083,4683,0,3.50401183616486
"10777","weekly",6083,4684,0,3.45469176251208
"10778","weekly",6083,4685,0,3.44075086180237
"10779","weekly",6083,4686,0,3.46807369694579
"10780","weekly",6083,4687,0,3.54029728387832
"10781","weekly",6083,4688,0,3.65852227256983
"10782","weekly",6083,4689,0,3.82080577954184
"10783","weekly",6083,4690,0,4.02145935405861
"10784","weekly",6083,4691,0,4.25035860182834
"10785","weekly",6083,4692,0,4.49264575919369
"10786","weekly",6083,4693,0,4.72928796734777
"10787","weekly",6083,4694,0,4.93883691466181
"10788","weekly",6083,4695,0,5.10036636781297
"10789","weekly",6083,4696,0,5.19703280969406
"10790","weekly",6083,4697,0,5.21926488404279
"10791","weekly",6083,4698,0,5.16653212695383
"10792","weekly",6083,4699,0,5.0470849040139
"10793","weekly",6083,4700,0,4.87580067286035
"10794","weekly",6083,4701,0,4.67092386394506
"10795","weekly",6083,4702,0,4.45073003479047
"10796","weekly",6083,4703,0,4.23093726916704
"10797","weekly",6083,4704,0,4.02323574526235
"10798","weekly",6083,4705,0,3.83487839988084
"10799","weekly",6083,4706,0,3.6690339827328
"10800","weekly",6083,4707,0,3.52556208684109
"10801","weekly",6083,4708,0,3.40190870119841
"10802","weekly",6083,4709,0,3.29413974369527
"10803","weekly",6083,4710,0,3.1978284327779
"10804","weekly",6083,4711,0,3.10876880298019
"10805","weekly",6083,4712,0,3.02366761327721
"10806","weekly",6083,4713,0,2.94059037373518
"10807","weekly",6083,4714,0,2.8591468987579
"10808","weekly",6083,4715,0,2.78039569719112
"10809","weekly",6083,4716,0,2.70650243572891
"10810","weekly",6083,4717,0,2.64023857424036
"10811","weekly",6083,4718,0,2.58442815940361
"10812","weekly",6083,4719,0,2.54143643411226
"10813","weekly",6083,4720,0,2.51275586523116
"10814","weekly",6083,4721,0,2.49870620973525
"10815","weekly",6083,4722,0,2.49824484536657
"10816","weekly",6083,4723,0,2.50888887178735
"10817","weekly",6083,4724,0,2.52677412203047
"10818","weekly",6083,4725,0,2.54689960458199
"10819","weekly",6083,4726,0,2.56360554214916
"10820","weekly",6083,4727,0,2.57129098137375
"10821","weekly",6083,4728,0,2.56529367525945
"10822","weekly",6083,4729,0,2.54276002570987
"10823","weekly",6083,4730,0,2.50327825790737
"10824","weekly",6083,4731,0,2.449080030201
"10825","weekly",6083,4732,0,2.38473903175327
"10826","weekly",6083,4733,0,2.31645869679051
"10827","weekly",6083,4734,0,2.25116497970885
"10828","weekly",6083,4735,0,2.19564656182774
"10829","weekly",6083,4736,0,2.15591334921191
"10830","weekly",6083,4737,0,2.1368234352849
"10831","weekly",6083,4738,0,2.14191930310335
"10832","weekly",6083,4739,0,2.17335441755131
"10833","weekly",6083,4740,0,2.23178949923022
"10834","weekly",6083,4741,0,2.31618308619363
"10835","weekly",6083,4742,0,2.42347871031961
"10836","weekly",6083,4743,0,2.54828590480611
"10837","weekly",6083,4744,0,2.68274104947341
"10838","weekly",6083,4745,0,2.8167773342866
"10839","weekly",6083,4746,0,2.93898237941903
"10840","weekly",6083,4747,0,3.03805091939284
"10841","weekly",6083,4748,0,3.10458579982514
"10842","weekly",6083,4749,0,3.13277719076723
"10843","weekly",6083,4750,0,3.12143639021087
"10844","weekly",6083,4751,0,3.0740431547747
"10845","weekly",6083,4752,0,2.99783840752207
"10846","weekly",6083,4753,0,2.90218801991432
"10847","weekly",6083,4754,0,2.79685992703889
"10848","weekly",6083,4755,0,2.69063922582427
"10849","weekly",6083,4756,0,2.59037907369202
"10850","weekly",6083,4757,0,2.50062190491008
"10851","weekly",6083,4758,0,2.42364483323763
"10852","weekly",6083,4759,0,2.35976957267849
"10853","weekly",6083,4760,0,2.30780460662208
"10854","weekly",6083,4761,0,2.26554012758425
"10855","weekly",6083,4762,0,2.23025622608839
"10856","weekly",6083,4763,0,2.19921975806938
"10857","weekly",6083,4764,0,2.17013797379332
"10858","weekly",6083,4765,0,2.14152123351232
"10859","weekly",6083,4766,0,2.11290136043681
"10860","weekly",6083,4767,0,2.08486788684968
"10861","weekly",6083,4768,0,2.05891965411138
"10862","weekly",6083,4769,0,2.03716927886126
"10863","weekly",6083,4770,0,2.02196459230618
"10864","weekly",6083,4771,0,2.01549383020028
"10865","weekly",6083,4772,0,2.0194232785434
"10866","weekly",6083,4773,0,2.03459100864711
"10867","weekly",6083,4774,0,2.06076393515104
"10868","weekly",6083,4775,0,2.09646718471777
"10869","weekly",6083,4776,0,2.13891377061373
"10870","weekly",6083,4777,0,2.18408717308193
"10871","weekly",6083,4778,0,2.22703996568453
"10872","weekly",6083,4779,0,2.2624474366894
"10873","weekly",6083,4780,0,2.28538683830993
"10874","weekly",6083,4781,0,2.29221587211941
"10875","weekly",6083,4782,0,2.28134181528003
"10876","weekly",6083,4783,0,2.25365871586837
"10877","weekly",6083,4784,0,2.21251187950838
"10878","weekly",6083,4785,0,2.16320029806229
"10879","weekly",6083,4786,0,2.11217705812305
"10880","weekly",6083,4787,0,2.06618224372505
"10881","weekly",6083,4788,0,2.03151478056679
"10882","weekly",6083,4789,0,2.01354822708527
"10883","weekly",6083,4790,0,2.01647915167268
"10884","weekly",6083,4791,0,2.04321484873071
"10885","weekly",6083,4792,0,2.09528029672219
"10886","weekly",6083,4793,0,2.17264876214904
"10887","weekly",6083,4794,0,2.27346319454955
"10888","weekly",6083,4795,0,2.39370263012825
"10889","weekly",6083,4796,0,2.52694097094354
"10890","weekly",6083,4797,0,2.6644126988831
"10891","weekly",6083,4798,0,2.79559459764278
"10892","weekly",6083,4799,0,2.909394094866
"10893","weekly",6083,4800,0,2.99580997528392
"10894","weekly",6083,4801,0,3.04768316735863
"10895","weekly",6083,4802,0,3.06202084725373
"10896","weekly",6083,4803,0,3.04046198260039
"10897","weekly",6083,4804,0,2.98874246026389
"10898","weekly",6083,4805,0,2.91535294562345
"10899","weekly",6083,4806,0,2.82990211882861
"10900","weekly",6083,4807,0,2.74156569864135
"10901","weekly",6083,4808,0,2.65793475098326
"10902","weekly",6083,4809,0,2.58444065653021
"10903","weekly",6083,4810,0,2.52421791327652
"10904","weekly",6083,4811,0,2.4782750775048
"10905","weekly",6083,4812,0,2.44583969644736
"10906","weekly",6083,4813,0,2.42479074586299
"10907","weekly",6083,4814,0,2.41214181564283
"10908","weekly",6083,4815,0,2.40456294201431
"10909","weekly",6083,4816,0,2.39892057760153
"10910","weekly",6083,4817,0,2.39278695659596
"10911","weekly",6083,4818,0,2.38484338513808
"10912","weekly",6083,4819,0,2.37509888387285
"10913","weekly",6083,4820,0,2.36487580643734
"10914","weekly",6083,4821,0,2.35656764832675
"10915","weekly",6083,4822,0,2.35322674931376
"10916","weekly",6083,4823,0,2.35806707091979
"10917","weekly",6083,4824,0,2.37396104412619
"10918","weekly",6083,4825,0,2.40298015944427
"10919","weekly",6083,4826,0,2.44599818545976
"10920","weekly",6083,4827,0,2.50236380635761
"10921","weekly",6083,4828,0,2.56966502594878
"10922","weekly",6083,4829,0,2.64364452232257
"10923","weekly",6083,4830,0,2.71836161869578
"10924","weekly",6083,4831,0,2.78670057555428
"10925","weekly",6083,4832,0,2.84126687431126
"10926","weekly",6083,4833,0,2.87558778637322
"10927","weekly",6083,4834,0,2.88537988622556
"10928","weekly",6083,4835,0,2.86954383322154
"10929","weekly",6083,4836,0,2.83057397705852
"10930","weekly",6083,4837,0,2.77424393207184
"10931","weekly",6083,4838,0,2.70867603691295
"10932","weekly",6083,4839,0,2.64309812229476
"10933","weekly",6083,4840,0,2.58664164581569
"10934","weekly",6083,4841,0,2.54743620660156
"10935","weekly",6083,4842,0,2.53208003309555
"10936","weekly",6083,4843,0,2.54540627842653
"10937","weekly",6083,4844,0,2.59037866868312
"10938","weekly",6083,4845,0,2.66794822196243
"10939","weekly",6083,4846,0,2.77676880412037
"10940","weekly",6083,4847,0,2.91278117836919
"10941","weekly",6083,4848,0,3.06883466645377
"10942","weekly",6083,4849,0,3.23451858345652
"10943","weekly",6083,4850,0,3.39663470513187
"10944","weekly",6083,4851,0,3.54054707949399
"10945","weekly",6083,4852,0,3.65223996099667
"10946","weekly",6083,4853,0,3.72077094527776
"10947","weekly",6083,4854,0,3.74039622338023
"10948","weekly",6083,4855,0,3.71165983070387
"10949","weekly",6083,4856,0,3.64107077583321
"10950","weekly",6083,4857,0,3.53951185184997
"10951","weekly",6083,4858,0,3.41995406098431
"10952","weekly",6083,4859,0,3.29518330364954
"10953","weekly",6083,4860,0,3.17607299334486
"10954","weekly",6083,4861,0,3.07061471743509
"10955","weekly",6083,4862,0,2.98363480970147
"10956","weekly",6083,4863,0,2.91698080272181
"10957","weekly",6083,4864,0,2.86995782496524
"10958","weekly",6083,4865,0,2.83987137625809
"10959","weekly",6083,4866,0,2.82262227931642
"10960","weekly",6083,4867,0,2.81335550657241
"10961","weekly",6083,4868,0,2.80716822104296
"10962","weekly",6083,4869,0,2.79984093338135
"10963","weekly",6083,4870,0,2.7884978086804
"10964","weekly",6083,4871,0,2.77206700455281
"10965","weekly",6083,4872,0,2.7514295251749
"10966","weekly",6083,4873,0,2.72921657611732
"10967","weekly",6083,4874,0,2.709308982332
"10968","weekly",6083,4875,0,2.69616188999498
"10969","weekly",6083,4876,0,2.69409301984706
"10970","weekly",6083,4877,0,2.70663564925781
"10971","weekly",6083,4878,0,2.73599848349113
"10972","weekly",6083,4879,0,2.78263079290628
"10973","weekly",6083,4880,0,2.8448871326982
"10974","weekly",6083,4881,0,2.91882419624017
"10975","weekly",6083,4882,0,2.99822282040259
"10976","weekly",6083,4883,0,3.07497188835987
"10977","weekly",6083,4884,0,3.13993037334876
"10978","weekly",6083,4885,0,3.18426655852818
"10979","weekly",6083,4886,0,3.20107563593774
"10980","weekly",6083,4887,0,3.18688235120499
"10981","weekly",6083,4888,0,3.14256695890799
"10982","weekly",6083,4889,0,3.0733915711171
"10983","weekly",6083,4890,0,2.98811193139409
"10984","weekly",6083,4891,0,2.89748296039761
"10985","weekly",6083,4892,0,2.81263540059444
"10986","weekly",6083,4893,0,2.74374610726954
"10987","weekly",6083,4894,0,2.69921029562829
"10988","weekly",6083,4895,0,2.68528268212685
"10989","weekly",6083,4896,0,2.7059932591801
"10990","weekly",6083,4897,0,2.76309969829163
"10991","weekly",6083,4898,0,2.85589510237332
"10992","weekly",6083,4899,0,2.98081389238359
"10993","weekly",6083,4900,0,3.13094124922645
"10994","weekly",6083,4901,0,3.29565838398412
"10995","weekly",6083,4902,0,3.46096419487731
"10996","weekly",6083,4903,0,3.61064405189245
"10997","weekly",6083,4904,0,3.72835739320726
"10998","weekly",6083,4905,0,3.8005074999237
"10999","weekly",6083,4906,0,3.81896725468687
"11000","weekly",6083,4907,0,3.78277413218166
"11001","weekly",6083,4908,0,3.69816820928827
"11002","weekly",6083,4909,0,3.5769763996941
"11003","weekly",6083,4910,0,3.43396222521551
"11004","weekly",6083,4911,0,3.28403427571175
"11005","weekly",6083,4912,0,3.14005428252858
"11006","weekly",6083,4913,0,3.01158207195112
"11007","weekly",6083,4914,0,2.9044993139687
"11008","weekly",6083,4915,0,2.82123404106824
"11009","weekly",6083,4916,0,2.76128338358831
"11010","weekly",6083,4917,0,2.72182897725725
"11011","weekly",6083,4918,0,2.69836665861658
"11012","weekly",6083,4919,0,2.68536402840982
"11013","weekly",6083,4920,0,2.67698571828078
"11014","weekly",6083,4921,0,2.66788686395739
"11015","weekly",6083,4922,0,2.65399753014208
"11016","weekly",6083,4923,0,2.63315196911572
"11017","weekly",6083,4924,0,2.60540465434315
"11018","weekly",6083,4925,0,2.57293995350483
"11019","weekly",6083,4926,0,2.53959816301358
"11020","weekly",6083,4927,0,2.51014853650122
"11021","weekly",6083,4928,0,2.48948638600996
"11022","weekly",6083,4929,0,2.48190226498991
"11023","weekly",6083,4930,0,2.49049602943705
"11024","weekly",6083,4931,0,2.51673575345194
"11025","weekly",6083,4932,0,2.56012946882402
"11026","weekly",6083,4933,0,2.6179992906109
"11027","weekly",6083,4934,0,2.68540910020238
"11028","weekly",6083,4935,0,2.75536367707537
"11029","weekly",6083,4936,0,2.81942021820578
"11030","weekly",6083,4937,0,2.86878646459081
"11031","weekly",6083,4938,0,2.89581123495009
"11032","weekly",6083,4939,0,2.89555765251862
"11033","weekly",6083,4940,0,2.86700500041479
"11034","weekly",6083,4941,0,2.81346926794504
"11035","weekly",6083,4942,0,2.74208588534384
"11036","weekly",6083,4943,0,2.66254328360083
"11037","weekly",6083,4944,0,2.58550566851045
"11038","weekly",6083,4945,0,2.52120914743864
"11039","weekly",6083,4946,0,2.47846125779324
"11040","weekly",6083,4947,0,2.46417231936357
"11041","weekly",6083,4948,0,2.48325388279045
"11042","weekly",6083,4949,0,2.53855953313177
"11043","weekly",6083,4950,0,2.63071406335803
"11044","weekly",6083,4951,0,2.7576983080362
"11045","weekly",6083,4952,0,2.91423411443247
"11046","weekly",6083,4953,0,3.09120336192427
"11047","weekly",6083,4954,0,3.27550338298897
"11048","weekly",6083,4955,0,3.45079241433996
"11049","weekly",6083,4956,0,3.59940116800135
"11050","weekly",6083,4957,0,3.7052486333414
"11051","weekly",6083,4958,0,3.75705170273432
"11052","weekly",6083,4959,0,3.7507745999028
"11053","weekly",6083,4960,0,3.6904080901586
"11054","weekly",6083,4961,0,3.5867978851893
"11055","weekly",6083,4962,0,3.45501524710562
"11056","weekly",6083,4963,0,3.31124067530618
"11057","weekly",6083,4964,0,3.17010104714427
"11058","weekly",6083,4965,0,3.04298912410741
"11059","weekly",6083,4966,0,2.93740701393108
"11060","weekly",6083,4967,0,2.85705916484585
"11061","weekly",6083,4968,0,2.80233571663848
"11062","weekly",6083,4969,0,2.77091897715582
"11063","weekly",6083,4970,0,2.7583976687456
"11064","weekly",6083,4971,0,2.75889945472591
"11065","weekly",6083,4972,0,2.76580994622782
"11066","weekly",6083,4973,0,2.77262079063803
"11067","weekly",6083,4974,0,2.77385941628017
"11068","weekly",6083,4975,0,2.76594741438748
"11069","weekly",6083,4976,0,2.74777801477467
"11070","weekly",6083,4977,0,2.72084196365904
"11071","weekly",6083,4978,0,2.68885838158894
"11072","weekly",6083,4979,0,2.65701977361459
"11073","weekly",6083,4980,0,2.6310588857159
"11074","weekly",6083,4981,0,2.61634690416395
"11075","weekly",6083,4982,0,2.61715491666109
"11076","weekly",6083,4983,0,2.63611052779015
"11077","weekly",6083,4984,0,2.67381555165048
"11078","weekly",6083,4985,0,2.72858692894806
"11079","weekly",6083,4986,0,2.79633573876345
"11080","weekly",6083,4987,0,2.87067594999098
"11081","weekly",6083,4988,0,2.94340541539714
"11082","weekly",6083,4989,0,3.00547298433958
"11083","weekly",6083,4990,0,3.04840782139217
"11084","weekly",6083,4991,0,3.06597056397004
"11085","weekly",6083,4992,0,3.05559529011953
"11086","weekly",6083,4993,0,3.01915946952067
"11087","weekly",6083,4994,0,2.96281143141096
"11088","weekly",6083,4995,0,2.89592660899507
"11089","weekly",6083,4996,0,2.82957245994476
"11090","weekly",6083,4997,0,2.77497387173935
"11091","weekly",6083,4998,0,2.74233088584151
"11092","weekly",6083,4999,0,2.74020128347911
"11093","weekly",6083,5000,0,2.7752275414241
"11094","weekly",6083,5001,0,2.85196203450323
"11095","weekly",6083,5002,0,2.97263607472996
"11096","weekly",6083,5003,0,3.13661473488901
"11097","weekly",6083,5004,0,3.33955153872375
"11098","weekly",6083,5005,0,3.57245983780012
"11099","weekly",6083,5006,0,3.82115423708456
"11100","weekly",6083,5007,0,4.06665697239805
"11101","weekly",6083,5008,0,4.28705551242456
"11102","weekly",6083,5009,0,4.46083836010075
"11103","weekly",6083,5010,0,4.57103048913996
"11104","weekly",6083,5011,0,4.60885739786318
"11105","weekly",6083,5012,0,4.57561368576717
"11106","weekly",6083,5013,0,4.4820459720213
"11107","weekly",6083,5014,0,4.34556229109876
"11108","weekly",6083,5015,0,4.18637075365405
"11109","weekly",6083,5016,0,4.0238253690768
"11110","weekly",6083,5017,0,3.87385104774148
"11111","weekly",6083,5018,0,3.74768945373944
"11112","weekly",6083,5019,0,3.65171372273471
"11113","weekly",6083,5020,0,3.58786854729988
"11114","weekly",6083,5021,0,3.55435258927173
"11115","weekly",6083,5022,0,3.54634046004503
"11116","weekly",6083,5023,0,3.55672490541474
"11117","weekly",6083,5024,0,3.57696646975819
"11118","weekly",6083,5025,0,3.59813642088557
"11119","weekly",6083,5026,0,3.61213852389483
"11120","weekly",6083,5027,0,3.61294620766421
"11121","weekly",6083,5028,0,3.59757759707281
"11122","weekly",6083,5029,0,3.5665312911442
"11123","weekly",6083,5030,0,3.52354244224261
"11124","weekly",6083,5031,0,3.47473039815668
"11125","weekly",6083,5032,0,3.42738635820569
"11126","weekly",6083,5033,0,3.38870760780992
"11127","weekly",6083,5034,0,3.36471669579623
"11128","weekly",6083,5035,0,3.35947192064486
"11129","weekly",6083,5036,0,3.37456120297429
"11130","weekly",6083,5037,0,3.40882712832536
"11131","weekly",6083,5038,0,3.45830203578225
"11132","weekly",6083,5039,0,3.51640505416435
"11133","weekly",6083,5040,0,3.57451246585697
"11134","weekly",6083,5041,0,3.62300038224203
"11135","weekly",6083,5042,0,3.65276989588165
"11136","weekly",6083,5043,0,3.65691238839645
"11137","weekly",6083,5044,0,3.63225330028217
"11138","weekly",6083,5045,0,3.58030830448843
"11139","weekly",6083,5046,0,3.50719514899538
"11140","weekly",6083,5047,0,3.42264804951265
"11141","weekly",6083,5048,0,3.33845114841824
"11142","weekly",6083,5049,0,3.26678788519348
"11143","weekly",6083,5050,0,3.21892034757184
"11144","weekly",6083,5051,0,3.20437576866243
"11145","weekly",6083,5052,0,3.2305652119685
"11146","weekly",6083,5053,0,3.30259803784429
"11147","weekly",6083,5054,0,3.42301973272697
"11148","weekly",6083,5055,0,3.59127616474871
"11149","weekly",6083,5056,0,3.80287004093407
"11150","weekly",6083,5057,0,4.04840290814172
"11151","weekly",6083,5058,0,4.31294389357208
"11152","weekly",6083,5059,0,4.57633259618888
"11153","weekly",6083,5060,0,4.81495358922984
"11154","weekly",6083,5061,0,5.0050961888337
"11155","weekly",6083,5062,0,5.12730407141498
"11156","weekly",6083,5063,0,5.17045627761399
"11157","weekly",6083,5064,0,5.13415053579956
"11158","weekly",6083,5065,0,5.02850478762412
"11159","weekly",6083,5066,0,4.87151057412848
"11160","weekly",6083,5067,0,4.68498545131297
"11161","weekly",6083,5068,0,4.49049672682304
"11162","weekly",6083,5069,0,4.30630555134849
"11163","weekly",6083,5070,0,4.14573107296019
"11164","weekly",6083,5071,0,4.01675953305676
"11165","weekly",6083,5072,0,3.92244337816373
"11166","weekly",6083,5073,0,3.86164526379434
"11167","weekly",6083,5074,0,3.82985370088136
"11168","weekly",6083,5075,0,3.81999585873564
"11169","weekly",6083,5076,0,3.82330893317703
"11170","weekly",6083,5077,0,3.83036346387235
"11171","weekly",6083,5078,0,3.83225957321702
"11172","weekly",6083,5079,0,3.8218796029978
"11173","weekly",6083,5080,0,3.79495259688701
"11174","weekly",6083,5081,0,3.75064963128534
"11175","weekly",6083,5082,0,3.69152515180758
"11176","weekly",6083,5083,0,3.62281287659425
"11177","weekly",6083,5084,0,3.55127899561194
"11178","weekly",6083,5085,0,3.48393509257585
"11179","weekly",6083,5086,0,3.42688538064249
"11180","weekly",6083,5087,0,3.38446845370345
"11181","weekly",6083,5088,0,3.35872924394789
"11182","weekly",6083,5089,0,3.34918334602844
"11183","weekly",6083,5090,0,3.35283167954185
"11184","weekly",6083,5091,0,3.36442637463915
"11185","weekly",6083,5092,0,3.37703342537861
"11186","weekly",6083,5093,0,3.38293627509847
"11187","weekly",6083,5094,0,3.37481016982929
"11188","weekly",6083,5095,0,3.34715373939252
"11189","weekly",6083,5096,0,3.29748743309756
"11190","weekly",6083,5097,0,3.22697523303214
"11191","weekly",6083,5098,0,3.14043211657554
"11192","weekly",6083,5099,0,3.04557265262702
"11193","weekly",6083,5100,0,2.95178575156024
"11194","weekly",6083,5101,0,2.86881025123876
"11195","weekly",6083,5102,0,2.80564232042525
"11196","weekly",6083,5103,0,2.76983700066921
"11197","weekly",6083,5104,0,2.76717199292034
"11198","weekly",6083,5105,0,2.80150699403021
"11199","weekly",6083,5106,0,2.8746310552815
"11200","weekly",6083,5107,0,2.98593705231906
"11201","weekly",6083,5108,0,3.13187642837875
"11202","weekly",6083,5109,0,3.30530934926355
"11203","weekly",6083,5110,0,3.49504455784336
"11204","weekly",6083,5111,0,3.68599390657619
"11205","weekly",6083,5112,0,3.86034532933263
"11206","weekly",6083,5113,0,3.99989466948318
"11207","weekly",6083,5114,0,4.089193196618
"11208","weekly",6083,5115,0,4.11866649283911
"11209","weekly",6083,5116,0,4.08665523256059
"11210","weekly",6083,5117,0,3.9996248583775
"11211","weekly",6083,5118,0,3.87048652005615
"11212","weekly",6083,5119,0,3.71568550408119
"11213","weekly",6083,5120,0,3.55205952763208
"11214","weekly",6083,5121,0,3.39432761375792
"11215","weekly",6083,5122,0,3.25361106399214
"11216","weekly",6083,5123,0,3.13696090641315
"11217","weekly",6083,5124,0,3.04762858938193
"11218","weekly",6083,5125,0,2.98559395316988
"11219","weekly",6083,5126,0,2.9481746678066
"11220","weekly",6083,5127,0,2.93065519022639
"11221","weekly",6083,5128,0,2.92690970760304
"11222","weekly",6083,5129,0,2.93009134748718
"11223","weekly",6083,5130,0,2.93343239594833
"11224","weekly",6083,5131,0,2.93111713510007
"11225","weekly",6083,5132,0,2.91909228917211
"11226","weekly",6083,5133,0,2.89562571424176
"11227","weekly",6083,5134,0,2.86145284611848
"11228","weekly",6083,5135,0,2.81945941978483
"11229","weekly",6083,5136,0,2.77398687181994
"11230","weekly",6083,5137,0,2.72994525250397
"11231","weekly",6083,5138,0,2.69196135902894
"11232","weekly",6083,5139,0,2.66360630193958
"11233","weekly",6083,5140,0,2.64689903042745
"11234","weekly",6083,5141,0,2.64207874424756
"11235","weekly",6083,5142,0,2.64749821904115
"11236","weekly",6083,5143,0,2.6597411831026
"11237","weekly",6083,5144,0,2.6739645927737
"11238","weekly",6083,5145,0,2.68450126584503
"11239","weekly",6083,5146,0,2.68571682248148
"11240","weekly",6083,5147,0,2.67302386870142
"11241","weekly",6083,5148,0,2.64385208857129
"11242","weekly",6083,5149,0,2.5983185475925
"11243","weekly",6083,5150,0,2.53939146842458
"11244","weekly",6083,5151,0,2.47249265381834
"11245","weekly",6083,5152,0,2.40467134054052
"11246","weekly",6083,5153,0,2.34360983857187
"11247","weekly",6083,5154,0,2.29672843244043
"11248","weekly",6083,5155,0,2.27055489589111
"11249","weekly",6083,5156,0,2.27037753822515
"11250","weekly",6083,5157,0,2.30007991171442
"11251","weekly",6083,5158,0,2.36199905097601
"11252","weekly",6083,5159,0,2.45666247687768
"11253","weekly",6083,5160,0,2.58233169905725
"11254","weekly",6083,5161,0,2.73439996133675
"11255","weekly",6083,5162,0,2.90484225176624
"11256","weekly",6083,5163,0,3.08205370832002
"11257","weekly",6083,5164,0,3.25145814946154
"11258","weekly",6083,5165,0,3.39712838386185
"11259","weekly",6083,5166,0,3.50430327272625
"11260","weekly",6083,5167,0,3.5622262727411
"11261","weekly",6083,5168,0,3.56641781365033
"11262","weekly",6083,5169,0,3.51957057285472
"11263","weekly",6083,5170,0,3.43074947604327
"11264","weekly",6083,5171,0,3.31323412753409
"11265","weekly",6083,5172,0,3.18179597548442
"11266","weekly",6083,5173,0,3.05024443892762
"11267","weekly",6083,5174,0,2.92976963051478
"11268","weekly",6083,5175,0,2.82819289411418
"11269","weekly",6083,5176,0,2.74993087231996
"11270","weekly",6083,5177,0,2.69636469482793
"11271","weekly",6083,5178,0,2.66635561268777
"11272","weekly",6083,5179,0,2.6567684202746
"11273","weekly",6083,5180,0,2.66298052878119
"11274","weekly",6083,5181,0,2.6794258064474
"11275","weekly",6083,5182,0,2.70022912148852
"11276","weekly",6083,5183,0,2.7199361405801
"11277","weekly",6083,5184,0,2.73426057840697
"11278","weekly",6083,5185,0,2.74070201508584
"11279","weekly",6083,5186,0,2.73887510297936
"11280","weekly",6083,5187,0,2.73045204541995
"11281","weekly",6083,5188,0,2.71872941611218
"11282","weekly",6083,5189,0,2.70793378195958
"11283","weekly",6083,5190,0,2.7024301730271
"11284","weekly",6083,5191,0,2.70595918767503
"11285","weekly",6083,5192,0,2.7210756179993
"11286","weekly",6083,5193,0,2.74871582665946
"11287","weekly",6083,5194,0,2.78789599490119
"11288","weekly",6083,5195,0,2.83566119649913
"11289","weekly",6083,5196,0,2.88725064572645
"11290","weekly",6083,5197,0,2.93656705252943
"11291","weekly",6083,5198,0,2.97698934687651
"11292","weekly",6083,5199,0,3.00247627444332
"11293","weekly",6083,5200,0,3.00877616117941
"11294","weekly",6083,5201,0,2.99445051586372
"11295","weekly",6083,5202,0,2.96141289928346
"11296","weekly",6083,5203,0,2.91481364212814
"11297","weekly",6083,5204,0,2.86231868315372
"11298","weekly",6083,5205,0,2.813028628967
"11299","weekly",6083,5206,0,2.77636254459503
"11300","weekly",6083,5207,0,2.76116376114078
"11301","weekly",6083,5208,0,2.7751258960634
"11302","weekly",6083,5209,0,2.82447240059264
"11303","weekly",6083,5210,0,2.91371714608977
"11304","weekly",6083,5211,0,3.04531080817105
"11305","weekly",6083,5212,0,3.21903548575938
"11306","weekly",6083,5213,0,3.43113985014497
"11307","weekly",6083,5214,0,3.67339739858289
"11308","weekly",6083,5215,0,3.93248328997288
"11309","weekly",6083,5216,0,4.19020918902243
"11310","weekly",6083,5217,0,4.42509309583693
"11311","weekly",6083,5218,0,4.61536852264544
"11312","weekly",6083,5219,0,4.74291316411109
"11313","weekly",6083,5220,0,4.79698737477884
"11314","weekly",6083,5221,0,4.77650545895449
"11315","weekly",6083,5222,0,4.69002003458445
"11316","weekly",6083,5223,0,4.55348549113842
"11317","weekly",6083,5224,0,4.3866878443223
"11318","weekly",6083,5225,0,4.20955406691064
"11319","weekly",6083,5226,0,4.03930777555797
"11320","weekly",6083,5227,0,3.88888159091584
"11321","weekly",6083,5228,0,3.76647464223788
"11322","weekly",6083,5229,0,3.67587234481471
"11323","weekly",6083,5230,0,3.61712306024856
"11324","weekly",6083,5231,0,3.58729832601966
"11325","weekly",6083,5232,0,3.58123338557198
"11326","weekly",6083,5233,0,3.59226900330395
"11327","weekly",6083,5234,0,3.61306100958609
"11328","weekly",6083,5235,0,3.63651001168182
"11329","weekly",6083,5236,0,3.65666819139733
"11330","weekly",6083,5237,0,3.66957964393077
"11331","weekly",6083,5238,0,3.67386205209186
"11332","weekly",6083,5239,0,3.67077371757478
"11333","weekly",6083,5240,0,3.66382121539209
"11334","weekly",6083,5241,0,3.65798560503754
"11335","weekly",6083,5242,0,3.65875106523163
"11336","weekly",6083,5243,0,3.67112554082996
"11337","weekly",6083,5244,0,3.69878708617762
"11338","weekly",6083,5245,0,3.74341843754519
"11339","weekly",6083,5246,0,3.80425027816091
"11340","weekly",6083,5247,0,3.8778394573601
"11341","weekly",6083,5248,0,3.95814854907803
"11342","weekly",6083,5249,0,4.03702831853298
"11343","weekly",6083,5250,0,4.10518594790483
"11344","weekly",6083,5251,0,4.15361629615654
"11345","weekly",6083,5252,0,4.17529454908799
"11346","weekly",6083,5253,0,4.16675167510402
"11347","weekly",6083,5254,0,4.12908971327124
"11348","weekly",6083,5255,0,4.06811742158607
"11349","weekly",6083,5256,0,3.99356953363167
"11350","weekly",6083,5257,0,3.91768066846998
"11351","weekly",6083,5258,0,3.85356092438451
"11352","weekly",6083,5259,0,3.81378867267631
"11353","weekly",6083,5260,0,3.80944169085706
"11354","weekly",6083,5261,0,3.84954701652168
"11355","weekly",6083,5262,0,3.94074985114275
"11356","weekly",6083,5263,0,4.08693384897197
"11357","weekly",6083,5264,0,4.288572120975
"11358","weekly",6083,5265,0,4.54173579369672
"11359","weekly",6083,5266,0,4.83691807763535
"11360","weekly",6083,5267,0,5.15810838085599
"11361","weekly",6083,5268,0,5.48277653817786
"11362","weekly",6083,5269,0,5.78343768048217
"11363","weekly",6083,5270,0,6.03110447735526
"11364","weekly",6083,5271,0,6.2001959089539
"11365","weekly",6083,5272,0,6.27364641640452
"11366","weekly",6083,5273,0,6.24653955845861
"11367","weekly",6083,5274,0,6.12694871643907
"11368","weekly",6083,5275,0,5.93371310122893
"11369","weekly",6083,5276,0,5.6920479980763
"11370","weekly",6083,5277,0,5.42854522011476
"11371","weekly",6083,5278,0,5.16700239462079
"11372","weekly",6083,5279,0,4.92585918525583
"11373","weekly",6083,5280,0,4.71727540611755
"11374","weekly",6083,5281,0,4.54740890004905
"11375","weekly",6083,5282,0,4.4173284896824
"11376","weekly",6083,5283,0,4.32412368743098
"11377","weekly",6083,5284,0,4.26198819061392
"11378","weekly",6083,5285,0,4.22323746336042
"11379","weekly",6083,5286,0,4.19931337944581
"11380","weekly",6083,5287,0,4.1818227340118
"11381","weekly",6083,5288,0,4.16352773192921
"11382","weekly",6083,5289,0,4.13936213334091
"11383","weekly",6083,5290,0,4.1070405341743
"11384","weekly",6083,5291,0,4.06710182220559
"11385","weekly",6083,5292,0,4.02258792339126
"11386","weekly",6083,5293,0,3.97825090764672
"11387","weekly",6083,5294,0,3.93952654956956
"11388","weekly",6083,5295,0,3.91148520691786
"11389","weekly",6083,5296,0,3.89792077671154
"11390","weekly",6083,5297,0,3.90066033945186
"11391","weekly",6083,5298,0,3.91911919676932
"11392","weekly",6083,5299,0,3.95011404776596
"11393","weekly",6083,5300,0,3.98797402699711
"11394","weekly",6083,5301,0,4.02502112271031
"11395","weekly",6083,5302,0,4.05248250302975
"11396","weekly",6083,5303,0,4.06181383304647
"11397","weekly",6083,5304,0,4.04626035830006
"11398","weekly",6083,5305,0,4.00232226747903
"11399","weekly",6083,5306,0,3.93072049465263
"11400","weekly",6083,5307,0,3.83655442111194
"11401","weekly",6083,5308,0,3.72859198864899
"11402","weekly",6083,5309,0,3.61792320731911
"11403","weekly",6083,5310,0,3.51639282345423
"11404","weekly",6083,5311,0,3.43522265981301
"11405","weekly",6083,5312,0,3.38406611839309
"11406","weekly",6083,5313,0,3.37051116515067
"11407","weekly",6083,5314,0,3.39986955112545
"11408","weekly",6083,5315,0,3.47501363954507
"11409","weekly",6083,5316,0,3.59605055031716
"11410","weekly",6083,5317,0,3.75973603397142
"11411","weekly",6083,5318,0,3.95870606912649
"11412","weekly",6083,5319,0,4.18081412601168
"11413","weekly",6083,5320,0,4.40904426496127
"11414","weekly",6083,5321,0,4.62251392300823
"11415","weekly",6083,5322,0,4.79886354255723
"11416","weekly",6083,5323,0,4.91782367546693
"11417","weekly",6083,5324,0,4.9651227851864
"11418","weekly",6083,5325,0,4.93549964466365
"11419","weekly",6083,5326,0,4.83373189912527
"11420","weekly",6083,5327,0,4.67330218938878
"11421","weekly",6083,5328,0,4.47323141354718
"11422","weekly",6083,5329,0,4.2542145352636
"11423","weekly",6083,5330,0,4.03522098780377
"11424","weekly",6083,5331,0,3.831317298871
"11425","weekly",6083,5332,0,3.65265777203604
"11426","weekly",6083,5333,0,3.5045946361206
"11427","weekly",6083,5334,0,3.38843477217597
"11428","weekly",6083,5335,0,3.30225663262536
"11429","weekly",6083,5336,0,3.24176571468706
"11430","weekly",6083,5337,0,3.20108448489918
"11431","weekly",6083,5338,0,3.17351245559985
"11432","weekly",6083,5339,0,3.15230454513221
"11433","weekly",6083,5340,0,3.13146549317753
"11434","weekly",6083,5341,0,3.10648109280737
"11435","weekly",6083,5342,0,3.07485044811619
"11436","weekly",6083,5343,0,3.03628618502989
"11437","weekly",6083,5344,0,2.99251959001413
"11438","weekly",6083,5345,0,2.94675415242091
"11439","weekly",6083,5346,0,2.9029017194116
"11440","weekly",6083,5347,0,2.8647700047004
"11441","weekly",6083,5348,0,2.83534358546603
"11442","weekly",6083,5349,0,2.81624094650033
"11443","weekly",6083,5350,0,2.8073762129352
"11444","weekly",6083,5351,0,2.80683113896521
"11445","weekly",6083,5352,0,2.810951202875
"11446","weekly",6083,5353,0,2.81469789688708
"11447","weekly",6083,5354,0,2.81228592179832
"11448","weekly",6083,5355,0,2.79808423272334
"11449","weekly",6083,5356,0,2.76766457062331
"11450","weekly",6083,5357,0,2.71877801296068
"11451","weekly",6083,5358,0,2.65199307151488
"11452","weekly",6083,5359,0,2.57078992162133
"11453","weekly",6083,5360,0,2.48107004753547
"11454","weekly",6083,5361,0,2.39023648068542
"11455","weekly",6083,5362,0,2.30612763442332
"11456","weekly",6083,5363,0,2.23608752549626
"11457","weekly",6083,5364,0,2.18634243900306
"11458","weekly",6083,5365,0,2.16169929740136
"11459","weekly",6083,5366,0,2.16545738320565
"11460","weekly",6083,5367,0,2.19937076608767
"11461","weekly",6083,5368,0,2.2635146662069
"11462","weekly",6083,5369,0,2.35597904608585
"11463","weekly",6083,5370,0,2.47242135944543
"11464","weekly",6083,5371,0,2.60564115957823
"11465","weekly",6083,5372,0,2.7454583402432
"11466","weekly",6083,5373,0,2.87921993478085
"11467","weekly",6083,5374,0,2.99315041591763
"11468","weekly",6083,5375,0,3.07446709604119
"11469","weekly",6083,5376,0,3.11379260415561
"11470","weekly",6083,5377,0,3.10711791401263
"11471","weekly",6083,5378,0,3.05661241445341
"11472","weekly",6083,5379,0,2.96998102942598
"11473","weekly",6083,5380,0,2.85863047483144
"11474","weekly",6083,5381,0,2.73531475581694
"11475","weekly",6083,5382,0,2.61198784812586
"11476","weekly",6083,5383,0,2.49833889835281
"11477","weekly",6083,5384,0,2.40111181599787
"11478","weekly",6083,5385,0,2.32409742721939
"11479","weekly",6083,5386,0,2.26846506612492
"11480","weekly",6083,5387,0,2.23320536332903
"11481","weekly",6083,5388,0,2.21561258553993
"11482","weekly",6083,5389,0,2.21173026916222
"11483","weekly",6083,5390,0,2.21680990449386
"11484","weekly",6083,5391,0,2.2258306153235
"11485","weekly",6083,5392,0,2.23408901720541
"11486","weekly",6083,5393,0,2.23780216748128
"11487","weekly",6083,5394,0,2.2346085285244
"11488","weekly",6083,5395,0,2.22383820344112
"11489","weekly",6083,5396,0,2.20646978076547
"11490","weekly",6083,5397,0,2.18477874065866
"11491","weekly",6083,5398,0,2.16176879647537
"11492","weekly",6083,5399,0,2.14052281074692
"11493","weekly",6083,5400,0,2.12360142727266
"11494","weekly",6083,5401,0,2.11257354638656
"11495","weekly",6083,5402,0,2.10771538375411
"11496","weekly",6083,5403,0,2.10788845288334
"11497","weekly",6083,5404,0,2.11060579292825
"11498","weekly",6083,5405,0,2.11230530045577
"11499","weekly",6083,5406,0,2.10884470600286
"11500","weekly",6083,5407,0,2.09619491800549
"11501","weekly",6083,5408,0,2.07123747011065
"11502","weekly",6083,5409,0,2.03249652625527
"11503","weekly",6083,5410,0,1.98060470804921
"11504","weekly",6083,5411,0,1.91835305007407
"11505","weekly",6083,5412,0,1.85030296325567
"11506","weekly",6083,5413,0,1.78208532853751
"11507","weekly",6083,5414,0,1.71960374593618
"11508","weekly",6083,5415,0,1.66835269593867
"11509","weekly",6083,5416,0,1.63297191311722
"11510","weekly",6083,5417,0,1.61704058063333
"11511","weekly",6083,5418,0,1.62302375910804
"11512","weekly",6083,5419,0,1.65224573155865
"11513","weekly",6083,5420,0,1.70477990814834
"11514","weekly",6083,5421,0,1.77920029324014
"11515","weekly",6083,5422,0,1.87222400811152
"11516","weekly",6083,5423,0,1.97837562469067
"11517","weekly",6083,5424,0,2.08989509593812
"11518","weekly",6083,5425,0,2.19714067681343
"11519","weekly",6083,5426,0,2.28964645747328
"11520","weekly",6083,5427,0,2.35776091416483
"11521","weekly",6083,5428,0,2.39450300208409
"11522","weekly",6083,5429,0,2.39701246249024
"11523","weekly",6083,5430,0,2.36712091669324
"11524","weekly",6083,5431,0,2.31084041233407
"11525","weekly",6083,5432,0,2.23693590873154
"11526","weekly",6083,5433,0,2.15514501271537
"11527","weekly",6083,5434,0,2.07457740377868
"11528","weekly",6083,5435,0,2.00263391708722
"11529","weekly",6083,5436,0,1.94451203732751
"11530","weekly",6083,5437,0,1.9031645777286
"11531","weekly",6083,5438,0,1.87951031484408
"11532","weekly",6083,5439,0,1.87272865851992
"11533","weekly",6083,5440,0,1.88055394418188
"11534","weekly",6083,5441,0,1.89956792263547
"11535","weekly",6083,5442,0,1.92553877114551
"11536","weekly",6083,5443,0,1.95385879473179
"11537","weekly",6083,5444,0,1.98009120169445
"11538","weekly",6083,5445,0,2.00056693307124
"11539","weekly",6083,5446,0,2.0129098718462
"11540","weekly",6083,5447,0,2.01635042962153
"11541","weekly",6083,5448,0,2.011731614155
"11542","weekly",6083,5449,0,2.0012014277745
"11543","weekly",6083,5450,0,1.98767704423517
"11544","weekly",6083,5451,0,1.97421709963237
"11545","weekly",6083,5452,0,1.96343368364614
"11546","weekly",6083,5453,0,1.95703254418913
"11547","weekly",6083,5454,0,1.95552102057263
"11548","weekly",6083,5455,0,1.9580934268597
"11549","weekly",6083,5456,0,1.96269839507295
"11550","weekly",6083,5457,0,1.9662986707699
"11551","weekly",6083,5458,0,1.96532882854808
"11552","weekly",6083,5459,0,1.95632309454959
"11553","weekly",6083,5460,0,1.93662505006068
"11554","weekly",6083,5461,0,1.90502923971508
"11555","weekly",6083,5462,0,1.86218274469138
"11556","weekly",6083,5463,0,1.81062296847813
"11557","weekly",6083,5464,0,1.75443852704484
"11558","weekly",6083,5465,0,1.69866369906231
"11559","weekly",6083,5466,0,1.6485911863565
"11560","weekly",6083,5467,0,1.60917941032676
"11561","weekly",6083,5468,0,1.58465361746494
"11562","weekly",6083,5469,0,1.57830098216073
"11563","weekly",6083,5470,0,1.59238403066411
"11564","weekly",6083,5471,0,1.62806675289175
"11565","weekly",6083,5472,0,1.68526415925589
"11566","weekly",6083,5473,0,1.7623794892861
"11567","weekly",6083,5474,0,1.8559734216833
"11568","weekly",6083,5475,0,1.96050163308973
"11569","weekly",6083,5476,0,2.06833052678849
"11570","weekly",6083,5477,0,2.17024617057177
"11571","weekly",6083,5478,0,2.25655993513647
"11572","weekly",6083,5479,0,2.31868493271759
"11573","weekly",6083,5480,0,2.35079587812652
"11574","weekly",6083,5481,0,2.35100628438522
"11575","weekly",6083,5482,0,2.32178104741615
"11576","weekly",6083,5483,0,2.269286604831
"11577","weekly",6083,5484,0,2.2019384423038
"11578","weekly",6083,5485,0,2.12881604279391
"11579","weekly",6083,5486,0,2.05826120384154
"11580","weekly",6083,5487,0,1.99696093169041
"11581","weekly",6083,5488,0,1.94954270037124
"11582","weekly",6083,5489,0,1.91855022581876
"11583","weekly",6083,5490,0,1.90462191269035
"11584","weekly",6083,5491,0,1.9067345559597
"11585","weekly",6083,5492,0,1.9224523716548
"11586","weekly",6083,5493,0,1.94819377243402
"11587","weekly",6083,5494,0,1.97956868057372
"11588","weekly",6083,5495,0,2.01183464901987
"11589","weekly",6083,5496,0,2.04047207368421
"11590","weekly",6083,5497,0,2.06180671800394
"11591","weekly",6083,5498,0,2.07354726470658
"11592","weekly",6083,5499,0,2.07509370119078
"11593","weekly",6083,5500,0,2.06752423886792
"11594","weekly",6083,5501,0,2.05326365091605
"11595","weekly",6083,5502,0,2.03552844992373
"11596","weekly",6083,5503,0,2.01769215773675
"11597","weekly",6083,5504,0,2.00270421017194
"11598","weekly",6083,5505,0,1.99264791354653
"11599","weekly",6083,5506,0,1.98846935434267
"11600","weekly",6083,5507,0,1.98987541781389
"11601","weekly",6083,5508,0,1.99539118842222
"11602","weekly",6083,5509,0,2.00257385836449
"11603","weekly",6083,5510,0,2.00838281324832
"11604","weekly",6083,5511,0,2.00968807426398
"11605","weekly",6083,5512,0,2.00385923421709
"11606","weekly",6083,5513,0,1.98933000612305
"11607","weekly",6083,5514,0,1.96600806934293
"11608","weekly",6083,5515,0,1.93542113975855
"11609","weekly",6083,5516,0,1.90056016936433
"11610","weekly",6083,5517,0,1.86547141129267
"11611","weekly",6083,5518,0,1.8347175977251
"11612","weekly",6083,5519,0,1.81284342787694
"11613","weekly",6083,5520,0,1.80394115051604
"11614","weekly",6083,5521,0,1.81134446203941
"11615","weekly",6083,5522,0,1.83741727884626
"11616","weekly",6083,5523,0,1.88337222390692
"11617","weekly",6083,5524,0,1.94908652768936
"11618","weekly",6083,5525,0,2.03279474162264
"11619","weekly",6083,5526,0,2.1308322030236
"11620","weekly",6083,5527,0,2.23755741646164
"11621","weekly",6083,5528,0,2.34548615897074
"11622","weekly",6083,5529,0,2.44589335555793
"11623","weekly",6083,5530,0,2.5298963523237
"11624","weekly",6083,5531,0,2.5898700915277
"11625","weekly",6083,5532,0,2.62085289577954
"11626","weekly",6083,5533,0,2.62151937346789
"11627","weekly",6083,5534,0,2.59439921169542
"11628","weekly",6083,5535,0,2.54527805693215
"11629","weekly",6083,5536,0,2.48200059341616
"11630","weekly",6083,5537,0,2.41306263703154
"11631","weekly",6083,5538,0,2.34636519927881
"11632","weekly",6083,5539,0,2.2883537071757
"11633","weekly",6083,5540,0,2.24358212252264
"11634","weekly",6083,5541,0,2.21461135995924
"11635","weekly",6083,5542,0,2.2021066446905
"11636","weekly",6083,5543,0,2.20502392452909
"11637","weekly",6083,5544,0,2.22083510138327
"11638","weekly",6083,5545,0,2.24580078772851
"11639","weekly",6083,5546,0,2.27533257022151
"11640","weekly",6083,5547,0,2.3044809900457
"11641","weekly",6083,5548,0,2.32854096361552
"11642","weekly",6083,5549,0,2.34370042470982
"11643","weekly",6083,5550,0,2.34760262866621
"11644","weekly",6083,5551,0,2.33968144949176
"11645","weekly",6083,5552,0,2.32117697529611
"11646","weekly",6083,5553,0,2.29482892190572
"11647","weekly",6083,5554,0,2.26433667496894
"11648","weekly",6083,5555,0,2.23372650367673
"11649","weekly",6083,5556,0,2.20676240301691
"11650","weekly",6083,5557,0,2.18649086265941
"11651","weekly",6083,5558,0,2.17495171353221
"11652","weekly",6083,5559,0,2.1730439007224
"11653","weekly",6083,5560,0,2.1805181610107
"11654","weekly",6083,5561,0,2.19607403810369
"11655","weekly",6083,5562,0,2.21755314024631
"11656","weekly",6083,5563,0,2.24222927889787
"11657","weekly",6083,5564,0,2.26718912529759
"11658","weekly",6083,5565,0,2.28977328850306
"11659","weekly",6083,5566,0,2.30801672986127
"11660","weekly",6083,5567,0,2.32100592000643
"11661","weekly",6083,5568,0,2.32907370658359
"11662","weekly",6083,5569,0,2.33378594645183
"11663","weekly",6083,5570,0,2.33772523963125
"11664","weekly",6083,5571,0,2.34412479860475
"11665","weekly",6083,5572,0,2.35642990955967
"11666","weekly",6083,5573,0,2.37785903207259
"11667","weekly",6083,5574,0,2.41089266145718
"11668","weekly",6083,5575,0,2.45716356366756
"11669","weekly",6083,5576,0,2.51715597501607
"11670","weekly",6083,5577,0,2.58985639343155
"11671","weekly",6083,5578,0,2.67266377943452
"11672","weekly",6083,5579,0,2.76140264657442
"11673","weekly",6083,5580,0,2.85051958038821
"11674","weekly",6083,5581,0,2.93356621774728
"11675","weekly",6083,5582,0,3.00394707490341
"11676","weekly",6083,5583,0,3.05585547836381
"11677","weekly",6083,5584,0,3.08521843064227
"11678","weekly",6083,5585,0,3.09042013235739
"11679","weekly",6083,5586,0,3.0726048933866
"11680","weekly",6083,5587,0,3.0354731962434
"11681","weekly",6083,5588,0,2.98463437941973
"11682","weekly",6083,5589,0,2.9266991429904
"11683","weekly",6083,5590,0,2.86833643729915
"11684","weekly",6083,5591,0,2.81547789016622
"11685","weekly",6083,5592,0,2.77276369003812
"11686","weekly",6083,5593,0,2.74323440983426
"11687","weekly",6083,5594,0,2.72821773798205
"11688","weekly",6083,5595,0,2.72734730670345
"11689","weekly",6083,5596,0,2.73867272419739
"11690","weekly",6083,5597,0,2.75885585221113
"11691","weekly",6083,5598,0,2.7834774996445
"11692","weekly",6083,5599,0,2.80748431407847
"11693","weekly",6083,5600,0,2.82577954282169
"11694","weekly",6083,5601,0,2.83390853836318
"11695","weekly",6083,5602,0,2.82873085056781
"11696","weekly",6083,5603,0,2.80893577384995
"11697","weekly",6083,5604,0,2.77527262177318
"11698","weekly",6083,5605,0,2.73043420762406
"11699","weekly",6083,5606,0,2.67862725921441
"11700","weekly",6083,5607,0,2.62494572752621
"11701","weekly",6083,5608,0,2.57469822140411
"11702","weekly",6083,5609,0,2.53282068975386
"11703","weekly",6083,5610,0,2.50344811633113
"11704","weekly",6083,5611,0,2.48965478356695
"11705","weekly",6083,5612,0,2.49332698638318
"11706","weekly",6083,5613,0,2.51511598704383
"11707","weekly",6083,5614,0,2.55442995333578
"11708","weekly",6083,5615,0,2.60945126536535
"11709","weekly",6083,5616,0,2.67719708959339
"11710","weekly",6083,5617,0,2.75366391823627
"11711","weekly",6083,5618,0,2.83410009476938
"11712","weekly",6083,5619,0,2.91342796798563
"11713","weekly",6083,5620,0,2.98679181156331
"11714","weekly",6083,5621,0,3.0501699767774
"11715","weekly",6083,5622,0,3.10086596553447
"11716","weekly",6083,5623,0,3.13783912014333
"11717","weekly",6083,5624,0,3.16179476334946
"11718","weekly",6083,5625,0,3.17493438356905
"11719","weekly",6083,5626,0,3.18049368599895
"11720","weekly",6083,5627,0,3.18215807259548
"11721","weekly",6083,5628,0,3.18347047950374
"11722","weekly",6083,5629,0,3.1873229649209
"11723","weekly",6083,5630,0,3.19558612414403
"11724","weekly",6083,5631,0,3.20889764570165
"11725","weekly",6083,5632,0,3.22661274898564
"11726","weekly",6083,5633,0,3.24691352836089
"11727","weekly",6083,5634,0,3.26707240642281
"11728","weekly",6083,5635,0,3.28385637389147
"11729","weekly",6083,5636,0,3.29403751500649
"11730","weekly",6083,5637,0,3.29494455558597
"11731","weekly",6083,5638,0,3.2849622918875
"11732","weekly",6083,5639,0,3.26387740377686
"11733","weekly",6083,5640,0,3.23299169784877
"11734","weekly",6083,5641,0,3.19497483424493
"11735","weekly",6083,5642,0,3.15349064019392
"11736","weekly",6083,5643,0,3.1126801551145
"11737","weekly",6083,5644,0,3.0766030093655
"11738","weekly",6083,5645,0,3.04872456207522
"11739","weekly",6083,5646,0,3.03150231874315
"11740","weekly",6083,5647,0,3.02609081086121
"11741","weekly",6083,5648,0,3.0321648492536
"11742","weekly",6083,5649,0,3.04786227925797
"11743","weekly",6083,5650,0,3.06986337606213
"11744","weekly",6083,5651,0,3.09364069241565
"11745","weekly",6083,5652,0,3.11391295984504
"11746","weekly",6083,5653,0,3.12530591600807
"11747","weekly",6083,5654,0,3.12316101850593
"11748","weekly",6083,5655,0,3.1043589618057
"11749","weekly",6083,5656,0,3.06797465923592
"11750","weekly",6083,5657,0,3.01558986038435
"11751","weekly",6083,5658,0,2.95117059157928
"11752","weekly",6083,5659,0,2.88054224551888
"11753","weekly",6083,5660,0,2.81061037961626
"11754","weekly",6083,5661,0,2.74852859566454
"11755","weekly",6083,5662,0,2.70098843509913
"11756","weekly",6083,5663,0,2.67372249046457
"11757","weekly",6083,5664,0,2.67121488737757
"11758","weekly",6083,5665,0,2.69654207042186
"11759","weekly",6083,5666,0,2.75124059210066
"11760","weekly",6083,5667,0,2.83511776075466
"11761","weekly",6083,5668,0,2.94597641637665
"11762","weekly",6083,5669,0,3.07930425964878
"11763","weekly",6083,5670,0,3.22806323759141
"11764","weekly",6083,5671,0,3.38277621075395
"11765","weekly",6083,5672,0,3.53210586574278
"11766","weekly",6083,5673,0,3.66401930266875
"11767","weekly",6083,5674,0,3.7673549487954
"11768","weekly",6083,5675,0,3.83376172411954
"11769","weekly",6083,5676,0,3.85916351285414
"11770","weekly",6083,5677,0,3.84427644597599
"11771","weekly",6083,5678,0,3.79436608945252
"11772","weekly",6083,5679,0,3.71806748799281
"11773","weekly",6083,5680,0,3.62572185622412
"11774","weekly",6083,5681,0,3.52769193114364
"11775","weekly",6083,5682,0,3.43301713000983
"11776","weekly",6083,5683,0,3.34857536008349
"11777","weekly",6083,5684,0,3.27873710816493
"11778","weekly",6083,5685,0,3.22539419980603
"11779","weekly",6083,5686,0,3.18822772725252
"11780","weekly",6083,5687,0,3.16511629227898
"11781","weekly",6083,5688,0,3.1526359670388
"11782","weekly",6083,5689,0,3.14663543525967
"11783","weekly",6083,5690,0,3.14286910096416
"11784","weekly",6083,5691,0,3.13764171634102
"11785","weekly",6083,5692,0,3.12838009611005
"11786","weekly",6083,5693,0,3.11402745556552
"11787","weekly",6083,5694,0,3.09517347940709
"11788","weekly",6083,5695,0,3.07388833508594
"11789","weekly",6083,5696,0,3.05329973154585
"11790","weekly",6083,5697,0,3.03700768799172
"11791","weekly",6083,5698,0,3.02845033301855
"11792","weekly",6083,5699,0,3.03031574364286
"11793","weekly",6083,5700,0,3.04405845387373
"11794","weekly",6083,5701,0,3.06954935193062
"11795","weekly",6083,5702,0,3.10488024717779
"11796","weekly",6083,5703,0,3.14635910725337
"11797","weekly",6083,5704,0,3.18875215758453
"11798","weekly",6083,5705,0,3.22582811742905
"11799","weekly",6083,5706,0,3.25121389623382
"11800","weekly",6083,5707,0,3.25947599063511
"11801","weekly",6083,5708,0,3.24722722824663
"11802","weekly",6083,5709,0,3.21398390611284
"11803","weekly",6083,5710,0,3.16252268181415
"11804","weekly",6083,5711,0,3.09862407678156
"11805","weekly",6083,5712,0,3.03028699054266
"11806","weekly",6083,5713,0,2.96666083834134
"11807","weekly",6083,5714,0,2.916991383594
"11808","weekly",6083,5715,0,2.8898011733254
"11809","weekly",6083,5716,0,2.89237795150257
"11810","weekly",6083,5717,0,2.93053540270193
"11811","weekly",6083,5718,0,3.00833966743085
"11812","weekly",6083,5719,0,3.12780115930946
"11813","weekly",6083,5720,0,3.28841091954382
"11814","weekly",6083,5721,0,3.48633232389693
"11815","weekly",6083,5722,0,3.71355703027803
"11816","weekly",6083,5723,0,3.95733987595304
"11817","weekly",6083,5724,0,4.20039503148291
"11818","weekly",6083,5725,0,4.42229027746362
"11819","weekly",6083,5726,0,4.60216053639306
"11820","weekly",6083,5727,0,4.72231450519757
"11821","weekly",6083,5728,0,4.7717648325488
"11822","weekly",6083,5729,0,4.7485137290787
"11823","weekly",6083,5730,0,4.65977827529423
"11824","weekly",6083,5731,0,4.52011221612338
"11825","weekly",6083,5732,0,4.34815695940051
"11826","weekly",6083,5733,0,4.16312554918113
"11827","weekly",6083,5734,0,3.98196936876047
"11828","weekly",6083,5735,0,3.81769486205303
"11829","weekly",6083,5736,0,3.6788006334391
"11830","weekly",6083,5737,0,3.56950839262572
"11831","weekly",6083,5738,0,3.49040310303099
"11832","weekly",6083,5739,0,3.43919777078554
"11833","weekly",6083,5740,0,3.41148857475491
"11834","weekly",6083,5741,0,3.40148748326465
"11835","weekly",6083,5742,0,3.40277452245937
"11836","weekly",6083,5743,0,3.40909650368849
"11837","weekly",6083,5744,0,3.41517479514005
"11838","weekly",6083,5745,0,3.41741175297648
"11839","weekly",6083,5746,0,3.4143489934213
"11840","weekly",6083,5747,0,3.40675925574033
"11841","weekly",6083,5748,0,3.39734016041621
"11842","weekly",6083,5749,0,3.39008184892009
"11843","weekly",6083,5750,0,3.38945173833054
"11844","weekly",6083,5751,0,3.39955136220669
"11845","weekly",6083,5752,0,3.42336191431968
"11846","weekly",6083,5753,0,3.46214145747945
"11847","weekly",6083,5754,0,3.51500367408153
"11848","weekly",6083,5755,0,3.57871220447123
"11849","weekly",6083,5756,0,3.64775588034536
"11850","weekly",6083,5757,0,3.71479560871376
"11851","weekly",6083,5758,0,3.77155134934583
"11852","weekly",6083,5759,0,3.81009972494212
"11853","weekly",6083,5760,0,3.82439282123232
"11854","weekly",6083,5761,0,3.81165455564042
"11855","weekly",6083,5762,0,3.77326026017545
"11856","weekly",6083,5763,0,3.71482228237437
"11857","weekly",6083,5764,0,3.6454606053012
"11858","weekly",6083,5765,0,3.57651116637862
"11859","weekly",6083,5766,0,3.52007632702589
"11860","weekly",6083,5767,0,3.48778667164152
"11861","weekly",6083,5768,0,3.48996329991496
"11862","weekly",6083,5769,0,3.53515003997018
"11863","weekly",6083,5770,0,3.62982073554303
"11864","weekly",6083,5771,0,3.77800326765282
"11865","weekly",6083,5772,0,3.98060319555225
"11866","weekly",6083,5773,0,4.23434751009336
"11867","weekly",6083,5774,0,4.53049500420457
"11868","weekly",6083,5775,0,4.85374500491889
"11869","weekly",6083,5776,0,5.18202792006196
"11870","weekly",6083,5777,0,5.48790633818135
"11871","weekly",6083,5778,0,5.74197089267545
"11872","weekly",6083,5779,0,5.91785378931672
"11873","weekly",6083,5780,0,5.9975866729219
"11874","weekly",6083,5781,0,5.97552863677265
"11875","weekly",6083,5782,0,5.85941607123823
"11876","weekly",6083,5783,0,5.66817825485487
"11877","weekly",6083,5784,0,5.42742820398416
"11878","weekly",6083,5785,0,5.16427181943436
"11879","weekly",6083,5786,0,4.90297396251117
"11880","weekly",6083,5787,0,4.66231693117879
"11881","weekly",6083,5788,0,4.45468665694352
"11882","weekly",6083,5789,0,4.28640835703118
"11883","weekly",6083,5790,0,4.15872352066799
"11884","weekly",6083,5791,0,4.06893807815504
"11885","weekly",6083,5792,0,4.01150410747505
"11886","weekly",6083,5793,0,3.97899621515535
"11887","weekly",6083,5794,0,3.96304869110463
"11888","weekly",6083,5795,0,3.95532219175948
"11889","weekly",6083,5796,0,3.94849437716766
"11890","weekly",6083,5797,0,3.93716706428677
"11891","weekly",6083,5798,0,3.91851360627334
"11892","weekly",6083,5799,0,3.89250072112191
"11893","weekly",6083,5800,0,3.86161342213745
"11894","weekly",6083,5801,0,3.83014605098288
"11895","weekly",6083,5802,0,3.80323021081858
"11896","weekly",6083,5803,0,3.78580505700666
"11897","weekly",6083,5804,0,3.78169671905925
"11898","weekly",6083,5805,0,3.79290066054091
"11899","weekly",6083,5806,0,3.81910181869171
"11900","weekly",6083,5807,0,3.85745102123474
"11901","weekly",6083,5808,0,3.90263885390596
"11902","weekly",6083,5809,0,3.94733801519033
"11903","weekly",6083,5810,0,3.98307730135275
"11904","weekly",6083,5811,0,4.00153014840907
"11905","weekly",6083,5812,0,3.99605164839886
"11906","weekly",6083,5813,0,3.96313860343071
"11907","weekly",6083,5814,0,3.9034386544663
"11908","weekly",6083,5815,0,3.82189678944997
"11909","weekly",6083,5816,0,3.72710341220954
"11910","weekly",6083,5817,0,3.630055385991
"11911","weekly",6083,5818,0,3.5426068121451
"11912","weekly",6083,5819,0,3.47611548245186
"11913","weekly",6083,5820,0,3.4404973173514
"11914","weekly",6083,5821,0,3.44370456543402
"11915","weekly",6083,5822,0,3.49146498300252
"11916","weekly",6083,5823,0,3.58704079870949
"11917","weekly",6083,5824,0,3.7307938109152
"11918","weekly",6083,5825,0,3.91946053193533
"11919","weekly",6083,5826,0,4.14523113382165
"11920","weekly",6083,5827,0,4.39495920072659
"11921","weekly",6083,5828,0,4.6500351675204
"11922","weekly",6083,5829,0,4.88750552624697
"11923","weekly",6083,5830,0,5.08277001799433
"11924","weekly",6083,5831,0,5.2136065371451
"11925","weekly",6083,5832,0,5.26455697108759
"11926","weekly",6083,5833,0,5.2302624428703
"11927","weekly",6083,5834,0,5.11652680434054
"11928","weekly",6083,5835,0,4.93871633301023
"11929","weekly",6083,5836,0,4.71813874613144
"11930","weekly",6083,5837,0,4.47771030472359
"11931","weekly",6083,5838,0,4.23821532222792
"11932","weekly",6083,5839,0,4.01592890874599
"11933","weekly",6083,5840,0,3.82170637758099
"11934","weekly",6083,5841,0,3.66117901337566
"11935","weekly",6083,5842,0,3.53554853299283
"11936","weekly",6083,5843,0,3.44256491184933
"11937","weekly",6083,5844,0,3.37746244409936
"11938","weekly",6083,5845,0,3.33380311256042
"11939","weekly",6083,5846,0,3.30427650082856
"11940","weekly",6083,5847,0,3.28151873708703
"11941","weekly",6083,5848,0,3.25895657757064
"11942","weekly",6083,5849,0,3.23159581187065
"11943","weekly",6083,5850,0,3.19660710039898
"11944","weekly",6083,5851,0,3.15356076287571
"11945","weekly",6083,5852,0,3.1042357684928
"11946","weekly",6083,5853,0,3.05204484253773
"11947","weekly",6083,5854,0,3.00121957683587
"11948","weekly",6083,5855,0,2.95594039719435
"11949","weekly",6083,5856,0,2.91956857542391
"11950","weekly",6083,5857,0,2.89407097309595
"11951","weekly",6083,5858,0,2.87966556815081
"11952","weekly",6083,5859,0,2.87468608541531
"11953","weekly",6083,5860,0,2.87566992014763
"11954","weekly",6083,5861,0,2.87769417578238
"11955","weekly",6083,5862,0,2.8749878204253
"11956","weekly",6083,5863,0,2.86180688792956
"11957","weekly",6083,5864,0,2.83347127007437
"11958","weekly",6083,5865,0,2.78735885946662
"11959","weekly",6083,5866,0,2.72359668207355
"11960","weekly",6083,5867,0,2.64523392371484
"11961","weekly",6083,5868,0,2.557832474733
"11962","weekly",6083,5869,0,2.46860337440739
"11963","weekly",6083,5870,0,2.38535559654702
"11964","weekly",6083,5871,0,2.3155407102895
"11965","weekly",6083,5872,0,2.26557843643241
"11966","weekly",6083,5873,0,2.24049791318248
"11967","weekly",6083,5874,0,2.24380132398801
"11968","weekly",6083,5875,0,2.27739366504829
"11969","weekly",6083,5876,0,2.34143086508266
"11970","weekly",6083,5877,0,2.43400473133079
"11971","weekly",6083,5878,0,2.55069167868351
"11972","weekly",6083,5879,0,2.68412547622574
"11973","weekly",6083,5880,0,2.82387748174369
"11974","weekly",6083,5881,0,2.95697559500695
"11975","weekly",6083,5882,0,3.0692857967515
"11976","weekly",6083,5883,0,3.14768377473229
"11977","weekly",6083,5884,0,3.18254361118306
"11978","weekly",6083,5885,0,3.16977667799802
"11979","weekly",6083,5886,0,3.11168727229233
"11980","weekly",6083,5887,0,3.01632123763557
"11981","weekly",6083,5888,0,2.89556793071097
"11982","weekly",6083,5889,0,2.76270893559558
"11983","weekly",6083,5890,0,2.63017682984355
"11984","weekly",6083,5891,0,2.50802790003945
"11985","weekly",6083,5892,0,2.40325228625443
"11986","weekly",6083,5893,0,2.31975164831965
"11987","weekly",6083,5894,0,2.25869876996148
"11988","weekly",6083,5895,0,2.21902916987892
"11989","weekly",6083,5896,0,2.19792408653302
"11990","weekly",6083,5897,0,2.19125632746727
"11991","weekly",6083,5898,0,2.19404305919306
"11992","weekly",6083,5899,0,2.20096566120628
"11993","weekly",6083,5900,0,2.20697829528945
"11994","weekly",6083,5901,0,2.20795415173052
"11995","weekly",6083,5902,0,2.20124864109675
"11996","weekly",6083,5903,0,2.18603373199585
"11997","weekly",6083,5904,0,2.16329976156703
"11998","weekly",6083,5905,0,2.13551560477936
"11999","weekly",6083,5906,0,2.10603860439733
"12000","weekly",6083,5907,0,2.078423450439
"12001","weekly",6083,5908,0,2.05577430277481
"12002","weekly",6083,5909,0,2.04023401864106
"12003","weekly",6083,5910,0,2.03266630199505
"12004","weekly",6083,5911,0,2.03244565890054
"12005","weekly",6083,5912,0,2.03745906535187
"12006","weekly",6083,5913,0,2.0443319742626
"12007","weekly",6083,5914,0,2.04880281930673
"12008","weekly",6083,5915,0,2.04634396638721
"12009","weekly",6083,5916,0,2.03295731393155
"12010","weekly",6083,5917,0,2.00600623700302
"12011","weekly",6083,5918,0,1.96487663150765
"12012","weekly",6083,5919,0,1.91126475526835
"12013","weekly",6083,5920,0,1.84899057180155
"12014","weekly",6083,5921,0,1.78339533266262
"12015","weekly",6083,5922,0,1.72052055355744
"12016","weekly",6083,5923,0,1.6663113689865
"12017","weekly",6083,5924,0,1.62602657004027
"12018","weekly",6083,5925,0,1.60391571986838
"12019","weekly",6083,5926,0,1.60310632167966
"12020","weekly",6083,5927,0,1.62557597673731
"12021","weekly",6083,5928,0,1.67207658782718
"12022","weekly",6083,5929,0,1.74191985584912
"12023","weekly",6083,5930,0,1.83261294831755
"12024","weekly",6083,5931,0,1.93943994143046
"12025","weekly",6083,5932,0,2.05519826550153
"12026","weekly",6083,5933,0,2.17037307447754
"12027","weekly",6083,5934,0,2.27399496099679
"12028","weekly",6083,5935,0,2.35522419289919
"12029","weekly",6083,5936,0,2.40537198627135
"12030","weekly",6083,5937,0,2.41976381844142
"12031","weekly",6083,5938,0,2.39878110517748
"12032","weekly",6083,5939,0,2.34768634440843
"12033","weekly",6083,5940,0,2.27532123128185
"12034","weekly",6083,5941,0,2.19218999610166
"12035","weekly",6083,5942,0,2.10857543576276
"12036","weekly",6083,5943,0,2.0331638790085
"12037","weekly",6083,5944,0,1.97233892319491
"12038","weekly",6083,5945,0,1.93003382786992
"12039","weekly",6083,5946,0,1.90790928259958
"12040","weekly",6083,5947,0,1.90563947812188
"12041","weekly",6083,5948,0,1.92118316725828
"12042","weekly",6083,5949,0,1.95102511710138
"12043","weekly",6083,5950,0,1.99045464597293
"12044","weekly",6083,5951,0,2.03397686465178
"12045","weekly",6083,5952,0,2.07591724878876
"12046","weekly",6083,5953,0,2.11118939711014
"12047","weekly",6083,5954,0,2.136086147686
"12048","weekly",6083,5955,0,2.14888445971883
"12049","weekly",6083,5956,0,2.15007401772891
"12050","weekly",6083,5957,0,2.14213054877473
"12051","weekly",6083,5958,0,2.12890299109858
"12052","weekly",6083,5959,0,2.11479230693658
"12053","weekly",6083,5960,0,2.10392207856057
"12054","weekly",6083,5961,0,2.09944639966125
"12055","weekly",6083,5962,0,2.1030581605155
"12056","weekly",6083,5963,0,2.11470155228744
"12057","weekly",6083,5964,0,2.1324804884498
"12058","weekly",6083,5965,0,2.15278035422671
"12059","weekly",6083,5966,0,2.17065092053963
"12060","weekly",6083,5967,0,2.18049278299441
"12061","weekly",6083,5968,0,2.17702117946465
"12062","weekly",6083,5969,0,2.15635902518989
"12063","weekly",6083,5970,0,2.11699288402451
"12064","weekly",6083,5971,0,2.06029468827182
"12065","weekly",6083,5972,0,1.99042058098712
"12066","weekly",6083,5973,0,1.91361446806695
"12067","weekly",6083,5974,0,1.83715740661137
"12068","weekly",6083,5975,0,1.76829945188365
"12069","weekly",6083,5976,0,1.71344902360579
"12070","weekly",6083,5977,0,1.67773154808674
"12071","weekly",6083,5978,0,1.66486077135778
"12072","weekly",6083,5979,0,1.67716362400097
"12073","weekly",6083,5980,0,1.71558099199319
"12074","weekly",6083,5981,0,1.77951514447341
"12075","weekly",6083,5982,0,1.86648769292515
"12076","weekly",6083,5983,0,1.9716951266455
"12077","weekly",6083,5984,0,2.08768268121639
"12078","weekly",6083,5985,0,2.20445405683131
"12079","weekly",6083,5986,0,2.31031411120784
"12080","weekly",6083,5987,0,2.39353369441233
"12081","weekly",6083,5988,0,2.44455323240254
"12082","weekly",6083,5989,0,2.4580751308531
"12083","weekly",6083,5990,0,2.43428390726331
"12084","weekly",6083,5991,0,2.3787153820158
"12085","weekly",6083,5992,0,2.30084818706382
"12086","weekly",6083,5993,0,2.21198883480974
"12087","weekly",6083,5994,0,2.12318928260356
"12088","weekly",6083,5995,0,2.04374174182885
"12089","weekly",6083,5996,0,1.98042825356242
"12090","weekly",6083,5997,0,1.93739038167405
"12091","weekly",6083,5998,0,1.91634541025269
"12092","weekly",6083,5999,0,1.91689866859815
"12093","weekly",6083,6000,0,1.93681320891483
"12094","weekly",6083,6001,0,1.9722261429124
"12095","weekly",6083,6002,0,2.01789844944142
"12096","weekly",6083,6003,0,2.06762341916328
"12097","weekly",6083,6004,0,2.11488148104399
"12098","weekly",6083,6005,0,2.15372028914862
"12099","weekly",6083,6006,0,2.17969930623076
"12100","weekly",6083,6007,0,2.19065727255656
"12101","weekly",6083,6008,0,2.18699209726765
"12102","weekly",6083,6009,0,2.171426047571
"12103","weekly",6083,6010,0,2.14833207469201
"12104","weekly",6083,6011,0,2.12275656478596
"12105","weekly",6083,6012,0,2.09945757349487
"12106","weekly",6083,6013,0,2.08212324552005
"12107","weekly",6083,6014,0,2.072843951697
"12108","weekly",6083,6015,0,2.07183074430213
"12109","weekly",6083,6016,0,2.07735069392947
"12110","weekly",6083,6017,0,2.08587676388561
"12111","weekly",6083,6018,0,2.09248856935301
"12112","weekly",6083,6019,0,2.0915651388932
"12113","weekly",6083,6020,0,2.07775011588819
"12114","weekly",6083,6021,0,2.04704965028213
"12115","weekly",6083,6022,0,1.99779987713555
"12116","weekly",6083,6023,0,1.93120114813792
"12117","weekly",6083,6024,0,1.8512193976494
"12118","weekly",6083,6025,0,1.76387465529842
"12119","weekly",6083,6026,0,1.67616072605597
"12120","weekly",6083,6027,0,1.59494537653518
"12121","weekly",6083,6028,0,1.52614140979131
"12122","weekly",6083,6029,0,1.47427133758902
"12123","weekly",6083,6030,0,1.442374327773
"12124","weekly",6083,6031,0,1.43209962849505
"12125","weekly",6083,6032,0,1.44381380744744
"12126","weekly",6083,6033,0,1.4765976430208
"12127","weekly",6083,6034,0,1.52809290814912
"12128","weekly",6083,6035,0,1.59425978566287
"12129","weekly",6083,6036,0,1.66920520865824
"12130","weekly",6083,6037,0,1.74530904614949
"12131","weekly",6083,6038,0,1.81385653690086
"12132","weekly",6083,6039,0,1.86623680879711
"12133","weekly",6083,6040,0,1.89550691191107
"12134","weekly",6083,6041,0,1.89786628662841
"12135","weekly",6083,6042,0,1.87350911434623
"12136","weekly",6083,6043,0,1.82651768194046
"12137","weekly",6083,6044,0,1.76384548697388
"12138","weekly",6083,6045,0,1.69379132986069
"12139","weekly",6083,6046,0,1.62448990353732
"12140","weekly",6083,6047,0,1.56281259778189
"12141","weekly",6083,6048,0,1.51381282799412
"12142","weekly",6083,6049,0,1.48062443590607
"12143","weekly",6083,6050,0,1.46461694967002
"12144","weekly",6083,6051,0,1.46562358998926
"12145","weekly",6083,6052,0,1.48213592733373
"12146","weekly",6083,6053,0,1.51145171697135
"12147","weekly",6083,6054,0,1.54983566823648
"12148","weekly",6083,6055,0,1.59278597077355
"12149","weekly",6083,6056,0,1.63547933311202
"12150","weekly",6083,6057,0,1.67339426968829
"12151","weekly",6083,6058,0,1.70301131260931
"12152","weekly",6083,6059,0,1.72240975199384
"12153","weekly",6083,6060,0,1.73157472308958
"12154","weekly",6083,6061,0,1.73231123629375
"12155","weekly",6083,6062,0,1.72779407349299
"12156","weekly",6083,6063,0,1.72189417338814
"12157","weekly",6083,6064,0,1.71846033690963
"12158","weekly",6083,6065,0,1.72069687384646
"12159","weekly",6083,6066,0,1.73070293132332
"12160","weekly",6083,6067,0,1.74917670036666
"12161","weekly",6083,6068,0,1.77526636776747
"12162","weekly",6083,6069,0,1.80656902678311
"12163","weekly",6083,6070,0,1.83931517894962
"12164","weekly",6083,6071,0,1.86879527065321
"12165","weekly",6083,6072,0,1.89005473622819
"12166","weekly",6083,6073,0,1.89879625246977
"12167","weekly",6083,6074,0,1.8923122092674
"12168","weekly",6083,6075,0,1.87019256781787
"12169","weekly",6083,6076,0,1.8345790587191
"12170","weekly",6083,6077,0,1.78987892446457
"12171","weekly",6083,6078,0,1.74204604991246
"12172","weekly",6083,6079,0,1.69768006459344
"12173","weekly",6083,6080,0,1.66321331413928
"12174","weekly",6083,6081,0,1.64435853724717
"12175","infects",6083,0,0,398.939321551233
"12176","infects",6083,1,0,374.133210683657
"12177","infects",6083,2,0,352.314856831449
"12178","infects",6083,3,0,333.671609422293
"12179","infects",6083,4,0,318.282506781747
"12180","infects",6083,5,0,306.168244470988
"12181","infects",6083,6,0,297.326479876234
"12182","infects",6083,7,0,291.754243632434
"12183","infects",6083,8,0,289.45944361292
"12184","infects",6083,9,0,290.462875810221
"12185","infects",6083,10,0,294.79115086597
"12186","infects",6083,11,0,302.459953446526
"12187","infects",6083,12,0,313.446530804495
"12188","infects",6083,13,0,327.650742770372
"12189","infects",6083,14,0,344.845903736755
"12190","infects",6083,15,0,364.624381051397
"12191","infects",6083,16,0,386.348351762937
"12192","infects",6083,17,0,409.1220748868
"12193","infects",6083,18,0,431.805845317053
"12194","infects",6083,19,0,453.089623880922
"12195","infects",6083,20,0,471.6328412267
"12196","infects",6083,21,0,486.256097209321
"12197","infects",6083,22,0,496.146391242336
"12198","infects",6083,23,0,501.021416134604
"12199","infects",6083,24,0,501.201542803664
"12200","infects",6083,25,0,497.563573533988
"12201","infects",6083,26,0,491.388741937854
"12202","infects",6083,27,0,484.1508397768
"12203","infects",6083,28,0,477.303155381057
"12204","infects",6083,29,0,472.111477016015
"12205","infects",6083,30,0,469.554002588997
"12206","infects",6083,31,0,470.282239033595
"12207","infects",6083,32,0,474.620786566141
"12208","infects",6083,33,0,482.581264846947
"12209","infects",6083,34,0,493.873244900725
"12210","infects",6083,35,0,507.907413640207
"12211","infects",6083,36,0,523.798581001318
"12212","infects",6083,37,0,540.398511579027
"12213","infects",6083,38,0,556.303324981706
"12214","infects",6083,39,0,570.024157718317
"12215","infects",6083,40,0,580.106245057544
"12216","infects",6083,41,0,585.324978488135
"12217","infects",6083,42,0,584.865784009568
"12218","infects",6083,43,0,578.449143024444
"12219","infects",6083,44,0,566.363484279855
"12220","infects",6083,45,0,549.394545573504
"12221","infects",6083,46,0,528.671531922762
"12222","infects",6083,47,0,505.47391309074
"12223","infects",6083,48,0,481.048466630088
"12224","infects",6083,49,0,456.474241808616
"12225","infects",6083,50,0,432.59171386717
"12226","infects",6083,51,0,409.991895676608
"12227","infects",6083,52,0,389.048435620569
"12228","infects",6083,53,0,369.972116727599
"12229","infects",6083,54,0,352.870105707842
"12230","infects",6083,55,0,337.798078247743
"12231","infects",6083,56,0,324.799151500942
"12232","infects",6083,57,0,313.928037535373
"12233","infects",6083,58,0,305.261727100456
"12234","infects",6083,59,0,298.899516328644
"12235","infects",6083,60,0,294.95555411788
"12236","infects",6083,61,0,293.546538527816
"12237","infects",6083,62,0,294.776003284692
"12238","infects",6083,63,0,298.715223189419
"12239","infects",6083,64,0,305.37967089964
"12240","infects",6083,65,0,314.699760741059
"12241","infects",6083,66,0,326.485827040708
"12242","infects",6083,67,0,340.390191709697
"12243","infects",6083,68,0,355.873604377339
"12244","infects",6083,69,0,372.188298899284
"12245","infects",6083,70,0,388.393290778666
"12246","infects",6083,71,0,403.416287556101
"12247","infects",6083,72,0,416.167904250137
"12248","infects",6083,73,0,425.697496721683
"12249","infects",6083,74,0,431.360286501222
"12250","infects",6083,75,0,432.951582336877
"12251","infects",6083,76,0,430.765350847146
"12252","infects",6083,77,0,425.554562980007
"12253","infects",6083,78,0,418.40258342889
"12254","infects",6083,79,0,410.543496789697
"12255","infects",6083,80,0,403.180970589861
"12256","infects",6083,81,0,397.34617095277
"12257","infects",6083,82,0,393.812845429461
"12258","infects",6083,83,0,393.064635592142
"12259","infects",6083,84,0,395.295762729671
"12260","infects",6083,85,0,400.424296680373
"12261","infects",6083,86,0,408.104409602496
"12262","infects",6083,87,0,417.735322602155
"12263","infects",6083,88,0,428.47553813264
"12264","infects",6083,89,0,439.277965981086
"12265","infects",6083,90,0,448.94133617287
"12266","infects",6083,91,0,456.299948588162
"12267","infects",6083,92,0,460.281762767494
"12268","infects",6083,93,0,460.126512908303
"12269","infects",6083,94,0,455.505010638821
"12270","infects",6083,95,0,446.577584066379
"12271","infects",6083,96,0,433.957643557569
"12272","infects",6083,97,0,418.588141494177
"12273","infects",6083,98,0,401.566566771654
"12274","infects",6083,99,0,383.966859969479
"12275","infects",6083,100,0,366.699975288863
"12276","infects",6083,101,0,350.434890801817
"12277","infects",6083,102,0,335.579963412584
"12278","infects",6083,103,0,322.309734915429
"12279","infects",6083,104,0,310.617531044458
"12280","infects",6083,105,0,300.37698474921
"12281","infects",6083,106,0,291.401440279616
"12282","infects",6083,107,0,283.495429375823
"12283","infects",6083,108,0,276.495506396428
"12284","infects",6083,109,0,270.298924699732
"12285","infects",6083,110,0,264.879036123844
"12286","infects",6083,111,0,260.286957703539
"12287","infects",6083,112,0,256.64040331796
"12288","infects",6083,113,0,254.102287821614
"12289","infects",6083,114,0,252.852990245272
"12290","infects",6083,115,0,253.06033584419
"12291","infects",6083,116,0,254.850337097903
"12292","infects",6083,117,0,258.280121297345
"12293","infects",6083,118,0,263.313247316503
"12294","infects",6083,119,0,269.797647125225
"12295","infects",6083,120,0,277.448067720008
"12296","infects",6083,121,0,285.837737722105
"12297","infects",6083,122,0,294.406829021655
"12298","infects",6083,123,0,302.496236278003
"12299","infects",6083,124,0,309.412215585194
"12300","infects",6083,125,0,314.519441853741
"12301","infects",6083,126,0,317.348413140733
"12302","infects",6083,127,0,317.692334565383
"12303","infects",6083,128,0,315.664923461262
"12304","infects",6083,129,0,311.698397985775
"12305","infects",6083,130,0,306.478919140719
"12306","infects",6083,131,0,300.837228413298
"12307","infects",6083,132,0,295.62517302941
"12308","infects",6083,133,0,291.614742913198
"12309","infects",6083,134,0,289.401457373271
"12310","infects",6083,135,0,289.39915988084
"12311","infects",6083,136,0,291.80928425495
"12312","infects",6083,137,0,296.624035707526
"12313","infects",6083,138,0,303.624606988022
"12314","infects",6083,139,0,312.375520778247
"12315","infects",6083,140,0,322.221732475573
"12316","infects",6083,141,0,332.303124522339
"12317","infects",6083,142,0,341.604068282145
"12318","infects",6083,143,0,349.050685356278
"12319","infects",6083,144,0,353.653852997222
"12320","infects",6083,145,0,354.674805100799
"12321","infects",6083,146,0,351.771123171827
"12322","infects",6083,147,0,345.07568330397
"12323","infects",6083,148,0,335.177018227496
"12324","infects",6083,149,0,323.002393341723
"12325","infects",6083,150,0,309.639185752252
"12326","infects",6083,151,0,296.148379360482
"12327","infects",6083,152,0,283.418339732324
"12328","infects",6083,153,0,272.083813206767
"12329","infects",6083,154,0,262.508713935807
"12330","infects",6083,155,0,254.81397936192
"12331","infects",6083,156,0,248.927559886114
"12332","infects",6083,157,0,244.639022686244
"12333","infects",6083,158,0,241.650215298291
"12334","infects",6083,159,0,239.620364516979
"12335","infects",6083,160,0,238.207661582979
"12336","infects",6083,161,0,237.108947672186
"12337","infects",6083,162,0,236.096135376053
"12338","infects",6083,163,0,235.044886325176
"12339","infects",6083,164,0,233.949567259888
"12340","infects",6083,165,0,232.919888674871
"12341","infects",6083,166,0,232.158586166613
"12342","infects",6083,167,0,231.924259652964
"12343","infects",6083,168,0,232.486753029822
"12344","infects",6083,169,0,234.082819057501
"12345","infects",6083,170,0,236.877556611435
"12346","infects",6083,171,0,240.93392537086
"12347","infects",6083,172,0,246.190529473298
"12348","infects",6083,173,0,252.447995138309
"12349","infects",6083,174,0,259.366482537962
"12350","infects",6083,175,0,266.479737371468
"12351","infects",6083,176,0,273.232363872434
"12352","infects",6083,177,0,279.044434926819
"12353","infects",6083,178,0,283.400099601641
"12354","infects",6083,179,0,285.946046147512
"12355","infects",6083,180,0,286.576172792533
"12356","infects",6083,181,0,285.476703169109
"12357","infects",6083,182,0,283.114973569005
"12358","infects",6083,183,0,280.172927370189
"12359","infects",6083,184,0,277.444735467627
"12360","infects",6083,185,0,275.727519776423
"12361","infects",6083,186,0,275.720684446475
"12362","infects",6083,187,0,278.000630789155
"12363","infects",6083,188,0,282.940665370691
"12364","infects",6083,189,0,290.718116478625
"12365","infects",6083,190,0,301.287295561114
"12366","infects",6083,191,0,314.348656521588
"12367","infects",6083,192,0,329.31157981317
"12368","infects",6083,193,0,345.267541515213
"12369","infects",6083,194,0,361.001641802119
"12370","infects",6083,195,0,375.073258325428
"12371","infects",6083,196,0,385.984171609257
"12372","infects",6083,197,0,392.422224073456
"12373","infects",6083,198,0,393.528312095441
"12374","infects",6083,199,0,389.104368527258
"12375","infects",6083,200,0,379.682929683742
"12376","infects",6083,201,0,366.422983388064
"12377","infects",6083,202,0,350.86359263307
"12378","infects",6083,203,0,334.619925486859
"12379","infects",6083,204,0,319.117043980648
"12380","infects",6083,205,0,305.424409550603
"12381","infects",6083,206,0,294.203228619791
"12382","infects",6083,207,0,285.738589400529
"12383","infects",6083,208,0,280.013459255103
"12384","infects",6083,209,0,276.788893815888
"12385","infects",6083,210,0,275.671873055727
"12386","infects",6083,211,0,276.168858226359
"12387","infects",6083,212,0,277.732583057088
"12388","infects",6083,213,0,279.811436889392
"12389","infects",6083,214,0,281.906519723414
"12390","infects",6083,215,0,283.633277856901
"12391","infects",6083,216,0,284.776523873089
"12392","infects",6083,217,0,285.323704713937
"12393","infects",6083,218,0,285.464252780056
"12394","infects",6083,219,0,285.552107022907
"12395","infects",6083,220,0,286.039690816018
"12396","infects",6083,221,0,287.399126041167
"12397","infects",6083,222,0,290.046894597463
"12398","infects",6083,223,0,294.282506101406
"12399","infects",6083,224,0,300.244233874064
"12400","infects",6083,225,0,307.880151183932
"12401","infects",6083,226,0,316.93279217357
"12402","infects",6083,227,0,326.940037442226
"12403","infects",6083,228,0,337.260220268115
"12404","infects",6083,229,0,347.131784285956
"12405","infects",6083,230,0,355.779932609865
"12406","infects",6083,231,0,362.52609467643
"12407","infects",6083,232,0,366.963496774512
"12408","infects",6083,233,0,369.052794387132
"12409","infects",6083,234,0,369.175347334788
"12410","infects",6083,235,0,368.097045530625
"12411","infects",6083,236,0,366.856587255466
"12412","infects",6083,237,0,366.613459367216
"12413","infects",6083,238,0,368.498945052094
"12414","infects",6083,239,0,373.501151026359
"12415","infects",6083,240,0,382.391200530354
"12416","infects",6083,241,0,395.675849055376
"12417","infects",6083,242,0,413.551449866425
"12418","infects",6083,243,0,435.83807590398
"12419","infects",6083,244,0,461.888647432304
"12420","infects",6083,245,0,490.492362226393
"12421","infects",6083,246,0,519.818976596593
"12422","infects",6083,247,0,547.470188046753
"12423","infects",6083,248,0,570.700284344092
"12424","infects",6083,249,0,586.824854363768
"12425","infects",6083,250,0,593.754664288105
"12426","infects",6083,251,0,590.503688054989
"12427","infects",6083,252,0,577.482099525858
"12428","infects",6083,253,0,556.440717761954
"12429","infects",6083,254,0,530.070478230883
"12430","infects",6083,255,0,501.404566004537
"12431","infects",6083,256,0,473.236434188029
"12432","infects",6083,257,0,447.723303857832
"12433","infects",6083,258,0,426.234272992177
"12434","infects",6083,259,0,409.398209679434
"12435","infects",6083,260,0,397.257446877801
"12436","infects",6083,261,0,389.440824281318
"12437","infects",6083,262,0,385.30680031455
"12438","infects",6083,263,0,384.045857377691
"12439","infects",6083,264,0,384.756074516109
"12440","infects",6083,265,0,386.513726153079
"12441","infects",6083,266,0,388.455235849734
"12442","infects",6083,267,0,389.872748180832
"12443","infects",6083,268,0,390.309174647348
"12444","infects",6083,269,0,389.627274054585
"12445","infects",6083,270,0,388.027670004063
"12446","infects",6083,271,0,386.004156109463
"12447","infects",6083,272,0,384.2451685666
"12448","infects",6083,273,0,383.507148685995
"12449","infects",6083,274,0,384.490096493622
"12450","infects",6083,275,0,387.737191713798
"12451","infects",6083,276,0,393.565767224684
"12452","infects",6083,277,0,402.025212709065
"12453","infects",6083,278,0,412.874224625574
"12454","infects",6083,279,0,425.575333915982
"12455","infects",6083,280,0,439.31456943455
"12456","infects",6083,281,0,453.061980705796
"12457","infects",6083,282,0,465.687941405228
"12458","infects",6083,283,0,476.119825312541
"12459","infects",6083,284,0,483.608001859924
"12460","infects",6083,285,0,487.840050395701
"12461","infects",6083,286,0,489.101755998228
"12462","infects",6083,287,0,488.265283914965
"12463","infects",6083,288,0,486.664520035503
"12464","infects",6083,289,0,485.888630961313
"12465","infects",6083,290,0,487.558204638863
"12466","infects",6083,291,0,493.13984813937
"12467","infects",6083,292,0,503.822488188044
"12468","infects",6083,293,0,520.442156521291
"12469","infects",6083,294,0,543.419731580443
"12470","infects",6083,295,0,572.675319823287
"12471","infects",6083,296,0,607.502101731252
"12472","infects",6083,297,0,646.41641777428
"12473","infects",6083,298,0,687.042568726725
"12474","infects",6083,299,0,726.127197763166
"12475","infects",6083,300,0,759.786093928651
"12476","infects",6083,301,0,784.038571241595
"12477","infects",6083,302,0,795.571802576243
"12478","infects",6083,303,0,792.5353338108
"12479","infects",6083,304,0,775.077656111546
"12480","infects",6083,305,0,745.384966118082
"12481","infects",6083,306,0,707.173933470873
"12482","infects",6083,307,0,664.825544948533
"12483","infects",6083,308,0,622.4831970014
"12484","infects",6083,309,0,583.401259015787
"12485","infects",6083,310,0,549.667737485568
"12486","infects",6083,311,0,522.252353858528
"12487","infects",6083,312,0,501.238506644122
"12488","infects",6083,313,0,486.098557887427
"12489","infects",6083,314,0,475.926832640164
"12490","infects",6083,315,0,469.606080917454
"12491","infects",6083,316,0,465.923771586279
"12492","infects",6083,317,0,463.668995658394
"12493","infects",6083,318,0,461.734546616051
"12494","infects",6083,319,0,459.230373632649
"12495","infects",6083,320,0,455.593197531823
"12496","infects",6083,321,0,450.662425983581
"12497","infects",6083,322,0,444.692752290859
"12498","infects",6083,323,0,438.290638004693
"12499","infects",6083,324,0,432.287483462057
"12500","infects",6083,325,0,427.582938097056
"12501","infects",6083,326,0,425.010394893747
"12502","infects",6083,327,0,425.172925544231
"12503","infects",6083,328,0,428.441800433558
"12504","infects",6083,329,0,434.877055555288
"12505","infects",6083,330,0,444.220524541945
"12506","infects",6083,331,0,455.894319496669
"12507","infects",6083,332,0,469.020136084633
"12508","infects",6083,333,0,482.476205254113
"12509","infects",6083,334,0,495.010573138567
"12510","infects",6083,335,0,505.417185241311
"12511","infects",6083,336,0,512.755576284451
"12512","infects",6083,337,0,516.565378790846
"12513","infects",6083,338,0,517.010367681772
"12514","infects",6083,339,0,514.89849115058
"12515","infects",6083,340,0,511.564786776966
"12516","infects",6083,341,0,508.65422825879
"12517","infects",6083,342,0,507.873631556373
"12518","infects",6083,343,0,510.77883018054
"12519","infects",6083,344,0,518.630741340518
"12520","infects",6083,345,0,532.313124306441
"12521","infects",6083,346,0,552.277113214373
"12522","infects",6083,347,0,578.472924501683
"12523","infects",6083,348,0,610.246211678236
"12524","infects",6083,349,0,646.209076158643
"12525","infects",6083,350,0,684.135872092702
"12526","infects",6083,351,0,720.969583513299
"12527","infects",6083,352,0,753.03534036536
"12528","infects",6083,353,0,776.518825877975
"12529","infects",6083,354,0,788.168116212899
"12530","infects",6083,355,0,786.046140894779
"12531","infects",6083,356,0,770.070406260205
"12532","infects",6083,357,0,742.105784604313
"12533","infects",6083,358,0,705.541401406115
"12534","infects",6083,359,0,664.502129731595
"12535","infects",6083,360,0,622.987564712266
"12536","infects",6083,361,0,584.216940793902
"12537","infects",6083,362,0,550.317745522681
"12538","infects",6083,363,0,522.331873144044
"12539","infects",6083,364,0,500.415032678957
"12540","infects",6083,365,0,484.095309541065
"12541","infects",6083,366,0,472.503421149279
"12542","infects",6083,367,0,464.544971568519
"12543","infects",6083,368,0,459.02558130094
"12544","infects",6083,369,0,454.756003047243
"12545","infects",6083,370,0,450.659419100264
"12546","infects",6083,371,0,445.885731610573
"12547","infects",6083,372,0,439.917416902657
"12548","infects",6083,373,0,432.638101151362
"12549","infects",6083,374,0,424.336432392249
"12550","infects",6083,375,0,415.635230162725
"12551","infects",6083,376,0,407.361134041717
"12552","infects",6083,377,0,400.389408014975
"12553","infects",6083,378,0,395.501895080462
"12554","infects",6083,379,0,393.263812564775
"12555","infects",6083,380,0,394.033166417348
"12556","infects",6083,381,0,397.841465071312
"12557","infects",6083,382,0,404.440575639666
"12558","infects",6083,383,0,413.294626986907
"12559","infects",6083,384,0,423.59852567948
"12560","infects",6083,385,0,434.325997534098
"12561","infects",6083,386,0,444.324834215552
"12562","infects",6083,387,0,452.467627106342
"12563","infects",6083,388,0,457.844350651805
"12564","infects",6083,389,0,459.956272476132
"12565","infects",6083,390,0,458.853472290192
"12566","infects",6083,391,0,455.165124261875
"12567","infects",6083,392,0,450.005297856588
"12568","infects",6083,393,0,444.782433643066
"12569","infects",6083,394,0,440.973076582208
"12570","infects",6083,395,0,439.922501202344
"12571","infects",6083,396,0,442.708588278017
"12572","infects",6083,397,0,450.068777623704
"12573","infects",6083,398,0,462.363034304549
"12574","infects",6083,399,0,479.538736542752
"12575","infects",6083,400,0,501.075416760045
"12576","infects",6083,401,0,525.911972326604
"12577","infects",6083,402,0,552.388719187507
"12578","infects",6083,403,0,578.262243691616
"12579","infects",6083,404,0,600.858962914172
"12580","infects",6083,405,0,617.407889869945
"12581","infects",6083,406,0,625.527380440726
"12582","infects",6083,407,0,623.752387291991
"12583","infects",6083,408,0,611.92492785098
"12584","infects",6083,409,0,591.283926478918
"12585","infects",6083,410,0,564.196153743667
"12586","infects",6083,411,0,533.618391906673
"12587","infects",6083,412,0,502.485688818321
"12588","infects",6083,413,0,473.222744569259
"12589","infects",6083,414,0,447.487311479864
"12590","infects",6083,415,0,426.141484941188
"12591","infects",6083,416,0,409.372100730319
"12592","infects",6083,417,0,396.866787244904
"12593","infects",6083,418,0,387.980081143659
"12594","infects",6083,419,0,381.863908700687
"12595","infects",6083,420,0,377.567871365732
"12596","infects",6083,421,0,374.127726549345
"12597","infects",6083,422,0,370.657965534387
"12598","infects",6083,423,0,366.460161884082
"12599","infects",6083,424,0,361.084352780541
"12600","infects",6083,425,0,354.436318442727
"12601","infects",6083,426,0,346.758400986911
"12602","infects",6083,427,0,338.578792082844
"12603","infects",6083,428,0,330.602425375701
"12604","infects",6083,429,0,323.578980019459
"12605","infects",6083,430,0,318.181311479386
"12606","infects",6083,431,0,314.917089290951
"12607","infects",6083,432,0,314.07913434996
"12608","infects",6083,433,0,315.725855655875
"12609","infects",6083,434,0,319.678358338705
"12610","infects",6083,435,0,325.525343685024
"12611","infects",6083,436,0,332.636803939893
"12612","infects",6083,437,0,340.19722949308
"12613","infects",6083,438,0,347.273271898371
"12614","infects",6083,439,0,352.925444510532
"12615","infects",6083,440,0,356.357485958596
"12616","infects",6083,441,0,357.075125784373
"12617","infects",6083,442,0,355.009102748159
"12618","infects",6083,443,0,350.557939663725
"12619","infects",6083,444,0,344.529231458893
"12620","infects",6083,445,0,337.994974776661
"12621","infects",6083,446,0,332.107157153208
"12622","infects",6083,447,0,327.9275654472
"12623","infects",6083,448,0,326.308445711596
"12624","infects",6083,449,0,327.831066878104
"12625","infects",6083,450,0,332.784488553231
"12626","infects",6083,451,0,341.157240069212
"12627","infects",6083,452,0,352.620697593598
"12628","infects",6083,453,0,366.499361245197
"12629","infects",6083,454,0,381.743532419789
"12630","infects",6083,455,0,396.937734513987
"12631","infects",6083,456,0,410.38590335259
"12632","infects",6083,457,0,420.302806703559
"12633","infects",6083,458,0,425.105019758454
"12634","infects",6083,459,0,423.741750216009
"12635","infects",6083,460,0,415.961353760902
"12636","infects",6083,461,0,402.406565738124
"12637","infects",6083,462,0,384.485961872621
"12638","infects",6083,463,0,364.05907830718
"12639","infects",6083,464,0,343.047224063396
"12640","infects",6083,465,0,323.098270699099
"12641","infects",6083,466,0,305.388735164794
"12642","infects",6083,467,0,290.575621164604
"12643","infects",6083,468,0,278.856019511454
"12644","infects",6083,469,0,270.074749187809
"12645","infects",6083,470,0,263.833228153858
"12646","infects",6083,471,0,259.577912743735
"12647","infects",6083,472,0,256.668444122039
"12648","infects",6083,473,0,254.436995517798
"12649","infects",6083,474,0,252.250762619034
"12650","infects",6083,475,0,249.581839972176
"12651","infects",6083,476,0,246.067294344117
"12652","infects",6083,477,0,241.598469651028
"12653","infects",6083,478,0,236.290942424918
"12654","infects",6083,479,0,230.484385434418
"12655","infects",6083,480,0,224.666551079296
"12656","infects",6083,481,0,219.380712018225
"12657","infects",6083,482,0,215.135200824663
"12658","infects",6083,483,0,212.334341508424
"12659","infects",6083,484,0,211.237754107781
"12660","infects",6083,485,0,211.94328402091
"12661","infects",6083,486,0,214.383212551369
"12662","infects",6083,487,0,218.325149924631
"12663","infects",6083,488,0,223.375792682952
"12664","infects",6083,489,0,228.99378741572
"12665","infects",6083,490,0,234.523399653244
"12666","infects",6083,491,0,239.260053020197
"12667","infects",6083,492,0,242.549929833741
"12668","infects",6083,493,0,243.90994252339
"12669","infects",6083,494,0,243.137895894503
"12670","infects",6083,495,0,240.375705627315
"12671","infects",6083,496,0,236.098908012472
"12672","infects",6083,497,0,231.03152398633
"12673","infects",6083,498,0,226.013700158996
"12674","infects",6083,499,0,221.864435738776
"12675","infects",6083,500,0,219.275643891101
"12676","infects",6083,501,0,218.752721913446
"12677","infects",6083,502,0,220.594269797449
"12678","infects",6083,503,0,224.890707317352
"12679","infects",6083,504,0,231.521490872894
"12680","infects",6083,505,0,240.140295837499
"12681","infects",6083,506,0,250.151895733901
"12682","infects",6083,507,0,260.699080962794
"12683","infects",6083,508,0,270.688230395861
"12684","infects",6083,509,0,278.881980828085
"12685","infects",6083,510,0,284.070675290422
"12686","infects",6083,511,0,285.300475587777
"12687","infects",6083,512,0,282.097089613198
"12688","infects",6083,513,0,274.603388171781
"12689","infects",6083,514,0,263.56774367242
"12690","infects",6083,515,0,250.176576372335
"12691","infects",6083,516,0,235.789909772838
"12692","infects",6083,517,0,221.673848525181
"12693","infects",6083,518,0,208.810379363214
"12694","infects",6083,519,0,197.826031398444
"12695","infects",6083,520,0,188.974467865025
"12696","infects",6083,521,0,182.249395314582
"12697","infects",6083,522,0,177.431044342318
"12698","infects",6083,523,0,174.173859369456
"12699","infects",6083,524,0,172.058800540945
"12700","infects",6083,525,0,170.627749734631
"12701","infects",6083,526,0,169.425154688537
"12702","infects",6083,527,0,168.045529972421
"12703","infects",6083,528,0,166.184766484325
"12704","infects",6083,529,0,163.686076716398
"12705","infects",6083,530,0,160.566526993871
"12706","infects",6083,531,0,157.012551004503
"12707","infects",6083,532,0,153.342330489984
"12708","infects",6083,533,0,149.944797808847
"12709","infects",6083,534,0,147.212631620024
"12710","infects",6083,535,0,145.485901109765
"12711","infects",6083,536,0,145.015188508676
"12712","infects",6083,537,0,145.943260539789
"12713","infects",6083,538,0,148.297905578623
"12714","infects",6083,539,0,151.98776802366
"12715","infects",6083,540,0,156.797161480534
"12716","infects",6083,541,0,162.382551000186
"12717","infects",6083,542,0,168.279846883656
"12718","infects",6083,543,0,173.934859086365
"12719","infects",6083,544,0,178.766254335994
"12720","infects",6083,545,0,182.259574594095
"12721","infects",6083,546,0,184.074676195922
"12722","infects",6083,547,0,184.134983350589
"12723","infects",6083,548,0,182.665228213496
"12724","infects",6083,549,0,180.159940116367
"12725","infects",6083,550,0,177.291817959707
"12726","infects",6083,551,0,174.792263246034
"12727","infects",6083,552,0,173.342373399782
"12728","infects",6083,553,0,173.499798232675
"12729","infects",6083,554,0,175.665009284325
"12730","infects",6083,555,0,180.07265690279
"12731","infects",6083,556,0,186.787054367988
"12732","infects",6083,557,0,195.685241728467
"12733","infects",6083,558,0,206.422662890121
"12734","infects",6083,559,0,218.391459925021
"12735","infects",6083,560,0,230.696449533732
"12736","infects",6083,561,0,242.183895905074
"12737","infects",6083,562,0,251.554992329354
"12738","infects",6083,563,0,257.571663816661
"12739","infects",6083,564,0,259.318424750697
"12740","infects",6083,565,0,256.439311354525
"12741","infects",6083,566,0,249.25433201896
"12742","infects",6083,567,0,238.696506898684
"12743","infects",6083,568,0,226.086081440247
"12744","infects",6083,569,0,212.82883022954
"12745","infects",6083,570,0,200.147297289702
"12746","infects",6083,571,0,188.919453591465
"12747","infects",6083,572,0,179.630102393334
"12748","infects",6083,573,0,172.448783217174
"12749","infects",6083,574,0,167.271706293271
"12750","infects",6083,575,0,163.829747976249
"12751","infects",6083,576,0,161.747298617092
"12752","infects",6083,577,0,160.589209038746
"12753","infects",6083,578,0,159.900550026283
"12754","infects",6083,579,0,159.249554852171
"12755","infects",6083,580,0,158.277764621222
"12756","infects",6083,581,0,156.752009333316
"12757","infects",6083,582,0,154.604952876252
"12758","infects",6083,583,0,151.949183653507
"12759","infects",6083,584,0,149.056467308046
"12760","infects",6083,585,0,146.306144051388
"12761","infects",6083,586,0,144.117957467414
"12762","infects",6083,587,0,142.888322603343
"12763","infects",6083,588,0,142.943596362646
"12764","infects",6083,589,0,144.513422487279
"12765","infects",6083,590,0,147.71799397965
"12766","infects",6083,591,0,152.559381121442
"12767","infects",6083,592,0,158.90958248719
"12768","infects",6083,593,0,166.494865970677
"12769","infects",6083,594,0,174.884598549197
"12770","infects",6083,595,0,183.499978574111
"12771","infects",6083,596,0,191.659927006888
"12772","infects",6083,597,0,198.673791917287
"12773","infects",6083,598,0,203.972341928387
"12774","infects",6083,599,0,207.245559343629
"12775","infects",6083,600,0,208.541020496138
"12776","infects",6083,601,0,208.283201854837
"12777","infects",6083,602,0,207.203362056341
"12778","infects",6083,603,0,206.206659460061
"12779","infects",6083,604,0,206.225595345613
"12780","infects",6083,605,0,208.104294181866
"12781","infects",6083,606,0,212.532671225889
"12782","infects",6083,607,0,220.020703077347
"12783","infects",6083,608,0,230.885570308531
"12784","infects",6083,609,0,245.222865418999
"12785","infects",6083,610,0,262.844285830222
"12786","infects",6083,611,0,283.184025301914
"12787","infects",6083,612,0,305.201567271003
"12788","infects",6083,613,0,327.33495569669
"12789","infects",6083,614,0,347.573768318587
"12790","infects",6083,615,0,363.705616714657
"12791","infects",6083,616,0,373.737537153844
"12792","infects",6083,617,0,376.349993722149
"12793","infects",6083,618,0,371.308942913966
"12794","infects",6083,619,0,359.546123839478
"12795","infects",6083,620,0,342.928465465538
"12796","infects",6083,621,0,323.779408054231
"12797","infects",6083,622,0,304.350890765641
"12798","infects",6083,623,0,286.429886021175
"12799","infects",6083,624,0,271.164325315918
"12800","infects",6083,625,0,259.08273834881
"12801","infects",6083,626,0,250.221928760711
"12802","infects",6083,627,0,244.27806034017
"12803","infects",6083,628,0,240.731959392967
"12804","infects",6083,629,0,238.937862168632
"12805","infects",6083,630,0,238.189007389235
"12806","infects",6083,631,0,237.780505438573
"12807","infects",6083,632,0,237.083319082663
"12808","infects",6083,633,0,235.628463965954
"12809","infects",6083,634,0,233.184676726154
"12810","infects",6083,635,0,229.804021204539
"12811","infects",6083,636,0,225.814590883157
"12812","infects",6083,637,0,221.757101624061
"12813","infects",6083,638,0,218.283583015875
"12814","infects",6083,639,0,216.04900200396
"12815","infects",6083,640,0,215.623538787182
"12816","infects",6083,641,0,217.437825258043
"12817","infects",6083,642,0,221.756009811388
"12818","infects",6083,643,0,228.661313289414
"12819","infects",6083,644,0,238.039213438067
"12820","infects",6083,645,0,249.552667554268
"12821","infects",6083,646,0,262.617678028946
"12822","infects",6083,647,0,276.401119782668
"12823","infects",6083,648,0,289.869967668375
"12824","infects",6083,649,0,301.914656565376
"12825","infects",6083,650,0,311.544720416189
"12826","infects",6083,651,0,318.117233948387
"12827","infects",6083,652,0,321.526577795623
"12828","infects",6083,653,0,322.281910642596
"12829","infects",6083,654,0,321.437170891695
"12830","infects",6083,655,0,320.400142891224
"12831","infects",6083,656,0,320.695088399049
"12832","infects",6083,657,0,323.758977898337
"12833","infects",6083,658,0,330.815895959933
"12834","infects",6083,659,0,342.824303192563
"12835","infects",6083,660,0,360.455680100788
"12836","infects",6083,661,0,384.052934742538
"12837","infects",6083,662,0,413.530100178232
"12838","infects",6083,663,0,448.20463088687
"12839","infects",6083,664,0,486.596313426245
"12840","infects",6083,665,0,526.27757731637
"12841","infects",6083,666,0,563.901756926576
"12842","infects",6083,667,0,595.533577175479
"12843","infects",6083,668,0,617.322090561819
"12844","infects",6083,669,0,626.364495715784
"12845","infects",6083,670,0,621.605935728537
"12846","infects",6083,671,0,604.097784334521
"12847","infects",6083,672,0,576.808576878045
"12848","infects",6083,673,0,543.814348987396
"12849","infects",6083,674,0,509.300086083522
"12850","infects",6083,675,0,476.738695553289
"12851","infects",6083,676,0,448.468002751235
"12852","infects",6083,677,0,425.662153248377
"12853","infects",6083,678,0,408.54743478536
"12854","infects",6083,679,0,396.690295426373
"12855","infects",6083,680,0,389.245249268652
"12856","infects",6083,681,0,385.12739197582
"12857","infects",6083,682,0,383.127918000388
"12858","infects",6083,683,0,382.011598951521
"12859","infects",6083,684,0,380.628798375361
"12860","infects",6083,685,0,378.051133379185
"12861","infects",6083,686,0,373.710471760457
"12862","infects",6083,687,0,367.499247924477
"12863","infects",6083,688,0,359.789328833786
"12864","infects",6083,689,0,351.351050251425
"12865","infects",6083,690,0,343.192201908021
"12866","infects",6083,691,0,336.3666497344
"12867","infects",6083,692,0,331.80660247793
"12868","infects",6083,693,0,330.211252876909
"12869","infects",6083,694,0,331.993375645453
"12870","infects",6083,695,0,337.262804585635
"12871","infects",6083,696,0,345.820848089633
"12872","infects",6083,697,0,357.150953436114
"12873","infects",6083,698,0,370.410679933917
"12874","infects",6083,699,0,384.449474486209
"12875","infects",6083,700,0,397.886974038328
"12876","infects",6083,701,0,409.278844122535
"12877","infects",6083,702,0,417.366711060741
"12878","infects",6083,703,0,421.36245411646
"12879","infects",6083,704,0,421.177970783923
"12880","infects",6083,705,0,417.509316025175
"12881","infects",6083,706,0,411.732447698374
"12882","infects",6083,707,0,405.64580521141
"12883","infects",6083,708,0,401.156362780104
"12884","infects",6083,709,0,400.01358884508
"12885","infects",6083,710,0,403.650589152448
"12886","infects",6083,711,0,413.127266551141
"12887","infects",6083,712,0,429.139794726499
"12888","infects",6083,713,0,451.93975461969
"12889","infects",6083,714,0,481.328011483353
"12890","infects",6083,715,0,516.445572760215
"12891","infects",6083,716,0,555.581122450976
"12892","infects",6083,717,0,596.017792791455
"12893","infects",6083,718,0,634.065448791299
"12894","infects",6083,719,0,665.414101212404
"12895","infects",6083,720,0,685.857432363108
"12896","infects",6083,721,0,692.258790818907
"12897","infects",6083,722,0,683.440939641769
"12898","infects",6083,723,0,660.613381632007
"12899","infects",6083,724,0,627.104712332936
"12900","infects",6083,725,0,587.485599221698
"12901","infects",6083,726,0,546.450354248078
"12902","infects",6083,727,0,507.887180602522
"12903","infects",6083,728,0,474.396119053304
"12904","infects",6083,729,0,447.259010766714
"12905","infects",6083,730,0,426.692672018408
"12906","infects",6083,731,0,412.185317166348
"12907","infects",6083,732,0,402.782888043284
"12908","infects",6083,733,0,397.281216246124
"12909","infects",6083,734,0,394.343661841425
"12910","infects",6083,735,0,392.590213660457
"12911","infects",6083,736,0,390.700143825186
"12912","infects",6083,737,0,387.546750782969
"12913","infects",6083,738,0,382.349992399367
"12914","infects",6083,739,0,374.804185046968
"12915","infects",6083,740,0,365.128828861419
"12916","infects",6083,741,0,354.010108259231
"12917","infects",6083,742,0,342.441633774688
"12918","infects",6083,743,0,331.512865116575
"12919","infects",6083,744,0,322.208951442143
"12920","infects",6083,745,0,315.269637562192
"12921","infects",6083,746,0,311.121036649639
"12922","infects",6083,747,0,309.864125223269
"12923","infects",6083,748,0,311.29187985272
"12924","infects",6083,749,0,314.913710934472
"12925","infects",6083,750,0,319.982983402214
"12926","infects",6083,751,0,325.54072516285
"12927","infects",6083,752,0,330.497527953917
"12928","infects",6083,753,0,333.770023640604
"12929","infects",6083,754,0,334.466356627217
"12930","infects",6083,755,0,332.083266206617
"12931","infects",6083,756,0,326.652386683549
"12932","infects",6083,757,0,318.775114715903
"12933","infects",6083,758,0,309.521785178515
"12934","infects",6083,759,0,300.226206566439
"12935","infects",6083,760,0,292.248399853014
"12936","infects",6083,761,0,286.781411365859
"12937","infects",6083,762,0,284.743786917175
"12938","infects",6083,763,0,286.752304208065
"12939","infects",6083,764,0,293.136399601155
"12940","infects",6083,765,0,303.931615589874
"12941","infects",6083,766,0,318.906982647707
"12942","infects",6083,767,0,337.41418534406
"12943","infects",6083,768,0,358.327755768269
"12944","infects",6083,769,0,379.959384793663
"12945","infects",6083,770,0,400.086134797207
"12946","infects",6083,771,0,416.160025248248
"12947","infects",6083,772,0,425.726697860381
"12948","infects",6083,773,0,426.981368581112
"12949","infects",6083,774,0,419.281285190409
"12950","infects",6083,775,0,403.392608577915
"12951","infects",6083,776,0,381.33372798741
"12952","infects",6083,777,0,355.859062684347
"12953","infects",6083,778,0,329.794931383911
"12954","infects",6083,779,0,305.482029707063
"12955","infects",6083,780,0,284.483117274402
"12956","infects",6083,781,0,267.563434951538
"12957","infects",6083,782,0,254.844461986601
"12958","infects",6083,783,0,246.009161741114
"12959","infects",6083,784,0,240.475414618608
"12960","infects",6083,785,0,237.5086200899
"12961","infects",6083,786,0,236.284804471608
"12962","infects",6083,787,0,235.933686030853
"12963","infects",6083,788,0,235.590953226183
"12964","infects",6083,789,0,234.476292137706
"12965","infects",6083,790,0,231.993339222436
"12966","infects",6083,791,0,227.826706476464
"12967","infects",6083,792,0,221.999648832698
"12968","infects",6083,793,0,214.86266924997
"12969","infects",6083,794,0,207.008081716604
"12970","infects",6083,795,0,199.13562214208
"12971","infects",6083,796,0,191.911943395714
"12972","infects",6083,797,0,185.862659241274
"12973","infects",6083,798,0,181.31478161369
"12974","infects",6083,799,0,178.384464845027
"12975","infects",6083,800,0,176.992190314832
"12976","infects",6083,801,0,176.888035290755
"12977","infects",6083,802,0,177.67891088157
"12978","infects",6083,803,0,178.860586903064
"12979","infects",6083,804,0,179.864117953229
"12980","infects",6083,805,0,180.125355735962
"12981","infects",6083,806,0,179.176638658937
"12982","infects",6083,807,0,176.74450655787
"12983","infects",6083,808,0,172.82421527999
"12984","infects",6083,809,0,167.705621311325
"12985","infects",6083,810,0,161.908791357216
"12986","infects",6083,811,0,156.107191243754
"12987","infects",6083,812,0,150.991758253292
"12988","infects",6083,813,0,147.172339408101
"12989","infects",6083,814,0,145.11906187059
"12990","infects",6083,815,0,145.146873690327
"12991","infects",6083,816,0,147.424991085871
"12992","infects",6083,817,0,151.987209296073
"12993","infects",6083,818,0,158.724372427752
"12994","infects",6083,819,0,167.351972346371
"12995","infects",6083,820,0,177.360393056519
"12996","infects",6083,821,0,187.970992591907
"12997","infects",6083,822,0,198.134695966691
"12998","infects",6083,823,0,206.612912469749
"12999","infects",6083,824,0,212.162165839269
"13000","infects",6083,825,0,213.799256432326
"13001","infects",6083,826,0,211.068035512193
"13002","infects",6083,827,0,204.197774784041
"13003","infects",6083,828,0,194.070522941135
"13004","infects",6083,829,0,181.998037257871
"13005","infects",6083,830,0,169.398813188107
"13006","infects",6083,831,0,157.502846872634
"13007","infects",6083,832,0,147.176664122106
"13008","infects",6083,833,0,138.887539512764
"13009","infects",6083,834,0,132.765322586768
"13010","infects",6083,835,0,128.70054819768
"13011","infects",6083,836,0,126.432139717078
"13012","infects",6083,837,0,125.605199106164
"13013","infects",6083,838,0,125.801831451681
"13014","infects",6083,839,0,126.559783557942
"13015","infects",6083,840,0,127.395901320997
"13016","infects",6083,841,0,127.84628624002
"13017","infects",6083,842,0,127.524435468182
"13018","infects",6083,843,0,126.185570627999
"13019","infects",6083,844,0,123.775459669822
"13020","infects",6083,845,0,120.441931225379
"13021","infects",6083,846,0,116.499496259083
"13022","infects",6083,847,0,112.356549587179
"13023","infects",6083,848,0,108.429437274499
"13024","infects",6083,849,0,105.06962437128
"13025","infects",6083,850,0,102.519644418503
"13026","infects",6083,851,0,100.89860518881
"13027","infects",6083,852,0,100.207648804598
"13028","infects",6083,853,0,100.343718277901
"13029","infects",6083,854,0,101.114511745519
"13030","infects",6083,855,0,102.254388845872
"13031","infects",6083,856,0,103.4463621426
"13032","infects",6083,857,0,104.356599171168
"13033","infects",6083,858,0,104.683909054003
"13034","infects",6083,859,0,104.218298795627
"13035","infects",6083,860,0,102.893530535802
"13036","infects",6083,861,0,100.814606701397
"13037","infects",6083,862,0,98.2436083751434
"13038","infects",6083,863,0,95.5638454699446
"13039","infects",6083,864,0,93.1955699451735
"13040","infects",6083,865,0,91.5404500070449
"13041","infects",6083,866,0,90.9358881646597
"13042","infects",6083,867,0,91.6372640051437
"13043","infects",6083,868,0,93.8179256119447
"13044","infects",6083,869,0,97.5724587502667
"13045","infects",6083,870,0,102.909673149061
"13046","infects",6083,871,0,109.72765011379
"13047","infects",6083,872,0,117.772113956845
"13048","infects",6083,873,0,126.590567629241
"13049","infects",6083,874,0,135.506636439751
"13050","infects",6083,875,0,143.646830581828
"13051","infects",6083,876,0,150.046267778071
"13052","infects",6083,877,0,153.832958774445
"13053","infects",6083,878,0,154.446455345418
"13054","infects",6083,879,0,151.80939816692
"13055","infects",6083,880,0,146.371399917119
"13056","infects",6083,881,0,138.995869598613
"13057","infects",6083,882,0,130.735129260276
"13058","infects",6083,883,0,122.588057960872
"13059","infects",6083,884,0,115.327082442336
"13060","infects",6083,885,0,109.430799011412
"13061","infects",6083,886,0,105.104637625956
"13062","infects",6083,887,0,102.345187277583
"13063","infects",6083,888,0,101.007371697399
"13064","infects",6083,889,0,100.852806877132
"13065","infects",6083,890,0,101.576951463664
"13066","infects",6083,891,0,102.824722080444
"13067","infects",6083,892,0,104.208361809032
"13068","infects",6083,893,0,105.338865783505
"13069","infects",6083,894,0,105.874409091306
"13070","infects",6083,895,0,105.578046884362
"13071","infects",6083,896,0,104.36699439698
"13072","infects",6083,897,0,102.333223019339
"13073","infects",6083,898,0,99.7235552818349
"13074","infects",6083,899,0,96.88368939849
"13075","infects",6083,900,0,94.1852946489911
"13076","infects",6083,901,0,91.9596784313164
"13077","infects",6083,902,0,90.454047692312
"13078","infects",6083,903,0,89.8133471163368
"13079","infects",6083,904,0,90.0803370621468
"13080","infects",6083,905,0,91.2072921611265
"13081","infects",6083,906,0,93.0502473690635
"13082","infects",6083,907,0,95.3961535583203
"13083","infects",6083,908,0,97.9640319903531
"13084","infects",6083,909,0,100.432341076257
"13085","infects",6083,910,0,102.481519262137
"13086","infects",6083,911,0,103.85225905852
"13087","infects",6083,912,0,104.407257973458
"13088","infects",6083,913,0,104.176659054247
"13089","infects",6083,914,0,103.368847853878
"13090","infects",6083,915,0,102.340479771861
"13091","infects",6083,916,0,101.536689975794
"13092","infects",6083,917,0,101.424021102247
"13093","infects",6083,918,0,102.437711970076
"13094","infects",6083,919,0,104.953277904746
"13095","infects",6083,920,0,109.277757133956
"13096","infects",6083,921,0,115.64613444639
"13097","infects",6083,922,0,124.206053466638
"13098","infects",6083,923,0,134.977978115188
"13099","infects",6083,924,0,147.787141725358
"13100","infects",6083,925,0,162.178041725618
"13101","infects",6083,926,0,177.341467569822
"13102","infects",6083,927,0,192.10250093302
"13103","infects",6083,928,0,205.021782601078
"13104","infects",6083,929,0,214.634542032316
"13105","infects",6083,930,0,219.788431910404
"13106","infects",6083,931,0,219.968664319806
"13107","infects",6083,932,0,215.469522166985
"13108","infects",6083,933,0,207.32349250211
"13109","infects",6083,934,0,197.013408202404
"13110","infects",6083,935,0,186.095037962186
"13111","infects",6083,936,0,175.879978321157
"13112","infects",6083,937,0,167.268100766669
"13113","infects",6083,938,0,160.730181442951
"13114","infects",6083,939,0,156.382891388443
"13115","infects",6083,940,0,154.089390700374
"13116","infects",6083,941,0,153.542615538501
"13117","infects",6083,942,0,154.319117478882
"13118","infects",6083,943,0,155.913192562024
"13119","infects",6083,944,0,157.770096606647
"13120","infects",6083,945,0,159.334962242119
"13121","infects",6083,946,0,160.123168446768
"13122","infects",6083,947,0,159.802094097956
"13123","infects",6083,948,0,158.260155096275
"13124","infects",6083,949,0,155.635393156607
"13125","infects",6083,950,0,152.287528481476
"13126","infects",6083,951,0,148.719748736316
"13127","infects",6083,952,0,145.476705667803
"13128","infects",6083,953,0,143.051134783973
"13129","infects",6083,954,0,141.82115263245
"13130","infects",6083,955,0,142.022211986412
"13131","infects",6083,956,0,143.743326085588
"13132","infects",6083,957,0,146.932768748082
"13133","infects",6083,958,0,151.394049869106
"13134","infects",6083,959,0,156.822560376601
"13135","infects",6083,960,0,162.774964843567
"13136","infects",6083,961,0,168.727444427411
"13137","infects",6083,962,0,174.136402624198
"13138","infects",6083,963,0,178.536213892671
"13139","infects",6083,964,0,181.650055620518
"13140","infects",6083,965,0,183.480320226787
"13141","infects",6083,966,0,184.344564767968
"13142","infects",6083,967,0,184.841509184297
"13143","infects",6083,968,0,185.760849068275
"13144","infects",6083,969,0,187.97300189716
"13145","infects",6083,970,0,192.336732029671
"13146","infects",6083,971,0,199.644523772172
"13147","infects",6083,972,0,210.600130409858
"13148","infects",6083,973,0,225.803287254035
"13149","infects",6083,974,0,245.70924076541
"13150","infects",6083,975,0,270.535246233427
"13151","infects",6083,976,0,300.101766502942
"13152","infects",6083,977,0,333.624799411398
"13153","infects",6083,978,0,369.518550103573
"13154","infects",6083,979,0,405.31434557106
"13155","infects",6083,980,0,437.822284206123
"13156","infects",6083,981,0,463.614608154518
"13157","infects",6083,982,0,479.775007168692
"13158","infects",6083,983,0,484.68417892584
"13159","infects",6083,984,0,478.515353103315
"13160","infects",6083,985,0,463.197693293702
"13161","infects",6083,986,0,441.851551853278
"13162","infects",6083,987,0,417.951327891063
"13163","infects",6083,988,0,394.561152829027
"13164","infects",6083,989,0,373.880206693753
"13165","infects",6083,990,0,357.136983557037
"13166","infects",6083,991,0,344.723209513475
"13167","infects",6083,992,0,336.418536431215
"13168","infects",6083,993,0,331.599591194219
"13169","infects",6083,994,0,329.393443402809
"13170","infects",6083,995,0,328.785861806009
"13171","infects",6083,996,0,328.715977352199
"13172","infects",6083,997,0,328.184893449024
"13173","infects",6083,998,0,326.385075018654
"13174","infects",6083,999,0,322.830597037617
"13175","infects",6083,1000,0,317.448901689652
"13176","infects",6083,1001,0,310.595183947998
"13177","infects",6083,1002,0,302.985594261937
"13178","infects",6083,1003,0,295.505587904968
"13179","infects",6083,1004,0,289.093148110116
"13180","infects",6083,1005,0,284.555192369108
"13181","infects",6083,1006,0,282.480192481807
"13182","infects",6083,1007,0,283.197535707674
"13183","infects",6083,1008,0,286.771854796152
"13184","infects",6083,1009,0,293.009689264749
"13185","infects",6083,1010,0,301.466299800139
"13186","infects",6083,1011,0,311.456912832822
"13187","infects",6083,1012,0,322.090992883986
"13188","infects",6083,1013,0,332.353206450702
"13189","infects",6083,1014,0,341.245100332476
"13190","infects",6083,1015,0,347.976419375091
"13191","infects",6083,1016,0,352.162992772599
"13192","infects",6083,1017,0,353.96741222466
"13193","infects",6083,1018,0,354.127550673311
"13194","infects",6083,1019,0,353.858845672532
"13195","infects",6083,1020,0,354.668545814324
"13196","infects",6083,1021,0,358.1522333044
"13197","infects",6083,1022,0,365.836303864453
"13198","infects",6083,1023,0,379.092269394345
"13199","infects",6083,1024,0,399.1042305781
"13200","infects",6083,1025,0,426.841111924818
"13201","infects",6083,1026,0,462.977754728226
"13202","infects",6083,1027,0,507.721535675518
"13203","infects",6083,1028,0,560.532160707406
"13204","infects",6083,1029,0,619.774377801029
"13205","infects",6083,1030,0,682.415484856886
"13206","infects",6083,1031,0,743.950358173327
"13207","infects",6083,1032,0,798.75437755212
"13208","infects",6083,1033,0,840.965372377769
"13209","infects",6083,1034,0,865.763111013708
"13210","infects",6083,1035,0,870.642721474079
"13211","infects",6083,1036,0,856.154809825328
"13212","infects",6083,1037,0,825.754737108083
"13213","infects",6083,1038,0,784.809597138464
"13214","infects",6083,1039,0,739.198544138912
"13215","infects",6083,1040,0,694.06079211913
"13216","infects",6083,1041,0,653.059837405459
"13217","infects",6083,1042,0,618.219122841457
"13218","infects",6083,1043,0,590.153377495936
"13219","infects",6083,1044,0,568.486180681734
"13220","infects",6083,1045,0,552.171361607861
"13221","infects",6083,1046,0,539.798463705776
"13222","infects",6083,1047,0,529.839732977325
"13223","infects",6083,1048,0,520.81818325858
"13224","infects",6083,1049,0,511.469533717519
"13225","infects",6083,1050,0,500.897034752504
"13226","infects",6083,1051,0,488.692433039135
"13227","infects",6083,1052,0,474.98420301245
"13228","infects",6083,1053,0,460.385960675641
"13229","infects",6083,1054,0,445.84980617218
"13230","infects",6083,1055,0,432.450931644804
"13231","infects",6083,1056,0,421.232012465561
"13232","infects",6083,1057,0,412.984957474986
"13233","infects",6083,1058,0,408.198415237843
"13234","infects",6083,1059,0,407.017272385912
"13235","infects",6083,1060,0,409.244012569872
"13236","infects",6083,1061,0,414.353890664143
"13237","infects",6083,1062,0,421.51878258527
"13238","infects",6083,1063,0,429.651816811916
"13239","infects",6083,1064,0,437.495214583288
"13240","infects",6083,1065,0,443.769776464601
"13241","infects",6083,1066,0,447.383056523078
"13242","infects",6083,1067,0,447.659849819247
"13243","infects",6083,1068,0,444.529407999295
"13244","infects",6083,1069,0,438.600021606037
"13245","infects",6083,1070,0,431.084551735459
"13246","infects",6083,1071,0,423.59810041819
"13247","infects",6083,1072,0,417.899302960596
"13248","infects",6083,1073,0,415.659954122299
"13249","infects",6083,1074,0,418.318663448549
"13250","infects",6083,1075,0,427.024082698249
"13251","infects",6083,1076,0,442.630593809536
"13252","infects",6083,1077,0,465.69074526507
"13253","infects",6083,1078,0,496.394338819612
"13254","infects",6083,1079,0,534.426747268916
"13255","infects",6083,1080,0,578.75413465031
"13256","infects",6083,1081,0,627.389635892362
"13257","infects",6083,1082,0,677.246254508436
"13258","infects",6083,1083,0,724.21749415875
"13259","infects",6083,1084,0,763.60719049304
"13260","infects",6083,1085,0,790.922745983647
"13261","infects",6083,1086,0,802.865355074885
"13262","infects",6083,1087,0,798.185203006926
"13263","infects",6083,1088,0,778.044434580405
"13264","infects",6083,1089,0,745.707435349884
"13265","infects",6083,1090,0,705.67517244263
"13266","infects",6083,1091,0,662.615078799332
"13267","infects",6083,1092,0,620.470401219904
"13268","infects",6083,1093,0,581.974595471641
"13269","infects",6083,1094,0,548.578958194756
"13270","infects",6083,1095,0,497.810026984898
"13271","infects",6083,1096,0,479.178789925827
"13272","infects",6083,1097,0,463.693200916347
"13273","infects",6083,1098,0,450.185893139093
"13274","infects",6083,1099,0,437.636427771052
"13275","infects",6083,1100,0,425.225335792067
"13276","infects",6083,1101,0,412.438927513596
"13277","infects",6083,1102,0,399.119315960466
"13278","infects",6083,1103,0,385.457590255018
"13279","infects",6083,1104,0,371.925254314466
"13280","infects",6083,1105,0,359.157790927388
"13281","infects",6083,1106,0,347.819463512231
"13282","infects",6083,1107,0,338.481361495868
"13283","infects",6083,1108,0,331.534319966174
"13284","infects",6083,1109,0,327.141756376339
"13285","infects",6083,1110,0,325.224154545626
"13286","infects",6083,1111,0,325.462748429974
"13287","infects",6083,1112,0,327.314876950465
"13288","infects",6083,1113,0,330.04313309086
"13289","infects",6083,1114,0,332.768844404483
"13290","infects",6083,1115,0,334.56200777226
"13291","infects",6083,1116,0,334.570975013052
"13292","infects",6083,1117,0,332.176671804521
"13293","infects",6083,1118,0,327.135161865819
"13294","infects",6083,1119,0,319.661602111231
"13295","infects",6083,1120,0,310.419285300502
"13296","infects",6083,1121,0,300.40955479906
"13297","infects",6083,1122,0,290.796827381629
"13298","infects",6083,1123,0,282.725999425038
"13299","infects",6083,1124,0,277.184343614691
"13300","infects",6083,1125,0,274.931969556874
"13301","infects",6083,1126,0,276.491929534873
"13302","infects",6083,1127,0,282.169600077249
"13303","infects",6083,1128,0,292.066818332001
"13304","infects",6083,1129,0,306.065587449001
"13305","infects",6083,1130,0,323.772594570454
"13306","infects",6083,1131,0,344.435420149145
"13307","infects",6083,1132,0,366.862415101672
"13308","infects",6083,1133,0,389.39693372811
"13309","infects",6083,1134,0,410.003189999182
"13310","infects",6083,1135,0,426.501634661428
"13311","infects",6083,1136,0,436.938991135033
"13312","infects",6083,1137,0,440.005433926957
"13313","infects",6083,1138,0,435.357456965273
"13314","infects",6083,1139,0,423.713439222628
"13315","infects",6083,1140,0,406.671630061686
"13316","infects",6083,1141,0,386.316854641545
"13317","infects",6083,1142,0,364.763868222699
"13318","infects",6083,1143,0,343.787235250779
"13319","infects",6083,1144,0,324.621256870731
"13320","infects",6083,1145,0,307.929524361574
"13321","infects",6083,1146,0,293.888793040068
"13322","infects",6083,1147,0,282.320680964641
"13323","infects",6083,1148,0,272.823484363152
"13324","infects",6083,1149,0,264.88306924604
"13325","infects",6083,1150,0,257.943483077971
"13326","infects",6083,1151,0,251.543069175731
"13327","infects",6083,1152,0,245.286250057742
"13328","infects",6083,1153,0,238.939554347299
"13329","infects",6083,1154,0,232.443092205366
"13330","infects",6083,1155,0,225.905311340897
"13331","infects",6083,1156,0,219.568611036539
"13332","infects",6083,1157,0,213.752917305524
"13333","infects",6083,1158,0,208.790529698073
"13334","infects",6083,1159,0,204.966329517003
"13335","infects",6083,1160,0,202.472733234983
"13336","infects",6083,1161,0,201.381712724083
"13337","infects",6083,1162,0,201.630789985599
"13338","infects",6083,1163,0,203.018605164204
"13339","infects",6083,1164,0,205.20841450891
"13340","infects",6083,1165,0,207.742676750814
"13341","infects",6083,1166,0,210.075728117749
"13342","infects",6083,1167,0,211.631364178031
"13343","infects",6083,1168,0,211.88591891658
"13344","infects",6083,1169,0,210.465776687103
"13345","infects",6083,1170,0,207.235758446026
"13346","infects",6083,1171,0,202.34915932965
"13347","infects",6083,1172,0,196.23778861028
"13348","infects",6083,1173,0,189.540599881675
"13349","infects",6083,1174,0,182.992927149474
"13350","infects",6083,1175,0,177.31193361131
"13351","infects",6083,1176,0,173.110321361203
"13352","infects",6083,1177,0,170.85316317225
"13353","infects",6083,1178,0,170.852729834814
"13354","infects",6083,1179,0,173.283249150365
"13355","infects",6083,1180,0,178.195036798575
"13356","infects",6083,1181,0,185.512980960958
"13357","infects",6083,1182,0,195.013845280135
"13358","infects",6083,1183,0,206.287599281948
"13359","infects",6083,1184,0,218.698818362987
"13360","infects",6083,1185,0,231.373372521311
"13361","infects",6083,1186,0,243.238867188968
"13362","infects",6083,1187,0,253.138417932307
"13363","infects",6083,1188,0,260.012772892912
"13364","infects",6083,1189,0,263.111175163228
"13365","infects",6083,1190,0,262.163861115275
"13366","infects",6083,1191,0,257.449291204934
"13367","infects",6083,1192,0,249.724749711827
"13368","infects",6083,1193,0,240.043914802021
"13369","infects",6083,1194,0,229.539812524635
"13370","infects",6083,1195,0,219.181324249831
"13371","infects",6083,1196,0,209.709360391246
"13372","infects",6083,1197,0,201.562309779567
"13373","infects",6083,1198,0,194.908804284256
"13374","infects",6083,1199,0,189.704797251087
"13375","infects",6083,1200,0,185.757820167108
"13376","infects",6083,1201,0,182.785655754647
"13377","infects",6083,1202,0,180.467032574662
"13378","infects",6083,1203,0,178.486847209191
"13379","infects",6083,1204,0,176.577811209827
"13380","infects",6083,1205,0,174.556812487635
"13381","infects",6083,1206,0,172.350665462209
"13382","infects",6083,1207,0,170.004866230941
"13383","infects",6083,1208,0,167.671666630115
"13384","infects",6083,1209,0,165.579207723536
"13385","infects",6083,1210,0,163.9888127505
"13386","infects",6083,1211,0,163.149967767352
"13387","infects",6083,1212,0,163.260955341445
"13388","infects",6083,1213,0,164.438896276842
"13389","infects",6083,1214,0,166.698787410934
"13390","infects",6083,1215,0,169.939312906042
"13391","infects",6083,1216,0,173.93455435079
"13392","infects",6083,1217,0,178.33439023353
"13393","infects",6083,1218,0,182.680300384597
"13394","infects",6083,1219,0,186.444748809858
"13395","infects",6083,1220,0,189.098728353168
"13396","infects",6083,1221,0,190.202469831037
"13397","infects",6083,1222,0,189.501279770549
"13398","infects",6083,1223,0,186.998496236199
"13399","infects",6083,1224,0,182.978366578646
"13400","infects",6083,1225,0,177.966493104746
"13401","infects",6083,1226,0,172.638766380595
"13402","infects",6083,1227,0,167.709028829833
"13403","infects",6083,1228,0,163.830272659057
"13404","infects",6083,1229,0,161.532574369358
"13405","infects",6083,1230,0,161.20147767103
"13406","infects",6083,1231,0,163.084125808426
"13407","infects",6083,1232,0,167.303457036819
"13408","infects",6083,1233,0,173.863013465419
"13409","infects",6083,1234,0,182.632703653048
"13410","infects",6083,1235,0,193.315892263239
"13411","infects",6083,1236,0,205.408872626161
"13412","infects",6083,1237,0,218.173886421464
"13413","infects",6083,1238,0,230.653281315238
"13414","infects",6083,1239,0,241.749455748828
"13415","infects",6083,1240,0,250.377546643747
"13416","infects",6083,1241,0,255.666479537087
"13417","infects",6083,1242,0,257.151579809362
"13418","infects",6083,1243,0,254.889023186622
"13419","infects",6083,1244,0,249.443638371564
"13420","infects",6083,1245,0,241.750883595358
"13421","infects",6083,1246,0,232.904343701985
"13422","infects",6083,1247,0,223.935642553332
"13423","infects",6083,1248,0,215.687408649794
"13424","infects",6083,1249,0,208.707328126754
"13425","infects",6083,1250,0,203.269023705863
"13426","infects",6083,1251,0,199.409991581059
"13427","infects",6083,1252,0,196.988451394068
"13428","infects",6083,1253,0,195.73840769845
"13429","infects",6083,1254,0,195.318817099541
"13430","infects",6083,1255,0,195.35977251603
"13431","infects",6083,1256,0,195.509676538097
"13432","infects",6083,1257,0,195.483675477526
"13433","infects",6083,1258,0,195.107842363349
"13434","infects",6083,1259,0,194.349403725253
"13435","infects",6083,1260,0,193.323569083648
"13436","infects",6083,1261,0,192.272927250085
"13437","infects",6083,1262,0,191.523537565373
"13438","infects",6083,1263,0,191.428478441581
"13439","infects",6083,1264,0,192.311276305015
"13440","infects",6083,1265,0,194.418006809169
"13441","infects",6083,1266,0,197.880741193795
"13442","infects",6083,1267,0,202.690267541182
"13443","infects",6083,1268,0,208.675278063052
"13444","infects",6083,1269,0,215.488817597494
"13445","infects",6083,1270,0,222.608945013758
"13446","infects",6083,1271,0,229.365908814657
"13447","infects",6083,1272,0,235.008431540075
"13448","infects",6083,1273,0,238.813266080777
"13449","infects",6083,1274,0,240.224763944624
"13450","infects",6083,1275,0,238.990819165838
"13451","infects",6083,1276,0,235.250101445535
"13452","infects",6083,1277,0,229.534162522895
"13453","infects",6083,1278,0,222.677534920099
"13454","infects",6083,1279,0,215.665386680332
"13455","infects",6083,1280,0,209.47087107383
"13456","infects",6083,1281,0,204.930594718045
"13457","infects",6083,1282,0,202.681460232692
"13458","infects",6083,1283,0,203.152267366253
"13459","infects",6083,1284,0,206.584191437627
"13460","infects",6083,1285,0,213.05070607316
"13461","infects",6083,1286,0,222.455796400156
"13462","infects",6083,1287,0,234.503129972612
"13463","infects",6083,1288,0,248.644288379347
"13464","infects",6083,1289,0,264.029573728916
"13465","infects",6083,1290,0,279.508287980952
"13466","infects",6083,1291,0,293.658569653051
"13467","infects",6083,1292,0,305.008377259421
"13468","infects",6083,1293,0,312.265719661367
"13469","infects",6083,1294,0,314.609302915199
"13470","infects",6083,1295,0,311.898743088646
"13471","infects",6083,1296,0,304.722015787047
"13472","infects",6083,1297,0,294.252404131474
"13473","infects",6083,1298,0,281.967826353107
"13474","infects",6083,1299,0,269.33757128381
"13475","infects",6083,1300,0,257.576903089032
"13476","infects",6083,1301,0,247.520407070301
"13477","infects",6083,1302,0,239.60724685739
"13478","infects",6083,1303,0,233.936880333166
"13479","infects",6083,1304,0,230.349998597513
"13480","infects",6083,1305,0,228.50542510366
"13481","infects",6083,1306,0,227.943869726264
"13482","infects",6083,1307,0,228.143502249463
"13483","infects",6083,1308,0,228.576872846564
"13484","infects",6083,1309,0,228.774747529547
"13485","infects",6083,1310,0,228.393271358003
"13486","infects",6083,1311,0,227.27143529314
"13487","infects",6083,1312,0,225.461584711488
"13488","infects",6083,1313,0,223.22022269782
"13489","infects",6083,1314,0,220.958454445403
"13490","infects",6083,1315,0,219.16493411109
"13491","infects",6083,1316,0,218.321638045474
"13492","infects",6083,1317,0,218.830556985272
"13493","infects",6083,1318,0,220.959982907561
"13494","infects",6083,1319,0,224.808833910471
"13495","infects",6083,1320,0,230.28219349812
"13496","infects",6083,1321,0,237.07319319475
"13497","infects",6083,1322,0,244.654102262809
"13498","infects",6083,1323,0,252.289069819169
"13499","infects",6083,1324,0,259.086938208662
"13500","infects",6083,1325,0,264.108959311807
"13501","infects",6083,1326,0,266.529284080292
"13502","infects",6083,1327,0,265.818650043777
"13503","infects",6083,1328,0,261.89645640628
"13504","infects",6083,1329,0,255.191723311
"13505","infects",6083,1330,0,246.580284032675
"13506","infects",6083,1331,0,237.214851748648
"13507","infects",6083,1332,0,228.308822719665
"13508","infects",6083,1333,0,220.947186816448
"13509","infects",6083,1334,0,215.973649478373
"13510","infects",6083,1335,0,213.96081654789
"13511","infects",6083,1336,0,215.235648197778
"13512","infects",6083,1337,0,219.919358042164
"13513","infects",6083,1338,0,227.947614692947
"13514","infects",6083,1339,0,239.053787243289
"13515","infects",6083,1340,0,252.717483011933
"13516","infects",6083,1341,0,268.099989591915
"13517","infects",6083,1342,0,284.005919127505
"13518","infects",6083,1343,0,298.902879039885
"13519","infects",6083,1344,0,311.138443470256
"13520","infects",6083,1345,0,319.136580958766
"13521","infects",6083,1346,0,321.784435615538
"13522","infects",6083,1347,0,318.715039544404
"13523","infects",6083,1348,0,310.427276528223
"13524","infects",6083,1349,0,298.169777468633
"13525","infects",6083,1350,0,283.628319369314
"13526","infects",6083,1351,0,268.540201016613
"13527","infects",6083,1352,0,254.372557424581
"13528","infects",6083,1353,0,242.145989859059
"13529","infects",6083,1354,0,232.406207913125
"13530","infects",6083,1355,0,225.292684048094
"13531","infects",6083,1356,0,220.642222842601
"13532","infects",6083,1357,0,218.084623167879
"13533","infects",6083,1358,0,217.115370264716
"13534","infects",6083,1359,0,217.15120072561
"13535","infects",6083,1360,0,217.583131687436
"13536","infects",6083,1361,0,217.838998002793
"13537","infects",6083,1362,0,217.457087107248
"13538","infects",6083,1363,0,216.159174456414
"13539","infects",6083,1364,0,213.90184236617
"13540","infects",6083,1365,0,210.885627515716
"13541","infects",6083,1366,0,207.513837027212
"13542","infects",6083,1367,0,204.311069805841
"13543","infects",6083,1368,0,201.825315176274
"13544","infects",6083,1369,0,200.539266704279
"13545","infects",6083,1370,0,200.806505521055
"13546","infects",6083,1371,0,202.813866294506
"13547","infects",6083,1372,0,206.561169834607
"13548","infects",6083,1373,0,211.848107411633
"13549","infects",6083,1374,0,218.26476757423
"13550","infects",6083,1375,0,225.193184782193
"13551","infects",6083,1376,0,231.836957255893
"13552","infects",6083,1377,0,237.298315024793
"13553","infects",6083,1378,0,240.711568171206
"13554","infects",6083,1379,0,241.41767972557
"13555","infects",6083,1380,0,239.135200950718
"13556","infects",6083,1381,0,234.065821617504
"13557","infects",6083,1382,0,226.885585468538
"13558","infects",6083,1383,0,218.616195137434
"13559","infects",6083,1384,0,210.422426043734
"13560","infects",6083,1385,0,203.409780651976
"13561","infects",6083,1386,0,198.484948225272
"13562","infects",6083,1387,0,196.308648606043
"13563","infects",6083,1388,0,197.283502508497
"13564","infects",6083,1389,0,201.629166863735
"13565","infects",6083,1390,0,209.389139269458
"13566","infects",6083,1391,0,220.426341902042
"13567","infects",6083,1392,0,234.371450707764
"13568","infects",6083,1393,0,250.543479323517
"13569","infects",6083,1394,0,267.878232644952
"13570","infects",6083,1395,0,284.917846753736
"13571","infects",6083,1396,0,299.917610640549
"13572","infects",6083,1397,0,311.099113310425
"13573","infects",6083,1398,0,317.016312906197
"13574","infects",6083,1399,0,316.925623894732
"13575","infects",6083,1400,0,311.011413359368
"13576","infects",6083,1401,0,300.357221823831
"13577","infects",6083,1402,0,286.66319478809
"13578","infects",6083,1403,0,271.826118425385
"13579","infects",6083,1404,0,257.545470984957
"13580","infects",6083,1405,0,245.075326817227
"13581","infects",6083,1406,0,235.150892151319
"13582","infects",6083,1407,0,228.042981442307
"13583","infects",6083,1408,0,223.667354706563
"13584","infects",6083,1409,0,221.691857536834
"13585","infects",6083,1410,0,221.616385483265
"13586","infects",6083,1411,0,222.828645804135
"13587","infects",6083,1412,0,224.653179614415
"13588","infects",6083,1413,0,226.411802546194
"13589","infects",6083,1414,0,227.503702997024
"13590","infects",6083,1415,0,227.497234857935
"13591","infects",6083,1416,0,226.210092159653
"13592","infects",6083,1417,0,223.748836613968
"13593","infects",6083,1418,0,220.488254115468
"13594","infects",6083,1419,0,216.992629852892
"13595","infects",6083,1420,0,213.902965335231
"13596","infects",6083,1421,0,211.823662314236
"13597","infects",6083,1422,0,211.234945636441
"13598","infects",6083,1423,0,212.439909159557
"13599","infects",6083,1424,0,215.53903684449
"13600","infects",6083,1425,0,220.418547422125
"13601","infects",6083,1426,0,226.743238417649
"13602","infects",6083,1427,0,233.955783847007
"13603","infects",6083,1428,0,241.296649423412
"13604","infects",6083,1429,0,247.865329697587
"13605","infects",6083,1430,0,252.738207819978
"13606","infects",6083,1431,0,255.13787319664
"13607","infects",6083,1432,0,254.61828534847
"13608","infects",6083,1433,0,251.205585542229
"13609","infects",6083,1434,0,245.435563142149
"13610","infects",6083,1435,0,238.264029945709
"13611","infects",6083,1436,0,230.880131396551
"13612","infects",6083,1437,0,224.492728522042
"13613","infects",6083,1438,0,220.161896753906
"13614","infects",6083,1439,0,218.713750887208
"13615","infects",6083,1440,0,220.722513225528
"13616","infects",6083,1441,0,226.575582325304
"13617","infects",6083,1442,0,236.455208553104
"13618","infects",6083,1443,0,250.354660231111
"13619","infects",6083,1444,0,268.010864910798
"13620","infects",6083,1445,0,288.800578549217
"13621","infects",6083,1446,0,311.629052181822
"13622","infects",6083,1447,0,334.872095386388
"13623","infects",6083,1448,0,356.446748548814
"13624","infects",6083,1449,0,374.067256464743
"13625","infects",6083,1450,0,385.676647630257
"13626","infects",6083,1451,0,389.945056671624
"13627","infects",6083,1452,0,386.64953876198
"13628","infects",6083,1453,0,376.762800964678
"13629","infects",6083,1454,0,362.196941663785
"13630","infects",6083,1455,0,345.308030020742
"13631","infects",6083,1456,0,328.364604454317
"13632","infects",6083,1457,0,313.161952538035
"13633","infects",6083,1458,0,300.85763441801
"13634","infects",6083,1459,0,291.993769095036
"13635","infects",6083,1460,0,286.617265083379
"13636","infects",6083,1461,0,284.415563076604
"13637","infects",6083,1462,0,284.82376052087
"13638","infects",6083,1463,0,287.098085711559
"13639","infects",6083,1464,0,290.374817412774
"13640","infects",6083,1465,0,293.740331803318
"13641","infects",6083,1466,0,296.329090990706
"13642","infects",6083,1467,0,297.446598705061
"13643","infects",6083,1468,0,296.691620798493
"13644","infects",6083,1469,0,294.037882706276
"13645","infects",6083,1470,0,289.840458049305
"13646","infects",6083,1471,0,284.757036779684
"13647","infects",6083,1472,0,279.606766332047
"13648","infects",6083,1473,0,275.210700445825
"13649","infects",6083,1474,0,272.256685515694
"13650","infects",6083,1475,0,271.211625757129
"13651","infects",6083,1476,0,272.280024393092
"13652","infects",6083,1477,0,275.393171055966
"13653","infects",6083,1478,0,280.213297746729
"13654","infects",6083,1479,0,286.147859144056
"13655","infects",6083,1480,0,292.383085196891
"13656","infects",6083,1481,0,297.954896354886
"13657","infects",6083,1482,0,301.872287585959
"13658","infects",6083,1483,0,303.290136125997
"13659","infects",6083,1484,0,301.712341558448
"13660","infects",6083,1485,0,297.095020269129
"13661","infects",6083,1486,0,289.961726906993
"13662","infects",6083,1487,0,281.288257069316
"13663","infects",6083,1488,0,272.32774829782
"13664","infects",6083,1489,0,264.387801483576
"13665","infects",6083,1490,0,258.642562960229
"13666","infects",6083,1491,0,256.025771451418
"13667","infects",6083,1492,0,257.206034644235
"13668","infects",6083,1493,0,262.610935879688
"13669","infects",6083,1494,0,272.454834440242
"13670","infects",6083,1495,0,286.733439045247
"13671","infects",6083,1496,0,305.167206779882
"13672","infects",6083,1497,0,327.099293697411
"13673","infects",6083,1498,0,351.380692533154
"13674","infects",6083,1499,0,376.302706672418
"13675","infects",6083,1500,0,399.653982554804
"13676","infects",6083,1501,0,418.965634529695
"13677","infects",6083,1502,0,431.946476757738
"13678","infects",6083,1503,0,437.010742355739
"13679","infects",6083,1504,0,433.713638347327
"13680","infects",6083,1505,0,422.904797540185
"13681","infects",6083,1506,0,406.515823340936
"13682","infects",6083,1507,0,387.063727400908
"13683","infects",6083,1508,0,367.072515089605
"13684","infects",6083,1509,0,348.617876475621
"13685","infects",6083,1510,0,333.101184959499
"13686","infects",6083,1511,0,321.238199596119
"13687","infects",6083,1512,0,313.17558634639
"13688","infects",6083,1513,0,308.642312071111
"13689","infects",6083,1514,0,307.078081476216
"13690","infects",6083,1515,0,307.723563980865
"13691","infects",6083,1516,0,309.686814912404
"13692","infects",6083,1517,0,312.011559393538
"13693","infects",6083,1518,0,313.767859093804
"13694","infects",6083,1519,0,314.168527750145
"13695","infects",6083,1520,0,312.692372736546
"13696","infects",6083,1521,0,309.178277278661
"13697","infects",6083,1522,0,303.853150617143
"13698","infects",6083,1523,0,297.275883760605
"13699","infects",6083,1524,0,290.210378798361
"13700","infects",6083,1525,0,283.466391249842
"13701","infects",6083,1526,0,277.753196050294
"13702","infects",6083,1527,0,273.576863292015
"13703","infects",6083,1528,0,271.188617519468
"13704","infects",6083,1529,0,270.57358881494
"13705","infects",6083,1530,0,271.463921982331
"13706","infects",6083,1531,0,273.366441214646
"13707","infects",6083,1532,0,275.606177475568
"13708","infects",6083,1533,0,277.395347454769
"13709","infects",6083,1534,0,277.936830355598
"13710","infects",6083,1535,0,276.559367587595
"13711","infects",6083,1536,0,272.845142824322
"13712","infects",6083,1537,0,266.802879479215
"13713","infects",6083,1538,0,258.826975866878
"13714","infects",6083,1539,0,249.686232056719
"13715","infects",6083,1540,0,240.37450908222
"13716","infects",6083,1541,0,231.936611327317
"13717","infects",6083,1542,0,225.315966892657
"13718","infects",6083,1543,0,221.262188018349
"13719","infects",6083,1544,0,220.303926907091
"13720","infects",6083,1545,0,222.764694804206
"13721","infects",6083,1546,0,228.787812271991
"13722","infects",6083,1547,0,238.340978828217
"13723","infects",6083,1548,0,251.18459783027
"13724","infects",6083,1549,0,266.80559255026
"13725","infects",6083,1550,0,284.338020529978
"13726","infects",6083,1551,0,302.511563474907
"13727","infects",6083,1552,0,319.682299426506
"13728","infects",6083,1553,0,333.993926078523
"13729","infects",6083,1554,0,343.679090230287
"13730","infects",6083,1555,0,347.442646354914
"13731","infects",6083,1556,0,344.802149228773
"13732","infects",6083,1557,0,336.243883121382
"13733","infects",6083,1558,0,323.114324793088
"13734","infects",6083,1559,0,307.282417916293
"13735","infects",6083,1560,0,290.707404866002
"13736","infects",6083,1561,0,275.069019990025
"13737","infects",6083,1562,0,261.558159462006
"13738","infects",6083,1563,0,250.836653908397
"13739","infects",6083,1564,0,243.109729563118
"13740","infects",6083,1565,0,238.241002124329
"13741","infects",6083,1566,0,235.862395602774
"13742","infects",6083,1567,0,235.449360208435
"13743","infects",6083,1568,0,236.371670440541
"13744","infects",6083,1569,0,237.940138031663
"13745","infects",6083,1570,0,239.463175125717
"13746","infects",6083,1571,0,240.321148658314
"13747","infects",6083,1572,0,240.051586232783
"13748","infects",6083,1573,0,238.424447413695
"13749","infects",6083,1574,0,235.481221429929
"13750","infects",6083,1575,0,231.519354374614
"13751","infects",6083,1576,0,227.02212911827
"13752","infects",6083,1577,0,222.55397429035
"13753","infects",6083,1578,0,218.651294437507
"13754","infects",6083,1579,0,215.734759147153
"13755","infects",6083,1580,0,214.066061816631
"13756","infects",6083,1581,0,213.685169270039
"13757","infects",6083,1582,0,214.464944284546
"13758","infects",6083,1583,0,216.092214531464
"13759","infects",6083,1584,0,218.102443218623
"13760","infects",6083,1585,0,219.92561228008
"13761","infects",6083,1586,0,220.957457823991
"13762","infects",6083,1587,0,220.656553268108
"13763","infects",6083,1588,0,218.654463626275
"13764","infects",6083,1589,0,214.851919054905
"13765","infects",6083,1590,0,209.468199453424
"13766","infects",6083,1591,0,203.021152170263
"13767","infects",6083,1592,0,196.2398796967
"13768","infects",6083,1593,0,189.938780050952
"13769","infects",6083,1594,0,184.894730327183
"13770","infects",6083,1595,0,181.761555010017
"13771","infects",6083,1596,0,181.033725270506
"13772","infects",6083,1597,0,183.048228543669
"13773","infects",6083,1598,0,188.000531432796
"13774","infects",6083,1599,0,195.94995214497
"13775","infects",6083,1600,0,206.79792174684
"13776","infects",6083,1601,0,220.235303138346
"13777","infects",6083,1602,0,235.670291386381
"13778","infects",6083,1603,0,252.165575875904
"13779","infects",6083,1604,0,268.428512027715
"13780","infects",6083,1605,0,282.901240341455
"13781","infects",6083,1606,0,293.976259370492
"13782","infects",6083,1607,0,300.31229493695
"13783","infects",6083,1608,0,301.162304686832
"13784","infects",6083,1609,0,296.588794002248
"13785","infects",6083,1610,0,287.467539354583
"13786","infects",6083,1611,0,275.267945739965
"13787","infects",6083,1612,0,261.697552652705
"13788","infects",6083,1613,0,248.347456963685
"13789","infects",6083,1614,0,236.449610525145
"13790","infects",6083,1615,0,226.78441020547
"13791","infects",6083,1616,0,219.70898472141
"13792","infects",6083,1617,0,215.246029091137
"13793","infects",6083,1618,0,213.180015333308
"13794","infects",6083,1619,0,213.132541071643
"13795","infects",6083,1620,0,214.613465455207
"13796","infects",6083,1621,0,217.059583986514
"13797","infects",6083,1622,0,219.876681494033
"13798","infects",6083,1623,0,222.495989424737
"13799","infects",6083,1624,0,224.445089239429
"13800","infects",6083,1625,0,225.420488894885
"13801","infects",6083,1626,0,225.340442800096
"13802","infects",6083,1627,0,224.357626872612
"13803","infects",6083,1628,0,222.823124856512
"13804","infects",6083,1629,0,221.210321654222
"13805","infects",6083,1630,0,220.020409821477
"13806","infects",6083,1631,0,219.693539696064
"13807","infects",6083,1632,0,220.541584696619
"13808","infects",6083,1633,0,222.697323290628
"13809","infects",6083,1634,0,226.126874921372
"13810","infects",6083,1635,0,230.581050441027
"13811","infects",6083,1636,0,235.630563312803
"13812","infects",6083,1637,0,240.691021911103
"13813","infects",6083,1638,0,245.08405420981
"13814","infects",6083,1639,0,248.134862182239
"13815","infects",6083,1640,0,249.298821351885
"13816","infects",6083,1641,0,248.291471705653
"13817","infects",6083,1642,0,245.182860426261
"13818","infects",6083,1643,0,240.419972640194
"13819","infects",6083,1644,0,234.763772459843
"13820","infects",6083,1645,0,229.160605975768
"13821","infects",6083,1646,0,224.592711538847
"13822","infects",6083,1647,0,221.954824903316
"13823","infects",6083,1648,0,221.983800132574
"13824","infects",6083,1649,0,225.239524544756
"13825","infects",6083,1650,0,232.11367603114
"13826","infects",6083,1651,0,242.835405034309
"13827","infects",6083,1652,0,257.448232761194
"13828","infects",6083,1653,0,275.745564428882
"13829","infects",6083,1654,0,297.170433732898
"13830","infects",6083,1655,0,320.707808392067
"13831","infects",6083,1656,0,344.822079312917
"13832","infects",6083,1657,0,367.507671828869
"13833","infects",6083,1658,0,386.508818214135
"13834","infects",6083,1659,0,399.710561558073
"13835","infects",6083,1660,0,405.615606588046
"13836","infects",6083,1661,0,403.74455251617
"13837","infects",6083,1662,0,394.790172687852
"13838","infects",6083,1663,0,380.446483278372
"13839","infects",6083,1664,0,362.977614702834
"13840","infects",6083,1665,0,344.700624386978
"13841","infects",6083,1666,0,327.565392386592
"13842","infects",6083,1667,0,312.933314052642
"13843","infects",6083,1668,0,301.55069072035
"13844","infects",6083,1669,0,293.645020100047
"13845","infects",6083,1670,0,289.061541709829
"13846","infects",6083,1671,0,287.385011735297
"13847","infects",6083,1672,0,288.027853779645
"13848","infects",6083,1673,0,290.292463702792
"13849","infects",6083,1674,0,293.427037543801
"13850","infects",6083,1675,0,296.692249448943
"13851","infects",6083,1676,0,299.444635911112
"13852","infects",6083,1677,0,301.235990749522
"13853","infects",6083,1678,0,301.854140303199
"13854","infects",6083,1679,0,301.400582656256
"13855","infects",6083,1680,0,300.23821204328
"13856","infects",6083,1681,0,298.917480152718
"13857","infects",6083,1682,0,298.064059057652
"13858","infects",6083,1683,0,298.262922930097
"13859","infects",6083,1684,0,299.962005079723
"13860","infects",6083,1685,0,303.405173899982
"13861","infects",6083,1686,0,308.592424600802
"13862","infects",6083,1687,0,315.261183095564
"13863","infects",6083,1688,0,322.887104121434
"13864","infects",6083,1689,0,330.711571412391
"13865","infects",6083,1690,0,337.809668725114
"13866","infects",6083,1691,0,343.210026980722
"13867","infects",6083,1692,0,346.062900090099
"13868","infects",6083,1693,0,345.827977888459
"13869","infects",6083,1694,0,342.430490441544
"13870","infects",6083,1695,0,336.329572852368
"13871","infects",6083,1696,0,328.466727290272
"13872","infects",6083,1697,0,320.107163755825
"13873","infects",6083,1698,0,312.628865443611
"13874","infects",6083,1699,0,307.328844220358
"13875","infects",6083,1700,0,305.296437641425
"13876","infects",6083,1701,0,307.364442631223
"13877","infects",6083,1702,0,314.113431482496
"13878","infects",6083,1703,0,325.887608807907
"13879","infects",6083,1704,0,342.783166952135
"13880","infects",6083,1705,0,364.585760415252
"13881","infects",6083,1706,0,390.656785987602
"13882","infects",6083,1707,0,419.796697447859
"13883","infects",6083,1708,0,450.14520528282
"13884","infects",6083,1709,0,479.202763033931
"13885","infects",6083,1710,0,504.054302158891
"13886","infects",6083,1711,0,521.822523839318
"13887","infects",6083,1712,0,530.274075530797
"13888","infects",6083,1713,0,528.390953364378
"13889","infects",6083,1714,0,516.677512890631
"13890","infects",6083,1715,0,497.054639724168
"13891","infects",6083,1716,0,472.369896975188
"13892","infects",6083,1717,0,445.72059396442
"13893","infects",6083,1718,0,419.841686256529
"13894","infects",6083,1719,0,396.732841481831
"13895","infects",6083,1720,0,377.559389509813
"13896","infects",6083,1721,0,362.751459395615
"13897","infects",6083,1722,0,352.189051584013
"13898","infects",6083,1723,0,345.385242865656
"13899","infects",6083,1724,0,341.627113330719
"13900","infects",6083,1725,0,340.073902402538
"13901","infects",6083,1726,0,339.832427886102
"13902","infects",6083,1727,0,340.031917525479
"13903","infects",6083,1728,0,339.909791537753
"13904","infects",6083,1729,0,338.903319398357
"13905","infects",6083,1730,0,336.705054843756
"13906","infects",6083,1731,0,333.378705018366
"13907","infects",6083,1732,0,329.233442515608
"13908","infects",6083,1733,0,324.805366885504
"13909","infects",6083,1734,0,320.727044521726
"13910","infects",6083,1735,0,317.602532824731
"13911","infects",6083,1736,0,315.901623718498
"13912","infects",6083,1737,0,315.886932776324
"13913","infects",6083,1738,0,317.573802039447
"13914","infects",6083,1739,0,320.716314672817
"13915","infects",6083,1740,0,324.814928790691
"13916","infects",6083,1741,0,329.148896025294
"13917","infects",6083,1742,0,332.843439986305
"13918","infects",6083,1743,0,334.981141677701
"13919","infects",6083,1744,0,334.75517814759
"13920","infects",6083,1745,0,331.640793706422
"13921","infects",6083,1746,0,325.540247394874
"13922","infects",6083,1747,0,316.850108639324
"13923","infects",6083,1748,0,306.41858744872
"13924","infects",6083,1749,0,295.400319829684
"13925","infects",6083,1750,0,285.056442328758
"13926","infects",6083,1751,0,276.565387753254
"13927","infects",6083,1752,0,270.895350694813
"13928","infects",6083,1753,0,268.754051727054
"13929","infects",6083,1754,0,270.596742797667
"13930","infects",6083,1755,0,276.65508877842
"13931","infects",6083,1756,0,286.950239178943
"13932","infects",6083,1757,0,301.266801623948
"13933","infects",6083,1758,0,319.083756904134
"13934","infects",6083,1759,0,339.480557992756
"13935","infects",6083,1760,0,361.060231967689
"13936","infects",6083,1761,0,381.95061907063
"13937","infects",6083,1762,0,399.946502293891
"13938","infects",6083,1763,0,412.82265760211
"13939","infects",6083,1764,0,418.776324167493
"13940","infects",6083,1765,0,416.872421664651
"13941","infects",6083,1766,0,407.319455437034
"13942","infects",6083,1767,0,391.445888429519
"13943","infects",6083,1768,0,371.37024160298
"13944","infects",6083,1769,0,349.49372416045
"13945","infects",6083,1770,0,328.007321902819
"13946","infects",6083,1771,0,308.564656266635
"13947","infects",6083,1772,0,292.169146418897
"13948","infects",6083,1773,0,279.248827938539
"13949","infects",6083,1774,0,269.725817934159
"13950","infects",6083,1775,0,263.262348945336
"13951","infects",6083,1776,0,259.318025681275
"13952","infects",6083,1777,0,257.244646101204
"13953","infects",6083,1778,0,256.344895223558
"13954","infects",6083,1779,0,255.926744140623
"13955","infects",6083,1780,0,255.365449812252
"13956","infects",6083,1781,0,254.172778672652
"13957","infects",6083,1782,0,252.06045715953
"13958","infects",6083,1783,0,248.977915178326
"13959","infects",6083,1784,0,245.107535903506
"13960","infects",6083,1785,0,240.813406856257
"13961","infects",6083,1786,0,236.555672540056
"13962","infects",6083,1787,0,232.79330191384
"13963","infects",6083,1788,0,229.898165094645
"13964","infects",6083,1789,0,228.094388778084
"13965","infects",6083,1790,0,227.425636791121
"13966","infects",6083,1791,0,227.745788617033
"13967","infects",6083,1792,0,228.728078709481
"13968","infects",6083,1793,0,229.892266769554
"13969","infects",6083,1794,0,230.65434877204
"13970","infects",6083,1795,0,230.403874208691
"13971","infects",6083,1796,0,228.607087406159
"13972","infects",6083,1797,0,224.92074134544
"13973","infects",6083,1798,0,219.287635676802
"13974","infects",6083,1799,0,211.980341691308
"13975","infects",6083,1800,0,203.571456920485
"13976","infects",6083,1801,0,194.834887637831
"13977","infects",6083,1802,0,186.610013150606
"13978","infects",6083,1803,0,179.673171192768
"13979","infects",6083,1804,0,174.65175518828
"13980","infects",6083,1805,0,171.992363451759
"13981","infects",6083,1806,0,171.97049124562
"13982","infects",6083,1807,0,174.716357271501
"13983","infects",6083,1808,0,180.231664765798
"13984","infects",6083,1809,0,188.380976488772
"13985","infects",6083,1810,0,198.8538888045
"13986","infects",6083,1811,0,211.108016048985
"13987","infects",6083,1812,0,224.317300786446
"13988","infects",6083,1813,0,237.362674983801
"13989","infects",6083,1814,0,248.905062089244
"13990","infects",6083,1815,0,257.563652077228
"13991","infects",6083,1816,0,262.180760633569
"13992","infects",6083,1817,0,262.101242016527
"13993","infects",6083,1818,0,257.361098729964
"13994","infects",6083,1819,0,248.698335280979
"13995","infects",6083,1820,0,237.370969835958
"13996","infects",6083,1821,0,224.853022795345
"13997","infects",6083,1822,0,212.525427798411
"13998","infects",6083,1823,0,201.460420055726
"13999","infects",6083,1824,0,192.336582392361
"14000","infects",6083,1825,0,185.461434348276
"14001","infects",6083,1826,0,180.844395359668
"14002","infects",6083,1827,0,178.302328561751
"14003","infects",6083,1828,0,177.501907960698
"14004","infects",6083,1829,0,178.021331459761
"14005","infects",6083,1830,0,179.380336557245
"14006","infects",6083,1831,0,181.074315231073
"14007","infects",6083,1832,0,182.618953978135
"14008","infects",6083,1833,0,183.606354695062
"14009","infects",6083,1834,0,183.763037333256
"14010","infects",6083,1835,0,182.992800696046
"14011","infects",6083,1836,0,181.387687457165
"14012","infects",6083,1837,0,179.199441603512
"14013","infects",6083,1838,0,176.777726630611
"14014","infects",6083,1839,0,174.492525264465
"14015","infects",6083,1840,0,172.660829297398
"14016","infects",6083,1841,0,171.491859706821
"14017","infects",6083,1842,0,171.055607286506
"14018","infects",6083,1843,0,171.272378581443
"14019","infects",6083,1844,0,171.919293612463
"14020","infects",6083,1845,0,172.652386643484
"14021","infects",6083,1846,0,173.046605048554
"14022","infects",6083,1847,0,172.656600244973
"14023","infects",6083,1848,0,171.096231201456
"14024","infects",6083,1849,0,168.124796784097
"14025","infects",6083,1850,0,163.71790913844
"14026","infects",6083,1851,0,158.09798462819
"14027","infects",6083,1852,0,151.708914262386
"14028","infects",6083,1853,0,145.139564003736
"14029","infects",6083,1854,0,139.02114033189
"14030","infects",6083,1855,0,133.932121036179
"14031","infects",6083,1856,0,130.336615007107
"14032","infects",6083,1857,0,128.56354187591
"14033","infects",6083,1858,0,128.816127513509
"14034","infects",6083,1859,0,131.192047177172
"14035","infects",6083,1860,0,135.695255587416
"14036","infects",6083,1861,0,142.227555642613
"14037","infects",6083,1862,0,150.55753427747
"14038","infects",6083,1863,0,160.275083837085
"14039","infects",6083,1864,0,170.750923125505
"14040","infects",6083,1865,0,181.130121914788
"14041","infects",6083,1866,0,190.390492054719
"14042","infects",6083,1867,0,197.482617621308
"14043","infects",6083,1868,0,201.535188060442
"14044","infects",6083,1869,0,202.068106689998
"14045","infects",6083,1870,0,199.136654125349
"14046","infects",6083,1871,0,193.315085204809
"14047","infects",6083,1872,0,185.575327630558
"14048","infects",6083,1873,0,177.040760858859
"14049","infects",6083,1874,0,168.757803259292
"14050","infects",6083,1875,0,161.538214632919
"14051","infects",6083,1876,0,155.899320905858
"14052","infects",6083,1877,0,152.081997575513
"14053","infects",6083,1878,0,150.106614235202
"14054","infects",6083,1879,0,149.832067739402
"14055","infects",6083,1880,0,151.000086183955
"14056","infects",6083,1881,0,153.263522757121
"14057","infects",6083,1882,0,156.207778264554
"14058","infects",6083,1883,0,159.377676898315
"14059","infects",6083,1884,0,162.318738898633
"14060","infects",6083,1885,0,164.633432994303
"14061","infects",6083,1886,0,166.042467376818
"14062","infects",6083,1887,0,166.433247849565
"14063","infects",6083,1888,0,165.877305499826
"14064","infects",6083,1889,0,164.607496670014
"14065","infects",6083,1890,0,162.960170076859
"14066","infects",6083,1891,0,161.299528669359
"14067","infects",6083,1892,0,159.944851754557
"14068","infects",6083,1893,0,159.115672416117
"14069","infects",6083,1894,0,158.900402158336
"14070","infects",6083,1895,0,159.246367844604
"14071","infects",6083,1896,0,159.966967072987
"14072","infects",6083,1897,0,160.763837246954
"14073","infects",6083,1898,0,161.265193790636
"14074","infects",6083,1899,0,161.082081854994
"14075","infects",6083,1900,0,159.879982897153
"14076","infects",6083,1901,0,157.454777181206
"14077","infects",6083,1902,0,153.793779741204
"14078","infects",6083,1903,0,149.100733698491
"14079","infects",6083,1904,0,143.772458297028
"14080","infects",6083,1905,0,138.332100427474
"14081","infects",6083,1906,0,133.340789955855
"14082","infects",6083,1907,0,129.316112035413
"14083","infects",6083,1908,0,126.678689392634
"14084","infects",6083,1909,0,125.732528607004
"14085","infects",6083,1910,0,126.669924464459
"14086","infects",6083,1911,0,129.584227671952
"14087","infects",6083,1912,0,134.474574490464
"14088","infects",6083,1913,0,141.232960146312
"14089","infects",6083,1914,0,149.612886864612
"14090","infects",6083,1915,0,159.188851042637
"14091","infects",6083,1916,0,169.326218481381
"14092","infects",6083,1917,0,179.188648287344
"14093","infects",6083,1918,0,187.809043729833
"14094","infects",6083,1919,0,194.233365130121
"14095","infects",6083,1920,0,197.714329944434
"14096","infects",6083,1921,0,197.896950891817
"14097","infects",6083,1922,0,194.923296550869
"14098","infects",6083,1923,0,189.39128419646
"14099","infects",6083,1924,0,182.262800124128
"14100","infects",6083,1925,0,174.570131569282
"14101","infects",6083,1926,0,167.259907421722
"14102","infects",6083,1927,0,161.053349677679
"14103","infects",6083,1928,0,156.402322240635
"14104","infects",6083,1929,0,153.509615648487
"14105","infects",6083,1930,0,152.378093360573
"14106","infects",6083,1931,0,152.859885353543
"14107","infects",6083,1932,0,154.692184976444
"14108","infects",6083,1933,0,157.520524611598
"14109","infects",6083,1934,0,160.919062774284
"14110","infects",6083,1935,0,164.419525061601
"14111","infects",6083,1936,0,167.556484882821
"14112","infects",6083,1937,0,169.927928879326
"14113","infects",6083,1938,0,171.259508255349
"14114","infects",6083,1939,0,171.453504001325
"14115","infects",6083,1940,0,170.604267549294
"14116","infects",6083,1941,0,168.971982344632
"14117","infects",6083,1942,0,166.92151156713
"14118","infects",6083,1943,0,164.844878451817
"14119","infects",6083,1944,0,163.088608021673
"14120","infects",6083,1945,0,161.90080300457
"14121","infects",6083,1946,0,161.402683263585
"14122","infects",6083,1947,0,161.581458879125
"14123","infects",6083,1948,0,162.298873453202
"14124","infects",6083,1949,0,163.311734118508
"14125","infects",6083,1950,0,164.30415406317
"14126","infects",6083,1951,0,164.932794571046
"14127","infects",6083,1952,0,164.884143349628
"14128","infects",6083,1953,0,163.93707790316
"14129","infects",6083,1954,0,162.017455547188
"14130","infects",6083,1955,0,159.228682591171
"14131","infects",6083,1956,0,155.846644246158
"14132","infects",6083,1957,0,152.278586185279
"14133","infects",6083,1958,0,148.998334200613
"14134","infects",6083,1959,0,146.477624240232
"14135","infects",6083,1960,0,145.131371848067
"14136","infects",6083,1961,0,145.285260483491
"14137","infects",6083,1962,0,147.16285518464
"14138","infects",6083,1963,0,150.882041584111
"14139","infects",6083,1964,0,156.44923774272
"14140","infects",6083,1965,0,163.743769193085
"14141","infects",6083,1966,0,172.503594401927
"14142","infects",6083,1967,0,182.256893977192
"14143","infects",6083,1968,0,192.364766857902
"14144","infects",6083,1969,0,202.014258177297
"14145","infects",6083,1970,0,210.30514858829
"14146","infects",6083,1971,0,216.385948909131
"14147","infects",6083,1972,0,219.62130668757
"14148","infects",6083,1973,0,219.741422252118
"14149","infects",6083,1974,0,216.917717708876
"14150","infects",6083,1975,0,211.730916296965
"14151","infects",6083,1976,0,205.040055700639
"14152","infects",6083,1977,0,197.800306191607
"14153","infects",6083,1978,0,190.891292160681
"14154","infects",6083,1979,0,185.001177109332
"14155","infects",6083,1980,0,180.579540976723
"14156","infects",6083,1981,0,177.844260608119
"14157","infects",6083,1982,0,176.815845076557
"14158","infects",6083,1983,0,177.356239557439
"14159","infects",6083,1984,0,185.250341536906
"14160","infects",6083,1985,0,188.518875890162
"14161","infects",6083,1986,0,191.300096965157
"14162","infects",6083,1987,0,193.1762740626
"14163","infects",6083,1988,0,193.863971788712
"14164","infects",6083,1989,0,193.264559697905
"14165","infects",6083,1990,0,191.481843740379
"14166","infects",6083,1991,0,188.79860393668
"14167","infects",6083,1992,0,185.617795529889
"14168","infects",6083,1993,0,182.385828519685
"14169","infects",6083,1994,0,179.518885432455
"14170","infects",6083,1995,0,177.347957158486
"14171","infects",6083,1996,0,176.088414015737
"14172","infects",6083,1997,0,175.831181186916
"14173","infects",6083,1998,0,176.548490553945
"14174","infects",6083,1999,0,178.10789132663
"14175","infects",6083,2000,0,180.291584927275
"14176","infects",6083,2001,0,182.821541051905
"14177","infects",6083,2002,0,185.392251603234
"14178","infects",6083,2003,0,187.711539814623
"14179","infects",6083,2004,0,189.546037289266
"14180","infects",6083,2005,0,190.76353915821
"14181","infects",6083,2006,0,191.361978690891
"14182","infects",6083,2007,0,191.476282169831
"14183","infects",6083,2008,0,191.360002054665
"14184","infects",6083,2009,0,191.346065914295
"14185","infects",6083,2010,0,191.796626176368
"14186","infects",6083,2011,0,193.053215941016
"14187","infects",6083,2012,0,195.395159693949
"14188","infects",6083,2013,0,199.008791505767
"14189","infects",6083,2014,0,203.955619880929
"14190","infects",6083,2015,0,210.174423595015
"14191","infects",6083,2016,0,217.466948442371
"14192","infects",6083,2017,0,225.477868335391
"14193","infects",6083,2018,0,233.716043927317
"14194","infects",6083,2019,0,241.569815765424
"14195","infects",6083,2020,0,248.376005952403
"14196","infects",6083,2021,0,253.507112020891
"14197","infects",6083,2022,0,256.476581973774
"14198","infects",6083,2023,0,257.035553409441
"14199","infects",6083,2024,0,255.231871130521
"14200","infects",6083,2025,0,251.410017466026
"14201","infects",6083,2026,0,246.149210226122
"14202","infects",6083,2027,0,240.157942047636
"14203","infects",6083,2028,0,234.156118575415
"14204","infects",6083,2029,0,228.774947686972
"14205","infects",6083,2030,0,224.492279984128
"14206","infects",6083,2031,0,221.605238076867
"14207","infects",6083,2032,0,220.230525089225
"14208","infects",6083,2033,0,220.319229274264
"14209","infects",6083,2034,0,221.676081724982
"14210","infects",6083,2035,0,223.979508550514
"14211","infects",6083,2036,0,226.804985167995
"14212","infects",6083,2037,0,229.65770920137
"14213","infects",6083,2038,0,232.020096273014
"14214","infects",6083,2039,0,233.414806971494
"14215","infects",6083,2040,0,233.476196618977
"14216","infects",6083,2041,0,232.015362000561
"14217","infects",6083,2042,0,229.060576170182
"14218","infects",6083,2043,0,224.859010419452
"14219","infects",6083,2044,0,219.836800380145
"14220","infects",6083,2045,0,214.528016083664
"14221","infects",6083,2046,0,209.492391226994
"14222","infects",6083,2047,0,205.242453302926
"14223","infects",6083,2048,0,202.193535703478
"14224","infects",6083,2049,0,200.639606341827
"14225","infects",6083,2050,0,200.749166545539
"14226","infects",6083,2051,0,202.571654407359
"14227","infects",6083,2052,0,206.045830876362
"14228","infects",6083,2053,0,211.005690626937
"14229","infects",6083,2054,0,217.184359305537
"14230","infects",6083,2055,0,224.220538007399
"14231","infects",6083,2056,0,231.674166636839
"14232","infects",6083,2057,0,239.057250262543
"14233","infects",6083,2058,0,245.88184651951
"14234","infects",6083,2059,0,251.720698819511
"14235","infects",6083,2060,0,256.269062890932
"14236","infects",6083,2061,0,259.399398396115
"14237","infects",6083,2062,0,261.153862017174
"14238","infects",6083,2063,0,261.763482914118
"14239","infects",6083,2064,0,261.579473018385
"14240","infects",6083,2065,0,261.010859544458
"14241","infects",6083,2066,0,260.454804242544
"14242","infects",6083,2067,0,260.237750803296
"14243","infects",6083,2068,0,260.574957553506
"14244","infects",6083,2069,0,261.549805661446
"14245","infects",6083,2070,0,263.110603182138
"14246","infects",6083,2071,0,265.081969717643
"14247","infects",6083,2072,0,267.189105897541
"14248","infects",6083,2073,0,269.094431680732
"14249","infects",6083,2074,0,270.445620571477
"14250","infects",6083,2075,0,270.931392723326
"14251","infects",6083,2076,0,270.337379684
"14252","infects",6083,2077,0,268.590991576545
"14253","infects",6083,2078,0,265.783915713181
"14254","infects",6083,2079,0,262.164998406199
"14255","infects",6083,2080,0,258.103905300847
"14256","infects",6083,2081,0,254.034045249626
"14257","infects",6083,2082,0,250.388153451604
"14258","infects",6083,2083,0,247.539663862369
"14259","infects",6083,2084,0,245.758337602355
"14260","infects",6083,2085,0,245.182427211391
"14261","infects",6083,2086,0,245.805066698932
"14262","infects",6083,2087,0,247.471333104653
"14263","infects",6083,2088,0,249.884386556063
"14264","infects",6083,2089,0,252.622670526109
"14265","infects",6083,2090,0,255.173052258389
"14266","infects",6083,2091,0,256.984727240491
"14267","infects",6083,2092,0,257.544225613752
"14268","infects",6083,2093,0,256.463299470835
"14269","infects",6083,2094,0,253.561863833602
"14270","infects",6083,2095,0,248.92274765516
"14271","infects",6083,2096,0,242.89867362206
"14272","infects",6083,2097,0,236.065444691122
"14273","infects",6083,2098,0,229.133519535043
"14274","infects",6083,2099,0,222.84397631568
"14275","infects",6083,2100,0,217.877194229722
"14276","infects",6083,2101,0,214.792994035252
"14277","infects",6083,2102,0,214.005533295622
"14278","infects",6083,2103,0,215.782888978708
"14279","infects",6083,2104,0,220.254942648012
"14280","infects",6083,2105,0,227.414354128024
"14281","infects",6083,2106,0,237.10174695459
"14282","infects",6083,2107,0,248.975193383923
"14283","infects",6083,2108,0,262.474024946492
"14284","infects",6083,2109,0,276.796370905754
"14285","infects",6083,2110,0,290.915695771376
"14286","infects",6083,2111,0,303.659149699441
"14287","infects",6083,2112,0,313.85527010268
"14288","infects",6083,2113,0,320.531091252046
"14289","infects",6083,2114,0,323.074927214532
"14290","infects",6083,2115,0,321.488423540146
"14291","infects",6083,2116,0,316.243711222201
"14292","infects",6083,2117,0,308.262291101412
"14293","infects",6083,2118,0,298.695990527414
"14294","infects",6083,2119,0,288.70558591658
"14295","infects",6083,2120,0,279.281203205575
"14296","infects",6083,2121,0,271.138573244365
"14297","infects",6083,2122,0,264.690805214754
"14298","infects",6083,2123,0,260.073024362833
"14299","infects",6083,2124,0,257.192440368387
"14300","infects",6083,2125,0,255.784159141768
"14301","infects",6083,2126,0,255.464732325455
"14302","infects",6083,2127,0,255.784381463942
"14303","infects",6083,2128,0,256.282017316252
"14304","infects",6083,2129,0,256.544638194981
"14305","infects",6083,2130,0,256.266590703069
"14306","infects",6083,2131,0,255.298057906697
"14307","infects",6083,2132,0,253.669834318356
"14308","infects",6083,2133,0,251.585228832668
"14309","infects",6083,2134,0,249.378830224521
"14310","infects",6083,2135,0,247.4517083235
"14311","infects",6083,2136,0,246.198454626125
"14312","infects",6083,2137,0,245.940767078085
"14313","infects",6083,2138,0,246.876478186844
"14314","infects",6083,2139,0,249.046095050725
"14315","infects",6083,2140,0,252.314995401743
"14316","infects",6083,2141,0,256.370022744436
"14317","infects",6083,2142,0,260.733180335036
"14318","infects",6083,2143,0,264.799273329386
"14319","infects",6083,2144,0,267.904792702232
"14320","infects",6083,2145,0,269.429050894977
"14321","infects",6083,2146,0,268.915518340037
"14322","infects",6083,2147,0,266.186202897604
"14323","infects",6083,2148,0,261.413656084293
"14324","infects",6083,2149,0,255.122110989897
"14325","infects",6083,2150,0,248.112144311205
"14326","infects",6083,2151,0,241.33202844563
"14327","infects",6083,2152,0,235.737831733415
"14328","infects",6083,2153,0,232.182879171141
"14329","infects",6083,2154,0,231.357703653528
"14330","infects",6083,2155,0,233.776422931463
"14331","infects",6083,2156,0,239.787256803877
"14332","infects",6083,2157,0,249.595080193708
"14333","infects",6083,2158,0,263.184668270181
"14334","infects",6083,2159,0,280.339209974844
"14335","infects",6083,2160,0,300.505416371981
"14336","infects",6083,2161,0,322.706651141404
"14337","infects",6083,2162,0,345.486001327403
"14338","infects",6083,2163,0,366.949608516421
"14339","infects",6083,2164,0,384.961369972013
"14340","infects",6083,2165,0,397.494424967568
"14341","infects",6083,2166,0,403.068530247814
"14342","infects",6083,2167,0,401.13136407078
"14343","infects",6083,2168,0,392.228156257014
"14344","infects",6083,2169,0,377.875900232506
"14345","infects",6083,2170,0,360.185343396432
"14346","infects",6083,2171,0,341.379988880203
"14347","infects",6083,2172,0,323.383152286459
"14348","infects",6083,2173,0,307.580258379348
"14349","infects",6083,2174,0,294.767524895748
"14350","infects",6083,2175,0,285.228862307608
"14351","infects",6083,2176,0,278.86433653372
"14352","infects",6083,2177,0,275.313547739799
"14353","infects",6083,2178,0,274.049953878705
"14354","infects",6083,2179,0,274.448385399009
"14355","infects",6083,2180,0,275.840747329207
"14356","infects",6083,2181,0,277.575083282154
"14357","infects",6083,2182,0,279.084581455807
"14358","infects",6083,2183,0,279.960527582153
"14359","infects",6083,2184,0,280.012397074784
"14360","infects",6083,2185,0,279.294955034523
"14361","infects",6083,2186,0,278.089235702195
"14362","infects",6083,2187,0,276.838858647335
"14363","infects",6083,2188,0,276.057704629524
"14364","infects",6083,2189,0,276.231798564679
"14365","infects",6083,2190,0,277.734740130541
"14366","infects",6083,2191,0,280.766069222242
"14367","infects",6083,2192,0,285.31255389384
"14368","infects",6083,2193,0,291.128858907565
"14369","infects",6083,2194,0,297.737355730894
"14370","infects",6083,2195,0,304.453803237504
"14371","infects",6083,2196,0,310.450689834644
"14372","infects",6083,2197,0,314.867354066384
"14373","infects",6083,2198,0,316.962311264314
"14374","infects",6083,2199,0,316.281216234058
"14375","infects",6083,2200,0,312.794071592497
"14376","infects",6083,2201,0,306.952183723666
"14377","infects",6083,2202,0,299.637545499304
"14378","infects",6083,2203,0,292.017741837808
"14379","infects",6083,2204,0,285.356568744929
"14380","infects",6083,2205,0,280.842642097305
"14381","infects",6083,2206,0,279.479764338766
"14382","infects",6083,2207,0,282.047289164269
"14383","infects",6083,2208,0,289.106799298356
"14384","infects",6083,2209,0,301.016138443194
"14385","infects",6083,2210,0,317.914013515154
"14386","infects",6083,2211,0,339.652293317512
"14387","infects",6083,2212,0,365.674320243863
"14388","infects",6083,2213,0,394.865290502502
"14389","infects",6083,2214,0,425.433673695855
"14390","infects",6083,2215,0,454.910966833717
"14391","infects",6083,2216,0,480.358626026314
"14392","infects",6083,2217,0,498.820034026761
"14393","infects",6083,2218,0,507.947495350822
"14394","infects",6083,2219,0,506.612114290929
"14395","infects",6083,2220,0,495.250228518012
"14396","infects",6083,2221,0,475.778009846762
"14397","infects",6083,2222,0,451.093517362526
"14398","infects",6083,2223,0,424.370692139491
"14399","infects",6083,2224,0,398.415438768056
"14400","infects",6083,2225,0,375.27380517725
"14401","infects",6083,2226,0,356.131482205004
"14402","infects",6083,2227,0,341.423346024054
"14403","infects",6083,2228,0,331.031825591874
"14404","infects",6083,2229,0,324.47959792418
"14405","infects",6083,2230,0,321.073503381161
"14406","infects",6083,2231,0,319.999478583506
"14407","infects",6083,2232,0,320.390344066572
"14408","infects",6083,2233,0,321.391121924722
"14409","infects",6083,2234,0,322.236392416092
"14410","infects",6083,2235,0,322.337587843277
"14411","infects",6083,2236,0,321.362134849462
"14412","infects",6083,2237,0,319.278512879851
"14413","infects",6083,2238,0,316.346652817335
"14414","infects",6083,2239,0,313.050177045513
"14415","infects",6083,2240,0,309.987069310316
"14416","infects",6083,2241,0,307.747554979978
"14417","infects",6083,2242,0,306.806606978699
"14418","infects",6083,2243,0,307.446665501217
"14419","infects",6083,2244,0,309.712571623502
"14420","infects",6083,2245,0,313.393225365519
"14421","infects",6083,2246,0,318.025699196069
"14422","infects",6083,2247,0,322.924571157827
"14423","infects",6083,2248,0,327.245970687954
"14424","infects",6083,2249,0,330.09567829768
"14425","infects",6083,2250,0,330.679412685921
"14426","infects",6083,2251,0,328.472657562215
"14427","infects",6083,2252,0,323.366298775175
"14428","infects",6083,2253,0,315.737431321045
"14429","infects",6083,2254,0,306.423214011991
"14430","infects",6083,2255,0,296.542819472739
"14431","infects",6083,2256,0,287.357805917668
"14432","infects",6083,2257,0,280.053925777948
"14433","infects",6083,2258,0,275.621344317539
"14434","infects",6083,2259,0,274.802270460964
"14435","infects",6083,2260,0,278.094584266894
"14436","infects",6083,2261,0,285.774331803861
"14437","infects",6083,2262,0,297.90009552847
"14438","infects",6083,2263,0,314.275349337036
"14439","infects",6083,2264,0,334.364766294321
"14440","infects",6083,2265,0,357.184450147384
"14441","infects",6083,2266,0,381.212644380272
"14442","infects",6083,2267,0,404.389864291744
"14443","infects",6083,2268,0,424.279654382208
"14444","infects",6083,2269,0,438.42369806063
"14445","infects",6083,2270,0,444.8426547584
"14446","infects",6083,2271,0,442.5365386587
"14447","infects",6083,2272,0,431.788053334554
"14448","infects",6083,2273,0,414.123318898699
"14449","infects",6083,2274,0,391.928216607554
"14450","infects",6083,2275,0,367.872609115827
"14451","infects",6083,2276,0,344.362029457206
"14452","infects",6083,2277,0,323.184507030426
"14453","infects",6083,2278,0,305.400512765396
"14454","infects",6083,2279,0,291.41892392403
"14455","infects",6083,2280,0,281.15976073912
"14456","infects",6083,2281,0,274.220471681313
"14457","infects",6083,2282,0,270.003952381913
"14458","infects",6083,2283,0,267.80403010652
"14459","infects",6083,2284,0,266.865131606475
"14460","infects",6083,2285,0,266.437302943838
"14461","infects",6083,2286,0,265.840457863091
"14462","infects",6083,2287,0,264.538109122399
"14463","infects",6083,2288,0,262.206734082484
"14464","infects",6083,2289,0,258.778823639669
"14465","infects",6083,2290,0,254.440546947542
"14466","infects",6083,2291,0,249.578680336781
"14467","infects",6083,2292,0,244.689298611126
"14468","infects",6083,2293,0,240.273027539106
"14469","infects",6083,2294,0,236.742271785755
"14470","infects",6083,2295,0,234.356196415849
"14471","infects",6083,2296,0,233.186520169323
"14472","infects",6083,2297,0,233.1087259973
"14473","infects",6083,2298,0,233.812238443011
"14474","infects",6083,2299,0,234.827700211553
"14475","infects",6083,2300,0,235.575068473218
"14476","infects",6083,2301,0,235.437836001826
"14477","infects",6083,2302,0,233.862984795055
"14478","infects",6083,2303,0,230.473714238382
"14479","infects",6083,2304,0,225.168010884438
"14480","infects",6083,2305,0,218.170008156561
"14481","infects",6083,2306,0,210.010568663983
"14482","infects",6083,2307,0,201.437816701879
"14483","infects",6083,2308,0,193.285789143872
"14484","infects",6083,2309,0,186.344151724644
"14485","infects",6083,2310,0,181.265681359438
"14486","infects",6083,2311,0,178.526131871253
"14487","infects",6083,2312,0,178.42696949796
"14488","infects",6083,2313,0,181.117051861719
"14489","infects",6083,2314,0,186.607915206508
"14490","infects",6083,2315,0,194.765316713924
"14491","infects",6083,2316,0,205.272098901295
"14492","infects",6083,2317,0,217.571665570165
"14493","infects",6083,2318,0,230.816421687269
"14494","infects",6083,2319,0,243.858625994963
"14495","infects",6083,2320,0,255.324626164375
"14496","infects",6083,2321,0,263.796686657568
"14497","infects",6083,2322,0,268.084553938416
"14498","infects",6083,2323,0,267.513990492818
"14499","infects",6083,2324,0,262.123938791668
"14500","infects",6083,2325,0,252.681060440974
"14501","infects",6083,2326,0,240.4935507502
"14502","infects",6083,2327,0,227.095820187132
"14503","infects",6083,2328,0,213.925586456084
"14504","infects",6083,2329,0,202.097574352072
"14505","infects",6083,2330,0,192.314334889888
"14506","infects",6083,2331,0,184.890751477883
"14507","infects",6083,2332,0,179.837464375616
"14508","infects",6083,2333,0,176.952473515415
"14509","infects",6083,2334,0,175.89276306518
"14510","infects",6083,2335,0,176.221113248448
"14511","infects",6083,2336,0,177.438131171797
"14512","infects",6083,2337,0,179.014457627161
"14513","infects",6083,2338,0,180.434812660857
"14514","infects",6083,2339,0,181.256418197588
"14515","infects",6083,2340,0,181.172695467151
"14516","infects",6083,2341,0,180.063980952275
"14517","infects",6083,2342,0,178.015748495251
"14518","infects",6083,2343,0,175.293748779469
"14519","infects",6083,2344,0,172.280875308553
"14520","infects",6083,2345,0,169.394134633057
"14521","infects",6083,2346,0,167.004508479744
"14522","infects",6083,2347,0,165.376567832148
"14523","infects",6083,2348,0,164.633623451105
"14524","infects",6083,2349,0,164.745074506
"14525","infects",6083,2350,0,165.538668628475
"14526","infects",6083,2351,0,166.683321122678
"14527","infects",6083,2352,0,167.764181445472
"14528","infects",6083,2353,0,168.305639686456
"14529","infects",6083,2354,0,167.849603575534
"14530","infects",6083,2355,0,166.044327032856
"14531","infects",6083,2356,0,162.731260091005
"14532","infects",6083,2357,0,158.002726308886
"14533","infects",6083,2358,0,152.206204510842
"14534","infects",6083,2359,0,145.888167262524
"14535","infects",6083,2360,0,139.694493562199
"14536","infects",6083,2361,0,134.261623503975
"14537","infects",6083,2362,0,130.132545145658
"14538","infects",6083,2363,0,127.715537499633
"14539","infects",6083,2364,0,127.282265474192
"14540","infects",6083,2365,0,128.986925192946
"14541","infects",6083,2366,0,132.884422896764
"14542","infects",6083,2367,0,138.930734352486
"14543","infects",6083,2368,0,146.958066093708
"14544","infects",6083,2369,0,156.628536072524
"14545","infects",6083,2370,0,167.382357904765
"14546","infects",6083,2371,0,178.408887989851
"14547","infects",6083,2372,0,188.676312676111
"14548","infects",6083,2373,0,197.048795191364
"14549","infects",6083,2374,0,202.4907143007
"14550","infects",6083,2375,0,204.310984941479
"14551","infects",6083,2376,0,202.360407793309
"14552","infects",6083,2377,0,197.09405981826
"14553","infects",6083,2378,0,189.462301864798
"14554","infects",6083,2379,0,180.672456927111
"14555","infects",6083,2380,0,171.918484459595
"14556","infects",6083,2381,0,164.174326646506
"14557","infects",6083,2382,0,158.097451873004
"14558","infects",6083,2383,0,154.031426261259
"14559","infects",6083,2384,0,152.063420920381
"14560","infects",6083,2385,0,152.091601610275
"14561","infects",6083,2386,0,153.875497949131
"14562","infects",6083,2387,0,157.063702743962
"14563","infects",6083,2388,0,161.208547153708
"14564","infects",6083,2389,0,165.784465373998
"14565","infects",6083,2390,0,170.225869385853
"14566","infects",6083,2391,0,173.991920939644
"14567","infects",6083,2392,0,176.651269036499
"14568","infects",6083,2393,0,177.96478008064
"14569","infects",6083,2394,0,177.936849697485
"14570","infects",6083,2395,0,176.812670542125
"14571","infects",6083,2396,0,175.018480466322
"14572","infects",6083,2397,0,173.06384500248
"14573","infects",6083,2398,0,171.436736808898
"14574","infects",6083,2399,0,170.518162726802
"14575","infects",6083,2400,0,170.528582070086
"14576","infects",6083,2401,0,171.50390137849
"14577","infects",6083,2402,0,173.2922673208
"14578","infects",6083,2403,0,175.565437775195
"14579","infects",6083,2404,0,177.846095531347
"14580","infects",6083,2405,0,179.55891111929
"14581","infects",6083,2406,0,180.112826328763
"14582","infects",6083,2407,0,179.011964695181
"14583","infects",6083,2408,0,175.975063213977
"14584","infects",6083,2409,0,171.027396992826
"14585","infects",6083,2410,0,164.527453194255
"14586","infects",6083,2411,0,157.110273060128
"14587","infects",6083,2412,0,149.563393461185
"14588","infects",6083,2413,0,142.680077390262
"14589","infects",6083,2414,0,137.139936238666
"14590","infects",6083,2415,0,133.447110946629
"14591","infects",6083,2416,0,131.925612189941
"14592","infects",6083,2417,0,132.748444789153
"14593","infects",6083,2418,0,135.970385727883
"14594","infects",6083,2419,0,141.540838721922
"14595","infects",6083,2420,0,149.285683709342
"14596","infects",6083,2421,0,158.860692999301
"14597","infects",6083,2422,0,169.693145631435
"14598","infects",6083,2423,0,180.942489284917
"14599","infects",6083,2424,0,191.520721827279
"14600","infects",6083,2425,0,200.208168780199
"14601","infects",6083,2426,0,205.870113549006
"14602","infects",6083,2427,0,207.727056355585
"14603","infects",6083,2428,0,205.582140633186
"14604","infects",6083,2429,0,199.902547892062
"14605","infects",6083,2430,0,191.707154922575
"14606","infects",6083,2431,0,182.303807901911
"14607","infects",6083,2432,0,172.986809562639
"14608","infects",6083,2433,0,164.805872943143
"14609","infects",6083,2434,0,158.460985992396
"14610","infects",6083,2435,0,154.309767522144
"14611","infects",6083,2436,0,152.435421595028
"14612","infects",6083,2437,0,152.72292068978
"14613","infects",6083,2438,0,154.91280144284
"14614","infects",6083,2439,0,158.626803458915
"14615","infects",6083,2440,0,163.377250182459
"14616","infects",6083,2441,0,168.580469556314
"14617","infects",6083,2442,0,173.594135737622
"14618","infects",6083,2443,0,177.789136706375
"14619","infects",6083,2444,0,180.649474733577
"14620","infects",6083,2445,0,181.874393193282
"14621","infects",6083,2446,0,181.445906998159
"14622","infects",6083,2447,0,179.638671519569
"14623","infects",6083,2448,0,176.926399323553
"14624","infects",6083,2449,0,173.90139040983
"14625","infects",6083,2450,0,171.12867245828
"14626","infects",6083,2451,0,169.050656472297
"14627","infects",6083,2452,0,167.927936525114
"14628","infects",6083,2453,0,167.817369914285
"14629","infects",6083,2454,0,168.574902232844
"14630","infects",6083,2455,0,169.873110488499
"14631","infects",6083,2456,0,171.23246360968
"14632","infects",6083,2457,0,172.073520330746
"14633","infects",6083,2458,0,171.798395348552
"14634","infects",6083,2459,0,169.900539196887
"14635","infects",6083,2460,0,166.08421452566
"14636","infects",6083,2461,0,160.357996420573
"14637","infects",6083,2462,0,153.063368623383
"14638","infects",6083,2463,0,144.818362326493
"14639","infects",6083,2464,0,136.391010702479
"14640","infects",6083,2465,0,128.548101570491
"14641","infects",6083,2466,0,121.931653951591
"14642","infects",6083,2467,0,116.995551598137
"14643","infects",6083,2468,0,114.002905934719
"14644","infects",6083,2469,0,113.060567211891
"14645","infects",6083,2470,0,114.160317171517
"14646","infects",6083,2471,0,117.203513266431
"14647","infects",6083,2472,0,121.998897732409
"14648","infects",6083,2473,0,128.236033405865
"14649","infects",6083,2474,0,135.448006662996
"14650","infects",6083,2475,0,142.986797774373
"14651","infects",6083,2476,0,150.040598633495
"14652","infects",6083,2477,0,155.717809684708
"14653","infects",6083,2478,0,159.200803130629
"14654","infects",6083,2479,0,159.935936096589
"14655","infects",6083,2480,0,157.792422773134
"14656","infects",6083,2481,0,153.118107418282
"14657","infects",6083,2482,0,146.658546580575
"14658","infects",6083,2483,0,139.369206962251
"14659","infects",6083,2484,0,132.198241405587
"14660","infects",6083,2485,0,125.918961048367
"14661","infects",6083,2486,0,121.051966021768
"14662","infects",6083,2487,0,117.868744157036
"14663","infects",6083,2488,0,116.440242707021
"14664","infects",6083,2489,0,116.692513354607
"14665","infects",6083,2490,0,125.317940871564
"14666","infects",6083,2491,0,129.670363117583
"14667","infects",6083,2492,0,134.024999302572
"14668","infects",6083,2493,0,137.911262108008
"14669","infects",6083,2494,0,140.928348400476
"14670","infects",6083,2495,0,142.82219757907
"14671","infects",6083,2496,0,143.542059624227
"14672","infects",6083,2497,0,143.253083986231
"14673","infects",6083,2498,0,142.296966281374
"14674","infects",6083,2499,0,141.113387791966
"14675","infects",6083,2500,0,140.148602786305
"14676","infects",6083,2501,0,139.776933689754
"14677","infects",6083,2502,0,140.248952980605
"14678","infects",6083,2503,0,141.666060166209
"14679","infects",6083,2504,0,143.973202132239
"14680","infects",6083,2505,0,146.962107392326
"14681","infects",6083,2506,0,150.283877480424
"14682","infects",6083,2507,0,153.477073907615
"14683","infects",6083,2508,0,156.020524518727
"14684","infects",6083,2509,0,157.415323844702
"14685","infects",6083,2510,0,157.287521071105
"14686","infects",6083,2511,0,155.486749307718
"14687","infects",6083,2512,0,152.146619721301
"14688","infects",6083,2513,0,147.679743877125
"14689","infects",6083,2514,0,142.704362967298
"14690","infects",6083,2515,0,137.928537026668
"14691","infects",6083,2516,0,134.034010843642
"14692","infects",6083,2517,0,131.59580632681
"14693","infects",6083,2518,0,131.051194043747
"14694","infects",6083,2519,0,132.707974004892
"14695","D_obs",6083,0,0,8
"14696","D_obs",6083,1,0,9
"14697","D_obs",6083,2,0,7
"14698","D_obs",6083,3,0,11
"14699","D_obs",6083,4,0,8
"14700","D_obs",6083,5,0,14
"14701","D_obs",6083,6,0,4
"14702","D_obs",6083,7,0,11
"14703","D_obs",6083,8,0,7
"14704","D_obs",6083,9,0,12
"14705","D_obs",6083,10,0,6
"14706","D_obs",6083,11,0,16
"14707","D_obs",6083,12,0,8
"14708","D_obs",6083,13,0,5
"14709","D_obs",6083,14,0,11
"14710","D_obs",6083,15,0,5
"14711","D_obs",6083,16,0,12
"14712","D_obs",6083,17,0,7
"14713","D_obs",6083,18,0,10
"14714","D_obs",6083,19,0,15
"14715","D_obs",6083,20,0,17
"14716","D_obs",6083,21,0,25
"14717","D_obs",6083,22,0,30
"14718","D_obs",6083,23,0,16
"14719","D_obs",6083,24,0,24
"14720","D_obs",6083,25,0,18
"14721","D_obs",6083,26,0,29
"14722","D_obs",6083,27,0,25
"14723","D_obs",6083,28,0,23
"14724","D_obs",6083,29,0,28
"14725","D_obs",6083,30,0,31
"14726","D_obs",6083,31,0,19
"14727","D_obs",6083,32,0,43
"14728","D_obs",6083,33,0,28
"14729","D_obs",6083,34,0,38
"14730","D_obs",6083,35,0,30
"14731","D_obs",6083,36,0,35
"14732","D_obs",6083,37,0,29
"14733","D_obs",6083,38,0,31
"14734","D_obs",6083,39,0,47
"14735","D_obs",6083,40,0,36
"14736","D_obs",6083,41,0,41
"14737","D_obs",6083,42,0,46
"14738","D_obs",6083,43,0,44
"14739","D_obs",6083,44,0,39
"14740","D_obs",6083,45,0,50
"14741","D_obs",6083,46,0,43
"14742","D_obs",6083,47,0,30
"14743","D_obs",6083,48,0,35
"14744","D_obs",6083,49,0,40
"14745","D_obs",6083,50,0,33
"14746","D_obs",6083,51,0,35
"14747","D_obs",6083,52,0,27
"14748","D_obs",6083,53,0,22
"14749","D_obs",6083,54,0,30
"14750","D_obs",6083,55,0,23
"14751","D_obs",6083,56,0,19
"14752","D_obs",6083,57,0,15
"14753","D_obs",6083,58,0,24
"14754","D_obs",6083,59,0,22
"14755","D_obs",6083,60,0,29
"14756","D_obs",6083,61,0,21
"14757","D_obs",6083,62,0,21
"14758","D_obs",6083,63,0,22
"14759","D_obs",6083,64,0,22
"14760","D_obs",6083,65,0,21
"14761","D_obs",6083,66,0,21
"14762","D_obs",6083,67,0,27
"14763","D_obs",6083,68,0,18
"14764","D_obs",6083,69,0,24
"14765","D_obs",6083,70,0,10
"14766","D_obs",6083,71,0,21
"14767","D_obs",6083,72,0,27
"14768","D_obs",6083,73,0,29
"14769","D_obs",6083,74,0,33
"14770","D_obs",6083,75,0,31
"14771","D_obs",6083,76,0,27
"14772","D_obs",6083,77,0,32
"14773","D_obs",6083,78,0,32
"14774","D_obs",6083,79,0,30
"14775","D_obs",6083,80,0,37
"14776","D_obs",6083,81,0,32
"14777","D_obs",6083,82,0,41
"14778","D_obs",6083,83,0,48
"14779","D_obs",6083,84,0,43
"14780","D_obs",6083,85,0,34
"14781","D_obs",6083,86,0,39
"14782","D_obs",6083,87,0,41
"14783","D_obs",6083,88,0,48
"14784","D_obs",6083,89,0,64
"14785","D_obs",6083,90,0,54
"14786","D_obs",6083,91,0,43
"14787","D_obs",6083,92,0,54
"14788","D_obs",6083,93,0,58
"14789","D_obs",6083,94,0,58
"14790","D_obs",6083,95,0,66
"14791","D_obs",6083,96,0,60
"14792","D_obs",6083,97,0,51
"14793","D_obs",6083,98,0,61
"14794","D_obs",6083,99,0,59
"14795","D_obs",6083,100,0,47
"14796","D_obs",6083,101,0,46
"14797","D_obs",6083,102,0,49
"14798","D_obs",6083,103,0,54
"14799","D_obs",6083,104,0,47
"14800","D_obs",6083,105,0,51
"14801","D_obs",6083,106,0,49
"14802","D_obs",6083,107,0,42
"14803","D_obs",6083,108,0,31
"14804","D_obs",6083,109,0,37
"14805","D_obs",6083,110,0,43
"14806","D_obs",6083,111,0,43
"14807","D_obs",6083,112,0,39
"14808","D_obs",6083,113,0,40
"14809","D_obs",6083,114,0,43
"14810","D_obs",6083,115,0,36
"14811","D_obs",6083,116,0,35
"14812","D_obs",6083,117,0,35
"14813","D_obs",6083,118,0,31
"14814","D_obs",6083,119,0,32
"14815","D_obs",6083,120,0,35
"14816","D_obs",6083,121,0,24
"14817","D_obs",6083,122,0,35
"14818","D_obs",6083,123,0,41
"14819","D_obs",6083,124,0,49
"14820","D_obs",6083,125,0,63
"14821","D_obs",6083,126,0,56
"14822","D_obs",6083,127,0,62
"14823","D_obs",6083,128,0,78
"14824","D_obs",6083,129,0,60
"14825","D_obs",6083,130,0,58
"14826","D_obs",6083,131,0,69
"14827","D_obs",6083,132,0,72
"14828","D_obs",6083,133,0,82
"14829","D_obs",6083,134,0,75
"14830","D_obs",6083,135,0,80
"14831","D_obs",6083,136,0,68
"14832","D_obs",6083,137,0,93
"14833","D_obs",6083,138,0,82
"14834","D_obs",6083,139,0,99
"14835","D_obs",6083,140,0,70
"14836","D_obs",6083,141,0,87
"14837","D_obs",6083,142,0,85
"14838","D_obs",6083,143,0,87
"14839","D_obs",6083,144,0,102
"14840","D_obs",6083,145,0,81
"14841","D_obs",6083,146,0,88
"14842","D_obs",6083,147,0,72
"14843","D_obs",6083,148,0,70
"14844","D_obs",6083,149,0,84
"14845","D_obs",6083,150,0,60
"14846","D_obs",6083,151,0,56
"14847","D_obs",6083,152,0,44
"14848","D_obs",6083,153,0,47
"14849","D_obs",6083,154,0,42
"14850","D_obs",6083,155,0,39
"14851","D_obs",6083,156,0,37
"14852","D_obs",6083,157,0,47
"14853","D_obs",6083,158,0,45
"14854","D_obs",6083,159,0,28
"14855","D_obs",6083,160,0,35
"14856","D_obs",6083,161,0,34
"14857","D_obs",6083,162,0,38
"14858","D_obs",6083,163,0,30
"14859","D_obs",6083,164,0,23
"14860","D_obs",6083,165,0,24
"14861","D_obs",6083,166,0,23
"14862","D_obs",6083,167,0,27
"14863","D_obs",6083,168,0,30
"14864","D_obs",6083,169,0,11
"14865","D_obs",6083,170,0,17
"14866","D_obs",6083,171,0,18
"14867","D_obs",6083,172,0,16
"14868","D_obs",6083,173,0,9
"14869","D_obs",6083,174,0,11
"14870","D_obs",6083,175,0,22
"14871","D_obs",6083,176,0,18
"14872","D_obs",6083,177,0,19
"14873","D_obs",6083,178,0,16
"14874","D_obs",6083,179,0,17
"14875","D_obs",6083,180,0,12
"14876","D_obs",6083,181,0,15
"14877","D_obs",6083,182,0,21
"14878","D_obs",6083,183,0,15
"14879","D_obs",6083,184,0,12
"14880","D_obs",6083,185,0,13
"14881","D_obs",6083,186,0,10
"14882","D_obs",6083,187,0,18
"14883","D_obs",6083,188,0,6
"14884","D_obs",6083,189,0,14
"14885","D_obs",6083,190,0,16
"14886","D_obs",6083,191,0,14
"14887","D_obs",6083,192,0,14
"14888","D_obs",6083,193,0,20
"14889","D_obs",6083,194,0,21
"14890","D_obs",6083,195,0,23
"14891","D_obs",6083,196,0,24
"14892","D_obs",6083,197,0,20
"14893","D_obs",6083,198,0,25
"14894","D_obs",6083,199,0,11
"14895","D_obs",6083,200,0,20
"14896","D_obs",6083,201,0,28
"14897","D_obs",6083,202,0,25
"14898","D_obs",6083,203,0,22
"14899","D_obs",6083,204,0,18
"14900","D_obs",6083,205,0,19
"14901","D_obs",6083,206,0,21
"14902","D_obs",6083,207,0,13
"14903","D_obs",6083,208,0,19
"14904","D_obs",6083,209,0,20
"14905","D_obs",6083,210,0,16
"14906","D_obs",6083,211,0,14
"14907","D_obs",6083,212,0,19
"14908","D_obs",6083,213,0,16
"14909","D_obs",6083,214,0,24
"14910","D_obs",6083,215,0,20
"14911","D_obs",6083,216,0,16
"14912","D_obs",6083,217,0,11
"14913","D_obs",6083,218,0,18
"14914","D_obs",6083,219,0,20
"14915","D_obs",6083,220,0,8
"14916","D_obs",6083,221,0,16
"14917","D_obs",6083,222,0,11
"14918","D_obs",6083,223,0,13
"14919","D_obs",6083,224,0,15
"14920","D_obs",6083,225,0,6
"14921","D_obs",6083,226,0,11
"14922","D_obs",6083,227,0,15
"14923","D_obs",6083,228,0,11
"14924","D_obs",6083,229,0,23
"14925","D_obs",6083,230,0,10
"14926","D_obs",6083,231,0,15
"14927","D_obs",6083,232,0,17
"14928","D_obs",6083,233,0,14
"14929","D_obs",6083,234,0,20
"14930","D_obs",6083,235,0,25
"14931","D_obs",6083,236,0,12
"14932","D_obs",6083,237,0,11
"14933","D_obs",6083,238,0,23
"14934","D_obs",6083,239,0,17
"14935","D_obs",6083,240,0,10
"14936","D_obs",6083,241,0,10
"14937","D_obs",6083,242,0,19
"14938","D_obs",6083,243,0,10
"14939","D_obs",6083,244,0,19
"14940","D_obs",6083,245,0,15
"14941","D_obs",6083,246,0,17
"14942","D_obs",6083,247,0,21
"14943","D_obs",6083,248,0,28
"14944","D_obs",6083,249,0,30
"14945","D_obs",6083,250,0,33
"14946","D_obs",6083,251,0,22
"14947","D_obs",6083,252,0,27
"14948","D_obs",6083,253,0,19
"14949","D_obs",6083,254,0,27
"14950","D_obs",6083,255,0,33
"14951","D_obs",6083,256,0,25
"14952","D_obs",6083,257,0,25
"14953","D_obs",6083,258,0,19
"14954","D_obs",6083,259,0,13
"14955","D_obs",6083,260,0,16
"14956","D_obs",6083,261,0,22
"14957","D_obs",6083,262,0,12
"14958","D_obs",6083,263,0,14
"14959","D_obs",6083,264,0,14
"14960","D_obs",6083,265,0,17
"14961","D_obs",6083,266,0,14
"14962","D_obs",6083,267,0,21
"14963","D_obs",6083,268,0,13
"14964","D_obs",6083,269,0,11
"14965","D_obs",6083,270,0,18
"14966","D_obs",6083,271,0,13
"14967","D_obs",6083,272,0,11
"14968","D_obs",6083,273,0,7
"14969","D_obs",6083,274,0,16
"14970","D_obs",6083,275,0,12
"14971","D_obs",6083,276,0,11
"14972","D_obs",6083,277,0,13
"14973","D_obs",6083,278,0,11
"14974","D_obs",6083,279,0,15
"14975","D_obs",6083,280,0,26
"14976","D_obs",6083,281,0,20
"14977","D_obs",6083,282,0,4
"14978","D_obs",6083,283,0,12
"14979","D_obs",6083,284,0,16
"14980","D_obs",6083,285,0,11
"14981","D_obs",6083,286,0,16
"14982","D_obs",6083,287,0,13
"14983","D_obs",6083,288,0,15
"14984","D_obs",6083,289,0,18
"14985","D_obs",6083,290,0,16
"14986","D_obs",6083,291,0,16
"14987","D_obs",6083,292,0,16
"14988","D_obs",6083,293,0,29
"14989","D_obs",6083,294,0,21
"14990","D_obs",6083,295,0,29
"14991","D_obs",6083,296,0,49
"14992","D_obs",6083,297,0,32
"14993","D_obs",6083,298,0,46
"14994","D_obs",6083,299,0,50
"14995","D_obs",6083,300,0,58
"14996","D_obs",6083,301,0,55
"14997","D_obs",6083,302,0,42
"14998","D_obs",6083,303,0,61
"14999","D_obs",6083,304,0,64
"15000","D_obs",6083,305,0,71
"15001","D_obs",6083,306,0,69
"15002","D_obs",6083,307,0,49
"15003","D_obs",6083,308,0,63
"15004","D_obs",6083,309,0,45
"15005","D_obs",6083,310,0,36
"15006","D_obs",6083,311,0,41
"15007","D_obs",6083,312,0,43
"15008","D_obs",6083,313,0,57
"15009","D_obs",6083,314,0,40
"15010","D_obs",6083,315,0,45
"15011","D_obs",6083,316,0,38
"15012","D_obs",6083,317,0,57
"15013","D_obs",6083,318,0,53
"15014","D_obs",6083,319,0,42
"15015","D_obs",6083,320,0,43
"15016","D_obs",6083,321,0,54
"15017","D_obs",6083,322,0,42
"15018","D_obs",6083,323,0,51
"15019","D_obs",6083,324,0,46
"15020","D_obs",6083,325,0,47
"15021","D_obs",6083,326,0,36
"15022","D_obs",6083,327,0,53
"15023","D_obs",6083,328,0,57
"15024","D_obs",6083,329,0,44
"15025","D_obs",6083,330,0,51
"15026","D_obs",6083,331,0,43
"15027","D_obs",6083,332,0,50
"15028","D_obs",6083,333,0,78
"15029","D_obs",6083,334,0,56
"15030","D_obs",6083,335,0,77
"15031","D_obs",6083,336,0,76
"15032","D_obs",6083,337,0,107
"15033","D_obs",6083,338,0,88
"15034","D_obs",6083,339,0,100
"15035","D_obs",6083,340,0,72
"15036","D_obs",6083,341,0,90
"15037","D_obs",6083,342,0,119
"15038","D_obs",6083,343,0,97
"15039","D_obs",6083,344,0,124
"15040","D_obs",6083,345,0,115
"15041","D_obs",6083,346,0,102
"15042","D_obs",6083,347,0,137
"15043","D_obs",6083,348,0,144
"15044","D_obs",6083,349,0,145
"15045","D_obs",6083,350,0,161
"15046","D_obs",6083,351,0,154
"15047","D_obs",6083,352,0,180
"15048","D_obs",6083,353,0,188
"15049","D_obs",6083,354,0,147
"15050","D_obs",6083,355,0,182
"15051","D_obs",6083,356,0,135
"15052","D_obs",6083,357,0,135
"15053","D_obs",6083,358,0,119
"15054","D_obs",6083,359,0,118
"15055","D_obs",6083,360,0,127
"15056","D_obs",6083,361,0,117
"15057","D_obs",6083,362,0,113
"15058","D_obs",6083,363,0,110
"15059","D_obs",6083,364,0,94
"15060","D_obs",6083,365,0,81
"15061","D_obs",6083,366,0,63
"15062","D_obs",6083,367,0,87
"15063","D_obs",6083,368,0,76
"15064","D_obs",6083,369,0,62
"15065","D_obs",6083,370,0,55
"15066","D_obs",6083,371,0,64
"15067","D_obs",6083,372,0,50
"15068","D_obs",6083,373,0,57
"15069","D_obs",6083,374,0,43
"15070","D_obs",6083,375,0,42
"15071","D_obs",6083,376,0,40
"15072","D_obs",6083,377,0,56
"15073","D_obs",6083,378,0,39
"15074","D_obs",6083,379,0,48
"15075","D_obs",6083,380,0,38
"15076","D_obs",6083,381,0,47
"15077","D_obs",6083,382,0,41
"15078","D_obs",6083,383,0,40
"15079","D_obs",6083,384,0,35
"15080","D_obs",6083,385,0,34
"15081","D_obs",6083,386,0,29
"15082","D_obs",6083,387,0,40
"15083","D_obs",6083,388,0,34
"15084","D_obs",6083,389,0,38
"15085","D_obs",6083,390,0,34
"15086","D_obs",6083,391,0,43
"15087","D_obs",6083,392,0,25
"15088","D_obs",6083,393,0,27
"15089","D_obs",6083,394,0,32
"15090","D_obs",6083,395,0,44
"15091","D_obs",6083,396,0,21
"15092","D_obs",6083,397,0,27
"15093","D_obs",6083,398,0,18
"15094","D_obs",6083,399,0,27
"15095","D_obs",6083,400,0,27
"15096","D_obs",6083,401,0,24
"15097","D_obs",6083,402,0,41
"15098","D_obs",6083,403,0,30
"15099","D_obs",6083,404,0,39
"15100","D_obs",6083,405,0,56
"15101","D_obs",6083,406,0,41
"15102","D_obs",6083,407,0,33
"15103","D_obs",6083,408,0,41
"15104","D_obs",6083,409,0,58
"15105","D_obs",6083,410,0,41
"15106","D_obs",6083,411,0,35
"15107","D_obs",6083,412,0,37
"15108","D_obs",6083,413,0,32
"15109","D_obs",6083,414,0,19
"15110","D_obs",6083,415,0,29
"15111","D_obs",6083,416,0,25
"15112","D_obs",6083,417,0,31
"15113","D_obs",6083,418,0,11
"15114","D_obs",6083,419,0,17
"15115","D_obs",6083,420,0,16
"15116","D_obs",6083,421,0,13
"15117","D_obs",6083,422,0,11
"15118","D_obs",6083,423,0,13
"15119","D_obs",6083,424,0,11
"15120","D_obs",6083,425,0,21
"15121","D_obs",6083,426,0,14
"15122","D_obs",6083,427,0,12
"15123","D_obs",6083,428,0,14
"15124","D_obs",6083,429,0,15
"15125","D_obs",6083,430,0,17
"15126","D_obs",6083,431,0,18
"15127","D_obs",6083,432,0,19
"15128","D_obs",6083,433,0,21
"15129","D_obs",6083,434,0,17
"15130","D_obs",6083,435,0,25
"15131","D_obs",6083,436,0,16
"15132","D_obs",6083,437,0,13
"15133","D_obs",6083,438,0,17
"15134","D_obs",6083,439,0,19
"15135","D_obs",6083,440,0,19
"15136","D_obs",6083,441,0,19
"15137","D_obs",6083,442,0,14
"15138","D_obs",6083,443,0,20
"15139","D_obs",6083,444,0,23
"15140","D_obs",6083,445,0,15
"15141","D_obs",6083,446,0,23
"15142","D_obs",6083,447,0,20
"15143","D_obs",6083,448,0,21
"15144","D_obs",6083,449,0,24
"15145","D_obs",6083,450,0,19
"15146","D_obs",6083,451,0,33
"15147","D_obs",6083,452,0,35
"15148","D_obs",6083,453,0,38
"15149","D_obs",6083,454,0,30
"15150","D_obs",6083,455,0,15
"15151","D_obs",6083,456,0,31
"15152","D_obs",6083,457,0,26
"15153","D_obs",6083,458,0,38
"15154","D_obs",6083,459,0,32
"15155","D_obs",6083,460,0,41
"15156","D_obs",6083,461,0,33
"15157","D_obs",6083,462,0,39
"15158","D_obs",6083,463,0,41
"15159","D_obs",6083,464,0,32
"15160","D_obs",6083,465,0,35
"15161","D_obs",6083,466,0,29
"15162","D_obs",6083,467,0,30
"15163","D_obs",6083,468,0,22
"15164","D_obs",6083,469,0,14
"15165","D_obs",6083,470,0,16
"15166","D_obs",6083,471,0,19
"15167","D_obs",6083,472,0,17
"15168","D_obs",6083,473,0,16
"15169","D_obs",6083,474,0,15
"15170","D_obs",6083,475,0,20
"15171","D_obs",6083,476,0,9
"15172","D_obs",6083,477,0,19
"15173","D_obs",6083,478,0,20
"15174","D_obs",6083,479,0,8
"15175","D_obs",6083,480,0,9
"15176","D_obs",6083,481,0,7
"15177","D_obs",6083,482,0,11
"15178","D_obs",6083,483,0,8
"15179","D_obs",6083,484,0,14
"15180","D_obs",6083,485,0,4
"15181","D_obs",6083,486,0,11
"15182","D_obs",6083,487,0,7
"15183","D_obs",6083,488,0,12
"15184","D_obs",6083,489,0,6
"15185","D_obs",6083,490,0,16
"15186","D_obs",6083,491,0,8
"15187","D_obs",6083,492,0,5
"15188","D_obs",6083,493,0,11
"15189","D_obs",6083,494,0,5
"15190","D_obs",6083,495,0,12
"15191","D_obs",6083,496,0,7
"15192","D_obs",6083,497,0,10
"15193","D_obs",6083,498,0,15
"15194","D_obs",6083,499,0,17
"15195","D_obs",6083,500,0,25
"15196","D_obs",6083,501,0,30
"15197","D_obs",6083,502,0,16
"15198","D_obs",6083,503,0,24
"15199","D_obs",6083,504,0,18
"15200","D_obs",6083,505,0,29
"15201","D_obs",6083,506,0,25
"15202","D_obs",6083,507,0,23
"15203","D_obs",6083,508,0,28
"15204","D_obs",6083,509,0,31
"15205","D_obs",6083,510,0,19
"15206","D_obs",6083,511,0,43
"15207","D_obs",6083,512,0,28
"15208","D_obs",6083,513,0,38
"15209","D_obs",6083,514,0,30
"15210","D_obs",6083,515,0,35
"15211","D_obs",6083,516,0,29
"15212","D_obs",6083,517,0,31
"15213","D_obs",6083,518,0,47
"15214","D_obs",6083,519,0,36
"15215","D_obs",6083,520,0,41
"15216","D_obs",6083,521,0,46
"15217","D_obs",6083,522,0,44
"15218","D_obs",6083,523,0,39
"15219","D_obs",6083,524,0,50
"15220","D_obs",6083,525,0,43
"15221","D_obs",6083,526,0,30
"15222","D_obs",6083,527,0,35
"15223","D_obs",6083,528,0,40
"15224","D_obs",6083,529,0,33
"15225","D_obs",6083,530,0,35
"15226","D_obs",6083,531,0,27
"15227","D_obs",6083,532,0,22
"15228","D_obs",6083,533,0,30
"15229","D_obs",6083,534,0,23
"15230","D_obs",6083,535,0,19
"15231","D_obs",6083,536,0,15
"15232","D_obs",6083,537,0,24
"15233","D_obs",6083,538,0,22
"15234","D_obs",6083,539,0,29
"15235","D_obs",6083,540,0,21
"15236","D_obs",6083,541,0,21
"15237","D_obs",6083,542,0,22
"15238","D_obs",6083,543,0,22
"15239","D_obs",6083,544,0,21
"15240","D_obs",6083,545,0,21
"15241","D_obs",6083,546,0,27
"15242","D_obs",6083,547,0,18
"15243","D_obs",6083,548,0,24
"15244","D_obs",6083,549,0,10
"15245","D_obs",6083,550,0,21
"15246","D_obs",6083,551,0,27
"15247","D_obs",6083,552,0,29
"15248","D_obs",6083,553,0,33
"15249","D_obs",6083,554,0,31
"15250","D_obs",6083,555,0,27
"15251","D_obs",6083,556,0,32
"15252","D_obs",6083,557,0,32
"15253","D_obs",6083,558,0,30
"15254","D_obs",6083,559,0,37
"15255","D_obs",6083,560,0,32
"15256","D_obs",6083,561,0,41
"15257","D_obs",6083,562,0,48
"15258","D_obs",6083,563,0,43
"15259","D_obs",6083,564,0,34
"15260","D_obs",6083,565,0,39
"15261","D_obs",6083,566,0,41
"15262","D_obs",6083,567,0,48
"15263","D_obs",6083,568,0,64
"15264","D_obs",6083,569,0,54
"15265","D_obs",6083,570,0,43
"15266","D_obs",6083,571,0,54
"15267","D_obs",6083,572,0,58
"15268","D_obs",6083,573,0,58
"15269","D_obs",6083,574,0,66
"15270","D_obs",6083,575,0,60
"15271","D_obs",6083,576,0,51
"15272","D_obs",6083,577,0,61
"15273","D_obs",6083,578,0,59
"15274","D_obs",6083,579,0,47
"15275","D_obs",6083,580,0,46
"15276","D_obs",6083,581,0,49
"15277","D_obs",6083,582,0,54
"15278","D_obs",6083,583,0,47
"15279","D_obs",6083,584,0,51
"15280","D_obs",6083,585,0,49
"15281","D_obs",6083,586,0,42
"15282","D_obs",6083,587,0,31
"15283","D_obs",6083,588,0,37
"15284","D_obs",6083,589,0,43
"15285","D_obs",6083,590,0,43
"15286","D_obs",6083,591,0,39
"15287","D_obs",6083,592,0,40
"15288","D_obs",6083,593,0,43
"15289","D_obs",6083,594,0,36
"15290","D_obs",6083,595,0,35
"15291","D_obs",6083,596,0,35
"15292","D_obs",6083,597,0,31
"15293","D_obs",6083,598,0,32
"15294","D_obs",6083,599,0,35
"15295","D_obs",6083,600,0,24
"15296","D_obs",6083,601,0,35
"15297","D_obs",6083,602,0,41
"15298","D_obs",6083,603,0,49
"15299","D_obs",6083,604,0,63
"15300","D_obs",6083,605,0,56
"15301","D_obs",6083,606,0,62
"15302","D_obs",6083,607,0,78
"15303","D_obs",6083,608,0,60
"15304","D_obs",6083,609,0,58
"15305","D_obs",6083,610,0,69
"15306","D_obs",6083,611,0,72
"15307","D_obs",6083,612,0,82
"15308","D_obs",6083,613,0,75
"15309","D_obs",6083,614,0,80
"15310","D_obs",6083,615,0,68
"15311","D_obs",6083,616,0,93
"15312","D_obs",6083,617,0,82
"15313","D_obs",6083,618,0,99
"15314","D_obs",6083,619,0,70
"15315","D_obs",6083,620,0,87
"15316","D_obs",6083,621,0,85
"15317","D_obs",6083,622,0,87
"15318","D_obs",6083,623,0,102
"15319","D_obs",6083,624,0,81
"15320","D_obs",6083,625,0,88
"15321","D_obs",6083,626,0,72
"15322","D_obs",6083,627,0,70
"15323","D_obs",6083,628,0,84
"15324","D_obs",6083,629,0,60
"15325","D_obs",6083,630,0,56
"15326","D_obs",6083,631,0,44
"15327","D_obs",6083,632,0,47
"15328","D_obs",6083,633,0,42
"15329","D_obs",6083,634,0,39
"15330","D_obs",6083,635,0,37
"15331","D_obs",6083,636,0,47
"15332","D_obs",6083,637,0,45
"15333","D_obs",6083,638,0,28
"15334","D_obs",6083,639,0,35
"15335","D_obs",6083,640,0,34
"15336","D_obs",6083,641,0,38
"15337","D_obs",6083,642,0,30
"15338","D_obs",6083,643,0,23
"15339","D_obs",6083,644,0,24
"15340","D_obs",6083,645,0,23
"15341","D_obs",6083,646,0,27
"15342","D_obs",6083,647,0,30
"15343","D_obs",6083,648,0,11
"15344","D_obs",6083,649,0,17
"15345","D_obs",6083,650,0,18
"15346","D_obs",6083,651,0,16
"15347","D_obs",6083,652,0,9
"15348","D_obs",6083,653,0,11
"15349","D_obs",6083,654,0,22
"15350","D_obs",6083,655,0,18
"15351","D_obs",6083,656,0,19
"15352","D_obs",6083,657,0,16
"15353","D_obs",6083,658,0,17
"15354","D_obs",6083,659,0,12
"15355","D_obs",6083,660,0,15
"15356","D_obs",6083,661,0,21
"15357","D_obs",6083,662,0,15
"15358","D_obs",6083,663,0,12
"15359","D_obs",6083,664,0,13
"15360","D_obs",6083,665,0,10
"15361","D_obs",6083,666,0,18
"15362","D_obs",6083,667,0,6
"15363","D_obs",6083,668,0,14
"15364","D_obs",6083,669,0,16
"15365","D_obs",6083,670,0,14
"15366","D_obs",6083,671,0,14
"15367","D_obs",6083,672,0,20
"15368","D_obs",6083,673,0,21
"15369","D_obs",6083,674,0,23
"15370","D_obs",6083,675,0,24
"15371","D_obs",6083,676,0,20
"15372","D_obs",6083,677,0,25
"15373","D_obs",6083,678,0,11
"15374","D_obs",6083,679,0,20
"15375","D_obs",6083,680,0,28
"15376","D_obs",6083,681,0,25
"15377","D_obs",6083,682,0,22
"15378","D_obs",6083,683,0,18
"15379","D_obs",6083,684,0,19
"15380","D_obs",6083,685,0,21
"15381","D_obs",6083,686,0,13
"15382","D_obs",6083,687,0,19
"15383","D_obs",6083,688,0,20
"15384","D_obs",6083,689,0,16
"15385","D_obs",6083,690,0,14
"15386","D_obs",6083,691,0,19
"15387","D_obs",6083,692,0,16
"15388","D_obs",6083,693,0,24
"15389","D_obs",6083,694,0,20
"15390","D_obs",6083,695,0,16
"15391","D_obs",6083,696,0,11
"15392","D_obs",6083,697,0,18
"15393","D_obs",6083,698,0,20
"15394","D_obs",6083,699,0,8
"15395","D_obs",6083,700,0,16
"15396","D_obs",6083,701,0,11
"15397","D_obs",6083,702,0,13
"15398","D_obs",6083,703,0,15
"15399","D_obs",6083,704,0,6
"15400","D_obs",6083,705,0,11
"15401","D_obs",6083,706,0,15
"15402","D_obs",6083,707,0,11
"15403","D_obs",6083,708,0,23
"15404","D_obs",6083,709,0,10
"15405","D_obs",6083,710,0,15
"15406","D_obs",6083,711,0,17
"15407","D_obs",6083,712,0,14
"15408","D_obs",6083,713,0,20
"15409","D_obs",6083,714,0,25
"15410","D_obs",6083,715,0,12
"15411","D_obs",6083,716,0,11
"15412","D_obs",6083,717,0,23
"15413","D_obs",6083,718,0,17
"15414","D_obs",6083,719,0,10
"15415","D_obs",6083,720,0,10
"15416","D_obs",6083,721,0,19
"15417","D_obs",6083,722,0,10
"15418","D_obs",6083,723,0,19
"15419","D_obs",6083,724,0,15
"15420","D_obs",6083,725,0,17
"15421","D_obs",6083,726,0,21
"15422","D_obs",6083,727,0,28
"15423","D_obs",6083,728,0,30
"15424","D_obs",6083,729,0,33
"15425","D_obs",6083,730,0,22
"15426","D_obs",6083,731,0,27
"15427","D_obs",6083,732,0,19
"15428","D_obs",6083,733,0,27
"15429","D_obs",6083,734,0,33
"15430","D_obs",6083,735,0,25
"15431","D_obs",6083,736,0,25
"15432","D_obs",6083,737,0,19
"15433","D_obs",6083,738,0,13
"15434","D_obs",6083,739,0,16
"15435","D_obs",6083,740,0,22
"15436","D_obs",6083,741,0,12
"15437","D_obs",6083,742,0,14
"15438","D_obs",6083,743,0,14
"15439","D_obs",6083,744,0,17
"15440","D_obs",6083,745,0,14
"15441","D_obs",6083,746,0,21
"15442","D_obs",6083,747,0,13
"15443","D_obs",6083,748,0,11
"15444","D_obs",6083,749,0,18
"15445","D_obs",6083,750,0,13
"15446","D_obs",6083,751,0,11
"15447","D_obs",6083,752,0,7
"15448","D_obs",6083,753,0,16
"15449","D_obs",6083,754,0,12
"15450","D_obs",6083,755,0,11
"15451","D_obs",6083,756,0,13
"15452","D_obs",6083,757,0,11
"15453","D_obs",6083,758,0,15
"15454","D_obs",6083,759,0,26
"15455","D_obs",6083,760,0,20
"15456","D_obs",6083,761,0,4
"15457","D_obs",6083,762,0,12
"15458","D_obs",6083,763,0,16
"15459","D_obs",6083,764,0,11
"15460","D_obs",6083,765,0,16
"15461","D_obs",6083,766,0,13
"15462","D_obs",6083,767,0,15
"15463","D_obs",6083,768,0,18
"15464","D_obs",6083,769,0,16
"15465","D_obs",6083,770,0,16
"15466","D_obs",6083,771,0,16
"15467","D_obs",6083,772,0,29
"15468","D_obs",6083,773,0,21
"15469","D_obs",6083,774,0,29
"15470","D_obs",6083,775,0,49
"15471","D_obs",6083,776,0,32
"15472","D_obs",6083,777,0,46
"15473","D_obs",6083,778,0,50
"15474","D_obs",6083,779,0,58
"15475","D_obs",6083,780,0,55
"15476","D_obs",6083,781,0,42
"15477","D_obs",6083,782,0,61
"15478","D_obs",6083,783,0,64
"15479","D_obs",6083,784,0,71
"15480","D_obs",6083,785,0,69
"15481","D_obs",6083,786,0,49
"15482","D_obs",6083,787,0,63
"15483","D_obs",6083,788,0,45
"15484","D_obs",6083,789,0,36
"15485","D_obs",6083,790,0,41
"15486","D_obs",6083,791,0,43
"15487","D_obs",6083,792,0,57
"15488","D_obs",6083,793,0,40
"15489","D_obs",6083,794,0,45
"15490","D_obs",6083,795,0,38
"15491","D_obs",6083,796,0,57
"15492","D_obs",6083,797,0,53
"15493","D_obs",6083,798,0,42
"15494","D_obs",6083,799,0,43
"15495","D_obs",6083,800,0,54
"15496","D_obs",6083,801,0,42
"15497","D_obs",6083,802,0,51
"15498","D_obs",6083,803,0,46
"15499","D_obs",6083,804,0,47
"15500","D_obs",6083,805,0,36
"15501","D_obs",6083,806,0,53
"15502","D_obs",6083,807,0,57
"15503","D_obs",6083,808,0,44
"15504","D_obs",6083,809,0,51
"15505","D_obs",6083,810,0,43
"15506","D_obs",6083,811,0,50
"15507","D_obs",6083,812,0,78
"15508","D_obs",6083,813,0,56
"15509","D_obs",6083,814,0,77
"15510","D_obs",6083,815,0,76
"15511","D_obs",6083,816,0,107
"15512","D_obs",6083,817,0,88
"15513","D_obs",6083,818,0,100
"15514","D_obs",6083,819,0,72
"15515","D_obs",6083,820,0,90
"15516","D_obs",6083,821,0,119
"15517","D_obs",6083,822,0,97
"15518","D_obs",6083,823,0,124
"15519","D_obs",6083,824,0,115
"15520","D_obs",6083,825,0,102
"15521","D_obs",6083,826,0,137
"15522","D_obs",6083,827,0,144
"15523","D_obs",6083,828,0,145
"15524","D_obs",6083,829,0,161
"15525","D_obs",6083,830,0,154
"15526","D_obs",6083,831,0,180
"15527","D_obs",6083,832,0,188
"15528","D_obs",6083,833,0,147
"15529","D_obs",6083,834,0,182
"15530","D_obs",6083,835,0,135
"15531","D_obs",6083,836,0,135
"15532","D_obs",6083,837,0,119
"15533","D_obs",6083,838,0,118
"15534","D_obs",6083,839,0,127
"15535","D_obs",6083,840,0,117
"15536","D_obs",6083,841,0,113
"15537","D_obs",6083,842,0,110
"15538","D_obs",6083,843,0,94
"15539","D_obs",6083,844,0,81
"15540","D_obs",6083,845,0,63
"15541","D_obs",6083,846,0,87
"15542","D_obs",6083,847,0,76
"15543","D_obs",6083,848,0,62
"15544","D_obs",6083,849,0,55
"15545","D_obs",6083,850,0,64
"15546","D_obs",6083,851,0,50
"15547","D_obs",6083,852,0,57
"15548","D_obs",6083,853,0,43
"15549","D_obs",6083,854,0,42
"15550","D_obs",6083,855,0,40
"15551","D_obs",6083,856,0,56
"15552","D_obs",6083,857,0,39
"15553","D_obs",6083,858,0,48
"15554","D_obs",6083,859,0,38
"15555","D_obs",6083,860,0,47
"15556","D_obs",6083,861,0,41
"15557","D_obs",6083,862,0,40
"15558","D_obs",6083,863,0,35
"15559","D_obs",6083,864,0,34
"15560","D_obs",6083,865,0,29
"15561","D_obs",6083,866,0,40
"15562","D_obs",6083,867,0,34
"15563","D_obs",6083,868,0,38
"15564","D_obs",6083,869,0,34
"15565","D_obs",6083,870,0,43
"15566","D_obs",6083,871,0,25
"15567","D_obs",6083,872,0,27
"15568","D_obs",6083,873,0,32
"15569","D_obs",6083,874,0,44
"15570","D_obs",6083,875,0,21
"15571","D_obs",6083,876,0,27
"15572","D_obs",6083,877,0,18
"15573","D_obs",6083,878,0,27
"15574","D_obs",6083,879,0,27
"15575","D_obs",6083,880,0,24
"15576","D_obs",6083,881,0,41
"15577","D_obs",6083,882,0,30
"15578","D_obs",6083,883,0,39
"15579","D_obs",6083,884,0,56
"15580","D_obs",6083,885,0,41
"15581","D_obs",6083,886,0,33
"15582","D_obs",6083,887,0,41
"15583","D_obs",6083,888,0,58
"15584","D_obs",6083,889,0,41
"15585","D_obs",6083,890,0,35
"15586","D_obs",6083,891,0,37
"15587","D_obs",6083,892,0,32
"15588","D_obs",6083,893,0,19
"15589","D_obs",6083,894,0,29
"15590","D_obs",6083,895,0,25
"15591","D_obs",6083,896,0,31
"15592","D_obs",6083,897,0,11
"15593","D_obs",6083,898,0,17
"15594","D_obs",6083,899,0,16
"15595","D_obs",6083,900,0,13
"15596","D_obs",6083,901,0,11
"15597","D_obs",6083,902,0,13
"15598","D_obs",6083,903,0,11
"15599","D_obs",6083,904,0,21
"15600","D_obs",6083,905,0,14
"15601","D_obs",6083,906,0,12
"15602","D_obs",6083,907,0,14
"15603","D_obs",6083,908,0,15
"15604","D_obs",6083,909,0,17
"15605","D_obs",6083,910,0,18
"15606","D_obs",6083,911,0,19
"15607","D_obs",6083,912,0,21
"15608","D_obs",6083,913,0,17
"15609","D_obs",6083,914,0,25
"15610","D_obs",6083,915,0,16
"15611","D_obs",6083,916,0,13
"15612","D_obs",6083,917,0,17
"15613","D_obs",6083,918,0,19
"15614","D_obs",6083,919,0,19
"15615","D_obs",6083,920,0,19
"15616","D_obs",6083,921,0,14
"15617","D_obs",6083,922,0,20
"15618","D_obs",6083,923,0,23
"15619","D_obs",6083,924,0,15
"15620","D_obs",6083,925,0,23
"15621","D_obs",6083,926,0,20
"15622","D_obs",6083,927,0,21
"15623","D_obs",6083,928,0,24
"15624","D_obs",6083,929,0,19
"15625","D_obs",6083,930,0,33
"15626","D_obs",6083,931,0,35
"15627","D_obs",6083,932,0,38
"15628","D_obs",6083,933,0,30
"15629","D_obs",6083,934,0,15
"15630","D_obs",6083,935,0,31
"15631","D_obs",6083,936,0,26
"15632","D_obs",6083,937,0,38
"15633","D_obs",6083,938,0,32
"15634","D_obs",6083,939,0,41
"15635","D_obs",6083,940,0,33
"15636","D_obs",6083,941,0,39
"15637","D_obs",6083,942,0,41
"15638","D_obs",6083,943,0,32
"15639","D_obs",6083,944,0,35
"15640","D_obs",6083,945,0,29
"15641","D_obs",6083,946,0,30
"15642","D_obs",6083,947,0,22
"15643","D_obs",6083,948,0,14
"15644","D_obs",6083,949,0,16
"15645","D_obs",6083,950,0,19
"15646","D_obs",6083,951,0,17
"15647","D_obs",6083,952,0,16
"15648","D_obs",6083,953,0,15
"15649","D_obs",6083,954,0,20
"15650","D_obs",6083,955,0,9
"15651","D_obs",6083,956,0,19
"15652","D_obs",6083,957,0,20
"15653","D_obs",6083,958,0,16
"15654","D_obs",6083,959,0,15
"15655","D_obs",6083,960,0,10
"15656","D_obs",6083,961,0,6
"15657","D_obs",6083,962,0,13
"15658","D_obs",6083,963,0,8
"15659","D_obs",6083,964,0,10
"15660","D_obs",6083,965,0,13
"15661","D_obs",6083,966,0,11
"15662","D_obs",6083,967,0,9
"15663","D_obs",6083,968,0,17
"15664","D_obs",6083,969,0,10
"15665","D_obs",6083,970,0,15
"15666","D_obs",6083,971,0,24
"15667","D_obs",6083,972,0,19
"15668","D_obs",6083,973,0,14
"15669","D_obs",6083,974,0,22
"15670","D_obs",6083,975,0,13
"15671","D_obs",6083,976,0,6
"15672","D_obs",6083,977,0,18
"15673","D_obs",6083,978,0,14
"15674","D_obs",6083,979,0,25
"15675","D_obs",6083,980,0,17
"15676","D_obs",6083,981,0,18
"15677","D_obs",6083,982,0,20
"15678","D_obs",6083,983,0,29
"15679","D_obs",6083,984,0,27
"15680","D_obs",6083,985,0,41
"15681","D_obs",6083,986,0,41
"15682","D_obs",6083,987,0,48
"15683","D_obs",6083,988,0,55
"15684","D_obs",6083,989,0,43
"15685","D_obs",6083,990,0,67
"15686","D_obs",6083,991,0,50
"15687","D_obs",6083,992,0,59
"15688","D_obs",6083,993,0,43
"15689","D_obs",6083,994,0,45
"15690","D_obs",6083,995,0,38
"15691","D_obs",6083,996,0,44
"15692","D_obs",6083,997,0,34
"15693","D_obs",6083,998,0,41
"15694","D_obs",6083,999,0,36
"15695","D_obs",6083,1000,0,41
"15696","D_obs",6083,1001,0,26
"15697","D_obs",6083,1002,0,29
"15698","D_obs",6083,1003,0,37
"15699","D_obs",6083,1004,0,27
"15700","D_obs",6083,1005,0,32
"15701","D_obs",6083,1006,0,30
"15702","D_obs",6083,1007,0,29
"15703","D_obs",6083,1008,0,22
"15704","D_obs",6083,1009,0,24
"15705","D_obs",6083,1010,0,18
"15706","D_obs",6083,1011,0,20
"15707","D_obs",6083,1012,0,31
"15708","D_obs",6083,1013,0,38
"15709","D_obs",6083,1014,0,35
"15710","D_obs",6083,1015,0,36
"15711","D_obs",6083,1016,0,38
"15712","D_obs",6083,1017,0,45
"15713","D_obs",6083,1018,0,37
"15714","D_obs",6083,1019,0,44
"15715","D_obs",6083,1020,0,42
"15716","D_obs",6083,1021,0,41
"15717","D_obs",6083,1022,0,63
"15718","D_obs",6083,1023,0,45
"15719","D_obs",6083,1024,0,41
"15720","D_obs",6083,1025,0,58
"15721","D_obs",6083,1026,0,33
"15722","D_obs",6083,1027,0,59
"15723","D_obs",6083,1028,0,31
"15724","D_obs",6083,1029,0,45
"15725","D_obs",6083,1030,0,54
"15726","D_obs",6083,1031,0,38
"15727","D_obs",6083,1032,0,47
"15728","D_obs",6083,1033,0,49
"15729","D_obs",6083,1034,0,51
"15730","D_obs",6083,1035,0,53
"15731","D_obs",6083,1036,0,58
"15732","D_obs",6083,1037,0,67
"15733","D_obs",6083,1038,0,83
"15734","D_obs",6083,1039,0,81
"15735","D_obs",6083,1040,0,70
"15736","D_obs",6083,1041,0,73
"15737","D_obs",6083,1042,0,92
"15738","D_obs",6083,1043,0,104
"15739","D_obs",6083,1044,0,82
"15740","D_obs",6083,1045,0,88
"15741","D_obs",6083,1046,0,59
"15742","D_obs",6083,1047,0,72
"15743","D_obs",6083,1048,0,59
"15744","D_obs",6083,1049,0,62
"15745","D_obs",6083,1050,0,60
"15746","D_obs",6083,1051,0,50
"15747","D_obs",6083,1052,0,67
"15748","D_obs",6083,1053,0,66
"15749","D_obs",6083,1054,0,63
"15750","D_obs",6083,1055,0,38
"15751","D_obs",6083,1056,0,43
"15752","D_obs",6083,1057,0,40
"15753","D_obs",6083,1058,0,48
"15754","D_obs",6083,1059,0,36
"15755","D_obs",6083,1060,0,28
"15756","D_obs",6083,1061,0,33
"15757","D_obs",6083,1062,0,38
"15758","D_obs",6083,1063,0,37
"15759","D_obs",6083,1064,0,37
"15760","D_obs",6083,1065,0,35
"15761","D_obs",6083,1066,0,37
"15762","D_obs",6083,1067,0,20
"15763","D_obs",6083,1068,0,26
"15764","D_obs",6083,1069,0,37
"15765","D_obs",6083,1070,0,40
"15766","D_obs",6083,1071,0,36
"15767","D_obs",6083,1072,0,38
"15768","D_obs",6083,1073,0,31
"15769","D_obs",6083,1074,0,34
"15770","D_obs",6083,1075,0,30
"15771","D_obs",6083,1076,0,39
"15772","D_obs",6083,1077,0,27
"15773","D_obs",6083,1078,0,31
"15774","D_obs",6083,1079,0,25
"15775","D_obs",6083,1080,0,27
"15776","D_obs",6083,1081,0,26
"15777","D_obs",6083,1082,0,23
"15778","D_obs",6083,1083,0,33
"15779","D_obs",6083,1084,0,30
"15780","D_obs",6083,1085,0,27
"15781","D_obs",6083,1086,0,18
"15782","D_obs",6083,1087,0,32
"15783","D_obs",6083,1088,0,43
"15784","D_obs",6083,1089,0,34
"15785","D_obs",6083,1090,0,48
"15786","D_obs",6083,1091,0,47
"15787","D_obs",6083,1092,0,58
"15788","D_obs",6083,1093,0,54
"15789","D_obs",6083,1094,0,46
"15790","D_obs",6083,1095,0,44
"15791","D_obs",6083,1096,0,52
"15792","D_obs",6083,1097,0,56
"15793","D_obs",6083,1098,0,50
"15794","D_obs",6083,1099,0,59
"15795","D_obs",6083,1100,0,50
"15796","D_obs",6083,1101,0,45
"15797","D_obs",6083,1102,0,33
"15798","D_obs",6083,1103,0,34
"15799","D_obs",6083,1104,0,40
"15800","D_obs",6083,1105,0,40
"15801","D_obs",6083,1106,0,45
"15802","D_obs",6083,1107,0,25
"15803","D_obs",6083,1108,0,35
"15804","D_obs",6083,1109,0,32
"15805","D_obs",6083,1110,0,28
"15806","D_obs",6083,1111,0,35
"15807","D_obs",6083,1112,0,29
"15808","D_obs",6083,1113,0,31
"15809","D_obs",6083,1114,0,30
"15810","D_obs",6083,1115,0,22
"15811","D_obs",6083,1116,0,33
"15812","D_obs",6083,1117,0,32
"15813","D_obs",6083,1118,0,36
"15814","D_obs",6083,1119,0,39
"15815","D_obs",6083,1120,0,42
"15816","D_obs",6083,1121,0,64
"15817","D_obs",6083,1122,0,67
"15818","D_obs",6083,1123,0,49
"15819","D_obs",6083,1124,0,66
"15820","D_obs",6083,1125,0,62
"15821","D_obs",6083,1126,0,72
"15822","D_obs",6083,1127,0,68
"15823","D_obs",6083,1128,0,47
"15824","D_obs",6083,1129,0,63
"15825","D_obs",6083,1130,0,72
"15826","D_obs",6083,1131,0,55
"15827","D_obs",6083,1132,0,57
"15828","D_obs",6083,1133,0,80
"15829","D_obs",6083,1134,0,70
"15830","D_obs",6083,1135,0,64
"15831","D_obs",6083,1136,0,86
"15832","D_obs",6083,1137,0,62
"15833","D_obs",6083,1138,0,87
"15834","D_obs",6083,1139,0,71
"15835","D_obs",6083,1140,0,77
"15836","D_obs",6083,1141,0,91
"15837","D_obs",6083,1142,0,90
"15838","D_obs",6083,1143,0,88
"15839","D_obs",6083,1144,0,105
"15840","D_obs",6083,1145,0,112
"15841","D_obs",6083,1146,0,103
"15842","D_obs",6083,1147,0,93
"15843","D_obs",6083,1148,0,113
"15844","D_obs",6083,1149,0,101
"15845","D_obs",6083,1150,0,106
"15846","D_obs",6083,1151,0,118
"15847","D_obs",6083,1152,0,90
"15848","D_obs",6083,1153,0,100
"15849","D_obs",6083,1154,0,95
"15850","D_obs",6083,1155,0,79
"15851","D_obs",6083,1156,0,82
"15852","D_obs",6083,1157,0,85
"15853","D_obs",6083,1158,0,63
"15854","D_obs",6083,1159,0,80
"15855","D_obs",6083,1160,0,75
"15856","D_obs",6083,1161,0,64
"15857","D_obs",6083,1162,0,54
"15858","D_obs",6083,1163,0,49
"15859","D_obs",6083,1164,0,47
"15860","D_obs",6083,1165,0,36
"15861","D_obs",6083,1166,0,40
"15862","D_obs",6083,1167,0,35
"15863","D_obs",6083,1168,0,35
"15864","D_obs",6083,1169,0,42
"15865","D_obs",6083,1170,0,51
"15866","D_obs",6083,1171,0,42
"15867","D_obs",6083,1172,0,46
"15868","D_obs",6083,1173,0,45
"15869","D_obs",6083,1174,0,38
"15870","D_obs",6083,1175,0,35
"15871","D_obs",6083,1176,0,41
"15872","D_obs",6083,1177,0,52
"15873","D_obs",6083,1178,0,48
"15874","D_obs",6083,1179,0,53
"15875","D_obs",6083,1180,0,45
"15876","D_obs",6083,1181,0,54
"15877","D_obs",6083,1182,0,39
"15878","D_obs",6083,1183,0,56
"15879","D_obs",6083,1184,0,44
"15880","D_obs",6083,1185,0,35
"15881","D_obs",6083,1186,0,38
"15882","D_obs",6083,1187,0,37
"15883","D_obs",6083,1188,0,33
"15884","D_obs",6083,1189,0,34
"15885","D_obs",6083,1190,0,39
"15886","D_obs",6083,1191,0,43
"15887","D_obs",6083,1192,0,42
"15888","D_obs",6083,1193,0,38
"15889","D_obs",6083,1194,0,50
"15890","D_obs",6083,1195,0,45
"15891","D_obs",6083,1196,0,63
"15892","D_obs",6083,1197,0,50
"15893","D_obs",6083,1198,0,76
"15894","D_obs",6083,1199,0,58
"15895","D_obs",6083,1200,0,70
"15896","D_obs",6083,1201,0,61
"15897","D_obs",6083,1202,0,65
"15898","D_obs",6083,1203,0,73
"15899","D_obs",6083,1204,0,62
"15900","D_obs",6083,1205,0,53
"15901","D_obs",6083,1206,0,48
"15902","D_obs",6083,1207,0,45
"15903","D_obs",6083,1208,0,50
"15904","D_obs",6083,1209,0,35
"15905","D_obs",6083,1210,0,32
"15906","D_obs",6083,1211,0,35
"15907","D_obs",6083,1212,0,43
"15908","D_obs",6083,1213,0,33
"15909","D_obs",6083,1214,0,31
"15910","D_obs",6083,1215,0,23
"15911","D_obs",6083,1216,0,28
"15912","D_obs",6083,1217,0,24
"15913","D_obs",6083,1218,0,24
"15914","D_obs",6083,1219,0,32
"15915","D_obs",6083,1220,0,26
"15916","D_obs",6083,1221,0,28
"15917","D_obs",6083,1222,0,35
"15918","D_obs",6083,1223,0,29
"15919","D_obs",6083,1224,0,27
"15920","D_obs",6083,1225,0,22
"15921","D_obs",6083,1226,0,27
"15922","D_obs",6083,1227,0,35
"15923","D_obs",6083,1228,0,33
"15924","D_obs",6083,1229,0,33
"15925","D_obs",6083,1230,0,40
"15926","D_obs",6083,1231,0,42
"15927","D_obs",6083,1232,0,33
"15928","D_obs",6083,1233,0,26
"15929","D_obs",6083,1234,0,30
"15930","D_obs",6083,1235,0,27
"15931","D_obs",6083,1236,0,25
"15932","D_obs",6083,1237,0,32
"15933","D_obs",6083,1238,0,19
"15934","D_obs",6083,1239,0,37
"15935","D_obs",6083,1240,0,35
"15936","D_obs",6083,1241,0,31
"15937","D_obs",6083,1242,0,26
"15938","D_obs",6083,1243,0,31
"15939","D_obs",6083,1244,0,29
"15940","D_obs",6083,1245,0,51
"15941","D_obs",6083,1246,0,39
"15942","D_obs",6083,1247,0,51
"15943","D_obs",6083,1248,0,47
"15944","D_obs",6083,1249,0,46
"15945","D_obs",6083,1250,0,49
"15946","D_obs",6083,1251,0,38
"15947","D_obs",6083,1252,0,40
"15948","D_obs",6083,1253,0,56
"15949","D_obs",6083,1254,0,41
"15950","D_obs",6083,1255,0,42
"15951","D_obs",6083,1256,0,38
"15952","D_obs",6083,1257,0,45
"15953","D_obs",6083,1258,0,46
"15954","D_obs",6083,1259,0,42
"15955","D_obs",6083,1260,0,26
"15956","D_obs",6083,1261,0,29
"15957","D_obs",6083,1262,0,36
"15958","D_obs",6083,1263,0,37
"15959","D_obs",6083,1264,0,31
"15960","D_obs",6083,1265,0,29
"15961","D_obs",6083,1266,0,25
"15962","D_obs",6083,1267,0,30
"15963","D_obs",6083,1268,0,23
"15964","D_obs",6083,1269,0,19
"15965","D_obs",6083,1270,0,22
"15966","D_obs",6083,1271,0,24
"15967","D_obs",6083,1272,0,28
"15968","D_obs",6083,1273,0,20
"15969","D_obs",6083,1274,0,12
"15970","D_obs",6083,1275,0,23
"15971","D_obs",6083,1276,0,26
"15972","D_obs",6083,1277,0,20
"15973","D_obs",6083,1278,0,17
"15974","D_obs",6083,1279,0,27
"15975","D_obs",6083,1280,0,14
"15976","D_obs",6083,1281,0,12
"15977","D_obs",6083,1282,0,16
"15978","D_obs",6083,1283,0,18
"15979","D_obs",6083,1284,0,14
"15980","D_obs",6083,1285,0,20
"15981","D_obs",6083,1286,0,22
"15982","D_obs",6083,1287,0,19
"15983","D_obs",6083,1288,0,20
"15984","D_obs",6083,1289,0,17
"15985","D_obs",6083,1290,0,13
"15986","D_obs",6083,1291,0,20
"15987","D_obs",6083,1292,0,32
"15988","D_obs",6083,1293,0,16
"15989","D_obs",6083,1294,0,40
"15990","D_obs",6083,1295,0,28
"15991","D_obs",6083,1296,0,27
"15992","D_obs",6083,1297,0,44
"15993","D_obs",6083,1298,0,39
"15994","D_obs",6083,1299,0,34
"15995","D_obs",6083,1300,0,35
"15996","D_obs",6083,1301,0,52
"15997","D_obs",6083,1302,0,49
"15998","D_obs",6083,1303,0,52
"15999","D_obs",6083,1304,0,53
"16000","D_obs",6083,1305,0,52
"16001","D_obs",6083,1306,0,56
"16002","D_obs",6083,1307,0,50
"16003","D_obs",6083,1308,0,43
"16004","D_obs",6083,1309,0,44
"16005","D_obs",6083,1310,0,55
"16006","D_obs",6083,1311,0,48
"16007","D_obs",6083,1312,0,30
"16008","D_obs",6083,1313,0,25
"16009","D_obs",6083,1314,0,36
"16010","D_obs",6083,1315,0,39
"16011","D_obs",6083,1316,0,33
"16012","D_obs",6083,1317,0,42
"16013","D_obs",6083,1318,0,31
"16014","D_obs",6083,1319,0,27
"16015","D_obs",6083,1320,0,39
"16016","D_obs",6083,1321,0,53
"16017","D_obs",6083,1322,0,37
"16018","D_obs",6083,1323,0,41
"16019","D_obs",6083,1324,0,40
"16020","D_obs",6083,1325,0,29
"16021","D_obs",6083,1326,0,26
"16022","D_obs",6083,1327,0,33
"16023","D_obs",6083,1328,0,37
"16024","D_obs",6083,1329,0,40
"16025","D_obs",6083,1330,0,32
"16026","D_obs",6083,1331,0,38
"16027","D_obs",6083,1332,0,36
"16028","D_obs",6083,1333,0,48
"16029","D_obs",6083,1334,0,50
"16030","D_obs",6083,1335,0,46
"16031","D_obs",6083,1336,0,47
"16032","D_obs",6083,1337,0,55
"16033","D_obs",6083,1338,0,65
"16034","D_obs",6083,1339,0,61
"16035","D_obs",6083,1340,0,64
"16036","D_obs",6083,1341,0,73
"16037","D_obs",6083,1342,0,58
"16038","D_obs",6083,1343,0,78
"16039","D_obs",6083,1344,0,86
"16040","D_obs",6083,1345,0,85
"16041","D_obs",6083,1346,0,105
"16042","D_obs",6083,1347,0,92
"16043","D_obs",6083,1348,0,110
"16044","D_obs",6083,1349,0,115
"16045","D_obs",6083,1350,0,118
"16046","D_obs",6083,1351,0,125
"16047","D_obs",6083,1352,0,134
"16048","D_obs",6083,1353,0,145
"16049","D_obs",6083,1354,0,160
"16050","D_obs",6083,1355,0,156
"16051","D_obs",6083,1356,0,156
"16052","D_obs",6083,1357,0,138
"16053","D_obs",6083,1358,0,145
"16054","D_obs",6083,1359,0,133
"16055","D_obs",6083,1360,0,163
"16056","D_obs",6083,1361,0,128
"16057","D_obs",6083,1362,0,137
"16058","D_obs",6083,1363,0,112
"16059","D_obs",6083,1364,0,106
"16060","D_obs",6083,1365,0,135
"16061","D_obs",6083,1366,0,119
"16062","D_obs",6083,1367,0,102
"16063","D_obs",6083,1368,0,111
"16064","D_obs",6083,1369,0,113
"16065","D_obs",6083,1370,0,92
"16066","D_obs",6083,1371,0,70
"16067","D_obs",6083,1372,0,69
"16068","D_obs",6083,1373,0,17
"16069","D_obs",6083,1374,0,50
"16070","D_obs",6083,1375,0,60
"16071","D_obs",6083,1376,0,66
"16072","D_obs",6083,1377,0,63
"16073","D_obs",6083,1378,0,56
"16074","D_obs",6083,1379,0,58
"16075","D_obs",6083,1380,0,42
"16076","D_obs",6083,1381,0,64
"16077","D_obs",6083,1382,0,57
"16078","D_obs",6083,1383,0,55
"16079","D_obs",6083,1384,0,47
"16080","D_obs",6083,1385,0,39
"16081","D_obs",6083,1386,0,50
"16082","D_obs",6083,1387,0,42
"16083","D_obs",6083,1388,0,43
"16084","D_obs",6083,1389,0,43
"16085","D_obs",6083,1390,0,39
"16086","D_obs",6083,1391,0,42
"16087","D_obs",6083,1392,0,38
"16088","D_obs",6083,1393,0,37
"16089","D_obs",6083,1394,0,48
"16090","D_obs",6083,1395,0,36
"16091","D_obs",6083,1396,0,63
"16092","D_obs",6083,1397,0,49
"16093","D_obs",6083,1398,0,51
"16094","D_obs",6083,1399,0,78
"16095","D_obs",6083,1400,0,55
"16096","D_obs",6083,1401,0,68
"16097","D_obs",6083,1402,0,92
"16098","D_obs",6083,1403,0,83
"16099","D_obs",6083,1404,0,80
"16100","D_obs",6083,1405,0,95
"16101","D_obs",6083,1406,0,87
"16102","D_obs",6083,1407,0,85
"16103","D_obs",6083,1408,0,91
"16104","D_obs",6083,1409,0,89
"16105","D_obs",6083,1410,0,98
"16106","D_obs",6083,1411,0,96
"16107","D_obs",6083,1412,0,84
"16108","D_obs",6083,1413,0,87
"16109","D_obs",6083,1414,0,82
"16110","D_obs",6083,1415,0,83
"16111","D_obs",6083,1416,0,85
"16112","D_obs",6083,1417,0,85
"16113","D_obs",6083,1418,0,68
"16114","D_obs",6083,1419,0,69
"16115","D_obs",6083,1420,0,48
"16116","D_obs",6083,1421,0,33
"16117","D_obs",6083,1422,0,39
"16118","D_obs",6083,1423,0,47
"16119","D_obs",6083,1424,0,40
"16120","D_obs",6083,1425,0,33
"16121","D_obs",6083,1426,0,37
"16122","D_obs",6083,1427,0,51
"16123","D_obs",6083,1428,0,33
"16124","D_obs",6083,1429,0,28
"16125","D_obs",6083,1430,0,49
"16126","D_obs",6083,1431,0,26
"16127","D_obs",6083,1432,0,20
"16128","D_obs",6083,1433,0,26
"16129","D_obs",6083,1434,0,33
"16130","D_obs",6083,1435,0,35
"16131","D_obs",6083,1436,0,23
"16132","D_obs",6083,1437,0,30
"16133","D_obs",6083,1438,0,26
"16134","D_obs",6083,1439,0,27
"16135","D_obs",6083,1440,0,22
"16136","D_obs",6083,1441,0,28
"16137","D_obs",6083,1442,0,35
"16138","D_obs",6083,1443,0,23
"16139","D_obs",6083,1444,0,33
"16140","D_obs",6083,1445,0,29
"16141","D_obs",6083,1446,0,32
"16142","D_obs",6083,1447,0,31
"16143","D_obs",6083,1448,0,36
"16144","D_obs",6083,1449,0,37
"16145","D_obs",6083,1450,0,37
"16146","D_obs",6083,1451,0,34
"16147","D_obs",6083,1452,0,37
"16148","D_obs",6083,1453,0,39
"16149","D_obs",6083,1454,0,36
"16150","D_obs",6083,1455,0,44
"16151","D_obs",6083,1456,0,46
"16152","D_obs",6083,1457,0,52
"16153","D_obs",6083,1458,0,48
"16154","D_obs",6083,1459,0,49
"16155","D_obs",6083,1460,0,54
"16156","D_obs",6083,1461,0,47
"16157","D_obs",6083,1462,0,47
"16158","D_obs",6083,1463,0,38
"16159","D_obs",6083,1464,0,40
"16160","D_obs",6083,1465,0,45
"16161","D_obs",6083,1466,0,50
"16162","D_obs",6083,1467,0,52
"16163","D_obs",6083,1468,0,35
"16164","D_obs",6083,1469,0,45
"16165","D_obs",6083,1470,0,75
"16166","D_obs",6083,1471,0,54
"16167","D_obs",6083,1472,0,27
"16168","D_obs",6083,1473,0,34
"16169","D_obs",6083,1474,0,21
"16170","D_obs",6083,1475,0,22
"16171","D_obs",6083,1476,0,29
"16172","D_obs",6083,1477,0,36
"16173","D_obs",6083,1478,0,31
"16174","D_obs",6083,1479,0,37
"16175","D_obs",6083,1480,0,27
"16176","D_obs",6083,1481,0,34
"16177","D_obs",6083,1482,0,22
"16178","D_obs",6083,1483,0,19
"16179","D_obs",6083,1484,0,20
"16180","D_obs",6083,1485,0,22
"16181","D_obs",6083,1486,0,24
"16182","D_obs",6083,1487,0,25
"16183","D_obs",6083,1488,0,25
"16184","D_obs",6083,1489,0,21
"16185","D_obs",6083,1490,0,31
"16186","D_obs",6083,1491,0,29
"16187","D_obs",6083,1492,0,31
"16188","D_obs",6083,1493,0,28
"16189","D_obs",6083,1494,0,24
"16190","D_obs",6083,1495,0,27
"16191","D_obs",6083,1496,0,25
"16192","D_obs",6083,1497,0,30
"16193","D_obs",6083,1498,0,27
"16194","D_obs",6083,1499,0,20
"16195","D_obs",6083,1500,0,30
"16196","D_obs",6083,1501,0,22
"16197","D_obs",6083,1502,0,42
"16198","D_obs",6083,1503,0,41
"16199","D_obs",6083,1504,0,34
"16200","D_obs",6083,1505,0,48
"16201","D_obs",6083,1506,0,48
"16202","D_obs",6083,1507,0,45
"16203","D_obs",6083,1508,0,55
"16204","D_obs",6083,1509,0,99
"16205","D_obs",6083,1510,0,60
"16206","D_obs",6083,1511,0,87
"16207","D_obs",6083,1512,0,96
"16208","D_obs",6083,1513,0,94
"16209","D_obs",6083,1514,0,111
"16210","D_obs",6083,1515,0,101
"16211","D_obs",6083,1516,0,117
"16212","D_obs",6083,1517,0,81
"16213","D_obs",6083,1518,0,70
"16214","D_obs",6083,1519,0,78
"16215","D_obs",6083,1520,0,82
"16216","D_obs",6083,1521,0,69
"16217","D_obs",6083,1522,0,86
"16218","D_obs",6083,1523,0,100
"16219","D_obs",6083,1524,0,57
"16220","D_obs",6083,1525,0,60
"16221","D_obs",6083,1526,0,70
"16222","D_obs",6083,1527,0,83
"16223","D_obs",6083,1528,0,50
"16224","D_obs",6083,1529,0,60
"16225","D_obs",6083,1530,0,61
"16226","D_obs",6083,1531,0,41
"16227","D_obs",6083,1532,0,49
"16228","D_obs",6083,1533,0,50
"16229","D_obs",6083,1534,0,43
"16230","D_obs",6083,1535,0,66
"16231","D_obs",6083,1536,0,54
"16232","D_obs",6083,1537,0,75
"16233","D_obs",6083,1538,0,65
"16234","D_obs",6083,1539,0,53
"16235","D_obs",6083,1540,0,39
"16236","D_obs",6083,1541,0,58
"16237","D_obs",6083,1542,0,57
"16238","D_obs",6083,1543,0,41
"16239","D_obs",6083,1544,0,37
"16240","D_obs",6083,1545,0,39
"16241","D_obs",6083,1546,0,44
"16242","D_obs",6083,1547,0,49
"16243","D_obs",6083,1548,0,52
"16244","D_obs",6083,1549,0,48
"16245","D_obs",6083,1550,0,55
"16246","D_obs",6083,1551,0,48
"16247","D_obs",6083,1552,0,59
"16248","D_obs",6083,1553,0,72
"16249","D_obs",6083,1554,0,58
"16250","D_obs",6083,1555,0,68
"16251","D_obs",6083,1556,0,50
"16252","D_obs",6083,1557,0,77
"16253","D_obs",6083,1558,0,85
"16254","D_obs",6083,1559,0,85
"16255","D_obs",6083,1560,0,84
"16256","D_obs",6083,1561,0,88
"16257","D_obs",6083,1562,0,96
"16258","D_obs",6083,1563,0,75
"16259","D_obs",6083,1564,0,104
"16260","D_obs",6083,1565,0,94
"16261","D_obs",6083,1566,0,89
"16262","D_obs",6083,1567,0,100
"16263","D_obs",6083,1568,0,106
"16264","D_obs",6083,1569,0,95
"16265","D_obs",6083,1570,0,88
"16266","D_obs",6083,1571,0,84
"16267","D_obs",6083,1572,0,69
"16268","D_obs",6083,1573,0,77
"16269","D_obs",6083,1574,0,81
"16270","D_obs",6083,1575,0,95
"16271","D_obs",6083,1576,0,81
"16272","D_obs",6083,1577,0,63
"16273","D_obs",6083,1578,0,49
"16274","D_obs",6083,1579,0,61
"16275","D_obs",6083,1580,0,69
"16276","D_obs",6083,1581,0,60
"16277","D_obs",6083,1582,0,68
"16278","D_obs",6083,1583,0,67
"16279","D_obs",6083,1584,0,66
"16280","D_obs",6083,1585,0,76
"16281","D_obs",6083,1586,0,65
"16282","D_obs",6083,1587,0,80
"16283","D_obs",6083,1588,0,86
"16284","D_obs",6083,1589,0,86
"16285","D_obs",6083,1590,0,65
"16286","D_obs",6083,1591,0,74
"16287","D_obs",6083,1592,0,73
"16288","D_obs",6083,1593,0,89
"16289","D_obs",6083,1594,0,94
"16290","D_obs",6083,1595,0,78
"16291","D_obs",6083,1596,0,72
"16292","D_obs",6083,1597,0,72
"16293","D_obs",6083,1598,0,97
"16294","D_obs",6083,1599,0,89
"16295","D_obs",6083,1600,0,73
"16296","D_obs",6083,1601,0,113
"16297","D_obs",6083,1602,0,87
"16298","D_obs",6083,1603,0,110
"16299","D_obs",6083,1604,0,122
"16300","D_obs",6083,1605,0,115
"16301","D_obs",6083,1606,0,118
"16302","D_obs",6083,1607,0,125
"16303","D_obs",6083,1608,0,127
"16304","D_obs",6083,1609,0,127
"16305","D_obs",6083,1610,0,124
"16306","D_obs",6083,1611,0,130
"16307","D_obs",6083,1612,0,148
"16308","D_obs",6083,1613,0,154
"16309","D_obs",6083,1614,0,146
"16310","D_obs",6083,1615,0,114
"16311","D_obs",6083,1616,0,136
"16312","D_obs",6083,1617,0,120
"16313","D_obs",6083,1618,0,125
"16314","D_obs",6083,1619,0,121
"16315","D_obs",6083,1620,0,119
"16316","D_obs",6083,1621,0,112
"16317","D_obs",6083,1622,0,88
"16318","D_obs",6083,1623,0,114
"16319","D_obs",6083,1624,0,101
"16320","D_obs",6083,1625,0,78
"16321","D_obs",6083,1626,0,93
"16322","D_obs",6083,1627,0,83
"16323","D_obs",6083,1628,0,98
"16324","D_obs",6083,1629,0,73
"16325","D_obs",6083,1630,0,53
"16326","D_obs",6083,1631,0,58
"16327","D_obs",6083,1632,0,55
"16328","D_obs",6083,1633,0,55
"16329","D_obs",6083,1634,0,57
"16330","D_obs",6083,1635,0,65
"16331","D_obs",6083,1636,0,44
"16332","D_obs",6083,1637,0,41
"16333","D_obs",6083,1638,0,37
"16334","D_obs",6083,1639,0,47
"16335","D_obs",6083,1640,0,48
"16336","D_obs",6083,1641,0,44
"16337","D_obs",6083,1642,0,50
"16338","D_obs",6083,1643,0,45
"16339","D_obs",6083,1644,0,40
"16340","D_obs",6083,1645,0,51
"16341","D_obs",6083,1646,0,52
"16342","D_obs",6083,1647,0,38
"16343","D_obs",6083,1648,0,52
"16344","D_obs",6083,1649,0,47
"16345","D_obs",6083,1650,0,36
"16346","D_obs",6083,1651,0,36
"16347","D_obs",6083,1652,0,54
"16348","D_obs",6083,1653,0,56
"16349","D_obs",6083,1654,0,58
"16350","D_obs",6083,1655,0,53
"16351","D_obs",6083,1656,0,63
"16352","D_obs",6083,1657,0,58
"16353","D_obs",6083,1658,0,46
"16354","D_obs",6083,1659,0,38
"16355","D_obs",6083,1660,0,59
"16356","D_obs",6083,1661,0,62
"16357","D_obs",6083,1662,0,73
"16358","D_obs",6083,1663,0,72
"16359","D_obs",6083,1664,0,72
"16360","D_obs",6083,1665,0,95
"16361","D_obs",6083,1666,0,80
"16362","D_obs",6083,1667,0,88
"16363","D_obs",6083,1668,0,100
"16364","D_obs",6083,1669,0,95
"16365","D_obs",6083,1670,0,110
"16366","D_obs",6083,1671,0,81
"16367","D_obs",6083,1672,0,85
"16368","D_obs",6083,1673,0,90
"16369","D_obs",6083,1674,0,101
"16370","D_obs",6083,1675,0,69
"16371","D_obs",6083,1676,0,83
"16372","D_obs",6083,1677,0,60
"16373","D_obs",6083,1678,0,53
"16374","D_obs",6083,1679,0,56
"16375","D_obs",6083,1680,0,55
"16376","D_obs",6083,1681,0,52
"16377","D_obs",6083,1682,0,57
"16378","D_obs",6083,1683,0,46
"16379","D_obs",6083,1684,0,45
"16380","D_obs",6083,1685,0,52
"16381","D_obs",6083,1686,0,34
"16382","D_obs",6083,1687,0,33
"16383","D_obs",6083,1688,0,41
"16384","D_obs",6083,1689,0,27
"16385","D_obs",6083,1690,0,34
"16386","D_obs",6083,1691,0,34
"16387","D_obs",6083,1692,0,26
"16388","D_obs",6083,1693,0,33
"16389","D_obs",6083,1694,0,29
"16390","D_obs",6083,1695,0,21
"16391","D_obs",6083,1696,0,24
"16392","D_obs",6083,1697,0,22
"16393","D_obs",6083,1698,0,24
"16394","D_obs",6083,1699,0,34
"16395","D_obs",6083,1700,0,25
"16396","D_obs",6083,1701,0,31
"16397","D_obs",6083,1702,0,27
"16398","D_obs",6083,1703,0,42
"16399","D_obs",6083,1704,0,47
"16400","D_obs",6083,1705,0,40
"16401","D_obs",6083,1706,0,37
"16402","D_obs",6083,1707,0,29
"16403","D_obs",6083,1708,0,38
"16404","D_obs",6083,1709,0,23
"16405","D_obs",6083,1710,0,47
"16406","D_obs",6083,1711,0,29
"16407","D_obs",6083,1712,0,47
"16408","D_obs",6083,1713,0,39
"16409","D_obs",6083,1714,0,52
"16410","D_obs",6083,1715,0,43
"16411","D_obs",6083,1716,0,41
"16412","D_obs",6083,1717,0,51
"16413","D_obs",6083,1718,0,58
"16414","D_obs",6083,1719,0,59
"16415","D_obs",6083,1720,0,53
"16416","D_obs",6083,1721,0,60
"16417","D_obs",6083,1722,0,59
"16418","D_obs",6083,1723,0,62
"16419","D_obs",6083,1724,0,55
"16420","D_obs",6083,1725,0,55
"16421","D_obs",6083,1726,0,53
"16422","D_obs",6083,1727,0,63
"16423","D_obs",6083,1728,0,48
"16424","D_obs",6083,1729,0,43
"16425","D_obs",6083,1730,0,46
"16426","D_obs",6083,1731,0,34
"16427","D_obs",6083,1732,0,32
"16428","D_obs",6083,1733,0,38
"16429","D_obs",6083,1734,0,37
"16430","D_obs",6083,1735,0,40
"16431","D_obs",6083,1736,0,37
"16432","D_obs",6083,1737,0,36
"16433","D_obs",6083,1738,0,37
"16434","D_obs",6083,1739,0,35
"16435","D_obs",6083,1740,0,54
"16436","D_obs",6083,1741,0,33
"16437","D_obs",6083,1742,0,25
"16438","D_obs",6083,1743,0,30
"16439","D_obs",6083,1744,0,21
"16440","D_obs",6083,1745,0,27
"16441","D_obs",6083,1746,0,27
"16442","D_obs",6083,1747,0,17
"16443","D_obs",6083,1748,0,31
"16444","D_obs",6083,1749,0,30
"16445","D_obs",6083,1750,0,30
"16446","D_obs",6083,1751,0,19
"16447","D_obs",6083,1752,0,48
"16448","D_obs",6083,1753,0,43
"16449","D_obs",6083,1754,0,31
"16450","D_obs",6083,1755,0,39
"16451","D_obs",6083,1756,0,34
"16452","D_obs",6083,1757,0,39
"16453","D_obs",6083,1758,0,44
"16454","D_obs",6083,1759,0,22
"16455","D_obs",6083,1760,0,30
"16456","D_obs",6083,1761,0,34
"16457","D_obs",6083,1762,0,31
"16458","D_obs",6083,1763,0,37
"16459","D_obs",6083,1764,0,39
"16460","D_obs",6083,1765,0,27
"16461","D_obs",6083,1766,0,43
"16462","D_obs",6083,1767,0,42
"16463","D_obs",6083,1768,0,42
"16464","D_obs",6083,1769,0,59
"16465","D_obs",6083,1770,0,51
"16466","D_obs",6083,1771,0,36
"16467","D_obs",6083,1772,0,40
"16468","D_obs",6083,1773,0,46
"16469","D_obs",6083,1774,0,45
"16470","D_obs",6083,1775,0,30
"16471","D_obs",6083,1776,0,45
"16472","D_obs",6083,1777,0,42
"16473","D_obs",6083,1778,0,38
"16474","D_obs",6083,1779,0,54
"16475","D_obs",6083,1780,0,38
"16476","D_obs",6083,1781,0,30
"16477","D_obs",6083,1782,0,41
"16478","D_obs",6083,1783,0,35
"16479","D_obs",6083,1784,0,33
"16480","D_obs",6083,1785,0,45
"16481","D_obs",6083,1786,0,36
"16482","D_obs",6083,1787,0,22
"16483","D_obs",6083,1788,0,22
"16484","D_obs",6083,1789,0,20
"16485","D_obs",6083,1790,0,20
"16486","D_obs",6083,1791,0,23
"16487","D_obs",6083,1792,0,27
"16488","D_obs",6083,1793,0,13
"16489","D_obs",6083,1794,0,25
"16490","D_obs",6083,1795,0,18
"16491","D_obs",6083,1796,0,15
"16492","D_obs",6083,1797,0,25
"16493","D_obs",6083,1798,0,19
"16494","D_obs",6083,1799,0,19
"16495","D_obs",6083,1800,0,19
"16496","D_obs",6083,1801,0,24
"16497","D_obs",6083,1802,0,12
"16498","D_obs",6083,1803,0,16
"16499","D_obs",6083,1804,0,18
"16500","D_obs",6083,1805,0,18
"16501","D_obs",6083,1806,0,16
"16502","D_obs",6083,1807,0,18
"16503","D_obs",6083,1808,0,29
"16504","D_obs",6083,1809,0,19
"16505","D_obs",6083,1810,0,23
"16506","D_obs",6083,1811,0,34
"16507","D_obs",6083,1812,0,30
"16508","D_obs",6083,1813,0,22
"16509","D_obs",6083,1814,0,20
"16510","D_obs",6083,1815,0,35
"16511","D_obs",6083,1816,0,19
"16512","D_obs",6083,1817,0,26
"16513","D_obs",6083,1818,0,29
"16514","D_obs",6083,1819,0,38
"16515","D_obs",6083,1820,0,34
"16516","D_obs",6083,1821,0,32
"16517","D_obs",6083,1822,0,30
"16518","D_obs",6083,1823,0,38
"16519","D_obs",6083,1824,0,39
"16520","D_obs",6083,1825,0,36
"16521","D_obs",6083,1826,0,54
"16522","D_obs",6083,1827,0,39
"16523","D_obs",6083,1828,0,37
"16524","D_obs",6083,1829,0,32
"16525","D_obs",6083,1830,0,44
"16526","D_obs",6083,1831,0,32
"16527","D_obs",6083,1832,0,31
"16528","D_obs",6083,1833,0,48
"16529","D_obs",6083,1834,0,30
"16530","D_obs",6083,1835,0,43
"16531","D_obs",6083,1836,0,49
"16532","D_obs",6083,1837,0,36
"16533","D_obs",6083,1838,0,22
"16534","D_obs",6083,1839,0,31
"16535","D_obs",6083,1840,0,27
"16536","D_obs",6083,1841,0,36
"16537","D_obs",6083,1842,0,30
"16538","D_obs",6083,1843,0,23
"16539","D_obs",6083,1844,0,16
"16540","D_obs",6083,1845,0,12
"16541","D_obs",6083,1846,0,20
"16542","D_obs",6083,1847,0,23
"16543","D_obs",6083,1848,0,12
"16544","D_obs",6083,1849,0,16
"16545","D_obs",6083,1850,0,22
"16546","D_obs",6083,1851,0,27
"16547","D_obs",6083,1852,0,29
"16548","D_obs",6083,1853,0,28
"16549","D_obs",6083,1854,0,31
"16550","D_obs",6083,1855,0,35
"16551","D_obs",6083,1856,0,29
"16552","D_obs",6083,1857,0,41
"16553","D_obs",6083,1858,0,22
"16554","D_obs",6083,1859,0,32
"16555","D_obs",6083,1860,0,28
"16556","D_obs",6083,1861,0,36
"16557","D_obs",6083,1862,0,39
"16558","D_obs",6083,1863,0,64
"16559","D_obs",6083,1864,0,47
"16560","D_obs",6083,1865,0,47
"16561","D_obs",6083,1866,0,50
"16562","D_obs",6083,1867,0,54
"16563","D_obs",6083,1868,0,49
"16564","D_obs",6083,1869,0,57
"16565","D_obs",6083,1870,0,63
"16566","D_obs",6083,1871,0,57
"16567","D_obs",6083,1872,0,74
"16568","D_obs",6083,1873,0,101
"16569","D_obs",6083,1874,0,99
"16570","D_obs",6083,1875,0,109
"16571","D_obs",6083,1876,0,124
"16572","D_obs",6083,1877,0,105
"16573","D_obs",6083,1878,0,109
"16574","D_obs",6083,1879,0,119
"16575","D_obs",6083,1880,0,116
"16576","D_obs",6083,1881,0,118
"16577","D_obs",6083,1882,0,99
"16578","D_obs",6083,1883,0,107
"16579","D_obs",6083,1884,0,108
"16580","D_obs",6083,1885,0,100
"16581","D_obs",6083,1886,0,67
"16582","D_obs",6083,1887,0,83
"16583","D_obs",6083,1888,0,69
"16584","D_obs",6083,1889,0,64
"16585","D_obs",6083,1890,0,64
"16586","D_obs",6083,1891,0,53
"16587","D_obs",6083,1892,0,45
"16588","D_obs",6083,1893,0,56
"16589","D_obs",6083,1894,0,39
"16590","D_obs",6083,1895,0,43
"16591","D_obs",6083,1896,0,56
"16592","D_obs",6083,1897,0,39
"16593","D_obs",6083,1898,0,33
"16594","D_obs",6083,1899,0,43
"16595","D_obs",6083,1900,0,44
"16596","D_obs",6083,1901,0,39
"16597","D_obs",6083,1902,0,41
"16598","D_obs",6083,1903,0,38
"16599","D_obs",6083,1904,0,42
"16600","D_obs",6083,1905,0,53
"16601","D_obs",6083,1906,0,56
"16602","D_obs",6083,1907,0,45
"16603","D_obs",6083,1908,0,45
"16604","D_obs",6083,1909,0,62
"16605","D_obs",6083,1910,0,54
"16606","D_obs",6083,1911,0,60
"16607","D_obs",6083,1912,0,65
"16608","D_obs",6083,1913,0,75
"16609","D_obs",6083,1914,0,85
"16610","D_obs",6083,1915,0,77
"16611","D_obs",6083,1916,0,75
"16612","D_obs",6083,1917,0,88
"16613","D_obs",6083,1918,0,100
"16614","D_obs",6083,1919,0,114
"16615","D_obs",6083,1920,0,132
"16616","D_obs",6083,1921,0,143
"16617","D_obs",6083,1922,0,170
"16618","D_obs",6083,1923,0,179
"16619","D_obs",6083,1924,0,178
"16620","D_obs",6083,1925,0,191
"16621","D_obs",6083,1926,0,238
"16622","D_obs",6083,1927,0,216
"16623","D_obs",6083,1928,0,224
"16624","D_obs",6083,1929,0,233
"16625","D_obs",6083,1930,0,229
"16626","D_obs",6083,1931,0,241
"16627","D_obs",6083,1932,0,218
"16628","D_obs",6083,1933,0,208
"16629","D_obs",6083,1934,0,219
"16630","D_obs",6083,1935,0,245
"16631","D_obs",6083,1936,0,209
"16632","D_obs",6083,1937,0,186
"16633","D_obs",6083,1938,0,123
"16634","D_obs",6083,1939,0,159
"16635","D_obs",6083,1940,0,134
"16636","D_obs",6083,1941,0,114
"16637","D_obs",6083,1942,0,143
"16638","D_obs",6083,1943,0,118
"16639","D_obs",6083,1944,0,107
"16640","D_obs",6083,1945,0,103
"16641","D_obs",6083,1946,0,104
"16642","D_obs",6083,1947,0,111
"16643","D_obs",6083,1948,0,78
"16644","D_obs",6083,1949,0,69
"16645","D_obs",6083,1950,0,81
"16646","D_obs",6083,1951,0,56
"16647","D_obs",6083,1952,0,78
"16648","D_obs",6083,1953,0,71
"16649","D_obs",6083,1954,0,70
"16650","D_obs",6083,1955,0,77
"16651","D_obs",6083,1956,0,68
"16652","D_obs",6083,1957,0,74
"16653","D_obs",6083,1958,0,76
"16654","D_obs",6083,1959,0,81
"16655","D_obs",6083,1960,0,90
"16656","D_obs",6083,1961,0,91
"16657","D_obs",6083,1962,0,103
"16658","D_obs",6083,1963,0,100
"16659","D_obs",6083,1964,0,95
"16660","D_obs",6083,1965,0,80
"16661","D_obs",6083,1966,0,104
"16662","D_obs",6083,1967,0,85
"16663","D_obs",6083,1968,0,130
"16664","D_obs",6083,1969,0,100
"16665","D_obs",6083,1970,0,114
"16666","D_obs",6083,1971,0,118
"16667","D_obs",6083,1972,0,126
"16668","D_obs",6083,1973,0,108
"16669","D_obs",6083,1974,0,129
"16670","D_obs",6083,1975,0,165
"16671","D_obs",6083,1976,0,157
"16672","D_obs",6083,1977,0,167
"16673","D_obs",6083,1978,0,171
"16674","D_obs",6083,1979,0,192
"16675","D_obs",6083,1980,0,198
"16676","D_obs",6083,1981,0,192
"16677","D_obs",6083,1982,0,167
"16678","D_obs",6083,1983,0,174
"16679","D_obs",6083,1984,0,150
"16680","D_obs",6083,1985,0,162
"16681","D_obs",6083,1986,0,122
"16682","D_obs",6083,1987,0,130
"16683","D_obs",6083,1988,0,116
"16684","D_obs",6083,1989,0,135
"16685","D_obs",6083,1990,0,104
"16686","D_obs",6083,1991,0,110
"16687","D_obs",6083,1992,0,112
"16688","D_obs",6083,1993,0,77
"16689","D_obs",6083,1994,0,68
"16690","D_obs",6083,1995,0,65
"16691","D_obs",6083,1996,0,49
"16692","D_obs",6083,1997,0,46
"16693","D_obs",6083,1998,0,48
"16694","D_obs",6083,1999,0,47
"16695","D_obs",6083,2000,0,53
"16696","D_obs",6083,2001,0,54
"16697","D_obs",6083,2002,0,33
"16698","D_obs",6083,2003,0,36
"16699","D_obs",6083,2004,0,33
"16700","D_obs",6083,2005,0,36
"16701","D_obs",6083,2006,0,40
"16702","D_obs",6083,2007,0,27
"16703","D_obs",6083,2008,0,30
"16704","D_obs",6083,2009,0,29
"16705","D_obs",6083,2010,0,35
"16706","D_obs",6083,2011,0,28
"16707","D_obs",6083,2012,0,28
"16708","D_obs",6083,2013,0,25
"16709","D_obs",6083,2014,0,34
"16710","D_obs",6083,2015,0,17
"16711","D_obs",6083,2016,0,24
"16712","D_obs",6083,2017,0,16
"16713","D_obs",6083,2018,0,24
"16714","D_obs",6083,2019,0,40
"16715","D_obs",6083,2020,0,24
"16716","D_obs",6083,2021,0,19
"16717","D_obs",6083,2022,0,24
"16718","D_obs",6083,2023,0,30
"16719","D_obs",6083,2024,0,21
"16720","D_obs",6083,2025,0,24
"16721","D_obs",6083,2026,0,24
"16722","D_obs",6083,2027,0,26
"16723","D_obs",6083,2028,0,32
"16724","D_obs",6083,2029,0,27
"16725","D_obs",6083,2030,0,36
"16726","D_obs",6083,2031,0,38
"16727","D_obs",6083,2032,0,29
"16728","D_obs",6083,2033,0,40
"16729","D_obs",6083,2034,0,31
"16730","D_obs",6083,2035,0,38
"16731","D_obs",6083,2036,0,32
"16732","D_obs",6083,2037,0,40
"16733","D_obs",6083,2038,0,34
"16734","D_obs",6083,2039,0,39
"16735","D_obs",6083,2040,0,34
"16736","D_obs",6083,2041,0,37
"16737","D_obs",6083,2042,0,28
"16738","D_obs",6083,2043,0,34
"16739","D_obs",6083,2044,0,24
"16740","D_obs",6083,2045,0,23
"16741","D_obs",6083,2046,0,34
"16742","D_obs",6083,2047,0,19
"16743","D_obs",6083,2048,0,32
"16744","D_obs",6083,2049,0,31
"16745","D_obs",6083,2050,0,16
"16746","D_obs",6083,2051,0,32
"16747","D_obs",6083,2052,0,21
"16748","D_obs",6083,2053,0,29
"16749","D_obs",6083,2054,0,19
"16750","D_obs",6083,2055,0,19
"16751","D_obs",6083,2056,0,22
"16752","D_obs",6083,2057,0,23
"16753","D_obs",6083,2058,0,26
"16754","D_obs",6083,2059,0,11
"16755","D_obs",6083,2060,0,17
"16756","D_obs",6083,2061,0,11
"16757","D_obs",6083,2062,0,10
"16758","D_obs",6083,2063,0,16
"16759","D_obs",6083,2064,0,20
"16760","D_obs",6083,2065,0,18
"16761","D_obs",6083,2066,0,18
"16762","D_obs",6083,2067,0,12
"16763","D_obs",6083,2068,0,9
"16764","D_obs",6083,2069,0,11
"16765","D_obs",6083,2070,0,17
"16766","D_obs",6083,2071,0,12
"16767","D_obs",6083,2072,0,3
"16768","D_obs",6083,2073,0,7
"16769","D_obs",6083,2074,0,6
"16770","D_obs",6083,2075,0,12
"16771","D_obs",6083,2076,0,15
"16772","D_obs",6083,2077,0,12
"16773","D_obs",6083,2078,0,13
"16774","D_obs",6083,2079,0,10
"16775","D_obs",6083,2080,0,22
"16776","D_obs",6083,2081,0,12
"16777","D_obs",6083,2082,0,17
"16778","D_obs",6083,2083,0,20
"16779","D_obs",6083,2084,0,21
"16780","D_obs",6083,2085,0,17
"16781","D_obs",6083,2086,0,22
"16782","D_obs",6083,2087,0,21
"16783","D_obs",6083,2088,0,14
"16784","D_obs",6083,2089,0,14
"16785","D_obs",6083,2090,0,23
"16786","D_obs",6083,2091,0,13
"16787","D_obs",6083,2092,0,12
"16788","D_obs",6083,2093,0,17
"16789","D_obs",6083,2094,0,11
"16790","D_obs",6083,2095,0,18
"16791","D_obs",6083,2096,0,9
"16792","D_obs",6083,2097,0,12
"16793","D_obs",6083,2098,0,12
"16794","D_obs",6083,2099,0,7
"16795","D_obs",6083,2100,0,7
"16796","D_obs",6083,2101,0,7
"16797","D_obs",6083,2102,0,8
"16798","D_obs",6083,2103,0,8
"16799","D_obs",6083,2104,0,5
"16800","D_obs",6083,2105,0,10
"16801","D_obs",6083,2106,0,12
"16802","D_obs",6083,2107,0,4
"16803","D_obs",6083,2108,0,7
"16804","D_obs",6083,2109,0,12
"16805","D_obs",6083,2110,0,6
"16806","D_obs",6083,2111,0,5
"16807","D_obs",6083,2112,0,8
"16808","D_obs",6083,2113,0,7
"16809","D_obs",6083,2114,0,5
"16810","D_obs",6083,2115,0,7
"16811","D_obs",6083,2116,0,6
"16812","D_obs",6083,2117,0,8
"16813","D_obs",6083,2118,0,11
"16814","D_obs",6083,2119,0,9
"16815","D_obs",6083,2120,0,9
"16816","D_obs",6083,2121,0,10
"16817","D_obs",6083,2122,0,11
"16818","D_obs",6083,2123,0,6
"16819","D_obs",6083,2124,0,11
"16820","D_obs",6083,2125,0,15
"16821","D_obs",6083,2126,0,8
"16822","D_obs",6083,2127,0,13
"16823","D_obs",6083,2128,0,16
"16824","D_obs",6083,2129,0,14
"16825","D_obs",6083,2130,0,16
"16826","D_obs",6083,2131,0,12
"16827","D_obs",6083,2132,0,13
"16828","D_obs",6083,2133,0,12
"16829","D_obs",6083,2134,0,11
"16830","D_obs",6083,2135,0,19
"16831","D_obs",6083,2136,0,22
"16832","D_obs",6083,2137,0,18
"16833","D_obs",6083,2138,0,18
"16834","D_obs",6083,2139,0,12
"16835","D_obs",6083,2140,0,17
"16836","D_obs",6083,2141,0,32
"16837","D_obs",6083,2142,0,27
"16838","D_obs",6083,2143,0,16
"16839","D_obs",6083,2144,0,23
"16840","D_obs",6083,2145,0,22
"16841","D_obs",6083,2146,0,22
"16842","D_obs",6083,2147,0,17
"16843","D_obs",6083,2148,0,18
"16844","D_obs",6083,2149,0,19
"16845","D_obs",6083,2150,0,16
"16846","D_obs",6083,2151,0,22
"16847","D_obs",6083,2152,0,20
"16848","D_obs",6083,2153,0,13
"16849","D_obs",6083,2154,0,14
"16850","D_obs",6083,2155,0,16
"16851","D_obs",6083,2156,0,13
"16852","D_obs",6083,2157,0,25
"16853","D_obs",6083,2158,0,22
"16854","D_obs",6083,2159,0,11
"16855","D_obs",6083,2160,0,18
"16856","D_obs",6083,2161,0,11
"16857","D_obs",6083,2162,0,14
"16858","D_obs",6083,2163,0,18
"16859","D_obs",6083,2164,0,22
"16860","D_obs",6083,2165,0,16
"16861","D_obs",6083,2166,0,16
"16862","D_obs",6083,2167,0,23
"16863","D_obs",6083,2168,0,17
"16864","D_obs",6083,2169,0,26
"16865","D_obs",6083,2170,0,32
"16866","D_obs",6083,2171,0,38
"16867","D_obs",6083,2172,0,33
"16868","D_obs",6083,2173,0,34
"16869","D_obs",6083,2174,0,31
"16870","D_obs",6083,2175,0,43
"16871","D_obs",6083,2176,0,24
"16872","D_obs",6083,2177,0,52
"16873","D_obs",6083,2178,0,41
"16874","D_obs",6083,2179,0,58
"16875","D_obs",6083,2180,0,52
"16876","D_obs",6083,2181,0,62
"16877","D_obs",6083,2182,0,72
"16878","D_obs",6083,2183,0,68
"16879","D_obs",6083,2184,0,87
"16880","D_obs",6083,2185,0,105
"16881","D_obs",6083,2186,0,75
"16882","D_obs",6083,2187,0,107
"16883","D_obs",6083,2188,0,107
"16884","D_obs",6083,2189,0,118
"16885","D_obs",6083,2190,0,105
"16886","D_obs",6083,2191,0,128
"16887","D_obs",6083,2192,0,107
"16888","D_obs",6083,2193,0,97
"16889","D_obs",6083,2194,0,124
"16890","D_obs",6083,2195,0,97
"16891","D_obs",6083,2196,0,92
"16892","D_obs",6083,2197,0,91
"16893","D_obs",6083,2198,0,76
"16894","D_obs",6083,2199,0,65
"16895","D_obs",6083,2200,0,69
"16896","D_obs",6083,2201,0,61
"16897","D_obs",6083,2202,0,59
"16898","D_obs",6083,2203,0,58
"16899","D_obs",6083,2204,0,61
"16900","D_obs",6083,2205,0,43
"16901","D_obs",6083,2206,0,46
"16902","D_obs",6083,2207,0,38
"16903","D_obs",6083,2208,0,38
"16904","D_obs",6083,2209,0,36
"16905","D_obs",6083,2210,0,38
"16906","D_obs",6083,2211,0,36
"16907","D_obs",6083,2212,0,24
"16908","D_obs",6083,2213,0,32
"16909","D_obs",6083,2214,0,24
"16910","D_obs",6083,2215,0,28
"16911","D_obs",6083,2216,0,34
"16912","D_obs",6083,2217,0,35
"16913","D_obs",6083,2218,0,35
"16914","D_obs",6083,2219,0,59
"16915","D_obs",6083,2220,0,31
"16916","D_obs",6083,2221,0,42
"16917","D_obs",6083,2222,0,41
"16918","D_obs",6083,2223,0,70
"16919","D_obs",6083,2224,0,53
"16920","D_obs",6083,2225,0,62
"16921","D_obs",6083,2226,0,69
"16922","D_obs",6083,2227,0,58
"16923","D_obs",6083,2228,0,90
"16924","D_obs",6083,2229,0,96
"16925","D_obs",6083,2230,0,87
"16926","D_obs",6083,2231,0,73
"16927","D_obs",6083,2232,0,87
"16928","D_obs",6083,2233,0,59
"16929","D_obs",6083,2234,0,71
"16930","D_obs",6083,2235,0,99
"16931","D_obs",6083,2236,0,71
"16932","D_obs",6083,2237,0,82
"16933","D_obs",6083,2238,0,90
"16934","D_obs",6083,2239,0,113
"16935","D_obs",6083,2240,0,110
"16936","D_obs",6083,2241,0,122
"16937","D_obs",6083,2242,0,127
"16938","D_obs",6083,2243,0,128
"16939","D_obs",6083,2244,0,129
"16940","D_obs",6083,2245,0,116
"16941","D_obs",6083,2246,0,96
"16942","D_obs",6083,2247,0,120
"16943","D_obs",6083,2248,0,104
"16944","D_obs",6083,2249,0,103
"16945","D_obs",6083,2250,0,107
"16946","D_obs",6083,2251,0,85
"16947","D_obs",6083,2252,0,75
"16948","D_obs",6083,2253,0,83
"16949","D_obs",6083,2254,0,60
"16950","D_obs",6083,2255,0,60
"16951","D_obs",6083,2256,0,79
"16952","D_obs",6083,2257,0,48
"16953","D_obs",6083,2258,0,48
"16954","D_obs",6083,2259,0,40
"16955","D_obs",6083,2260,0,47
"16956","D_obs",6083,2261,0,45
"16957","D_obs",6083,2262,0,35
"16958","D_obs",6083,2263,0,35
"16959","D_obs",6083,2264,0,37
"16960","D_obs",6083,2265,0,19
"16961","D_obs",6083,2266,0,37
"16962","D_obs",6083,2267,0,35
"16963","D_obs",6083,2268,0,46
"16964","D_obs",6083,2269,0,37
"16965","D_obs",6083,2270,0,48
"16966","D_obs",6083,2271,0,31
"16967","D_obs",6083,2272,0,39
"16968","D_obs",6083,2273,0,36
"16969","D_obs",6083,2274,0,45
"16970","D_obs",6083,2275,0,33
"16971","D_obs",6083,2276,0,28
"16972","D_obs",6083,2277,0,46
"16973","D_obs",6083,2278,0,26
"16974","D_obs",6083,2279,0,36
"16975","D_obs",6083,2280,0,35
"16976","D_obs",6083,2281,0,35
"16977","D_obs",6083,2282,0,38
"16978","D_obs",6083,2283,0,36
"16979","D_obs",6083,2284,0,42
"16980","D_obs",6083,2285,0,46
"16981","D_obs",6083,2286,0,57
"16982","D_obs",6083,2287,0,41
"16983","D_obs",6083,2288,0,50
"16984","D_obs",6083,2289,0,50
"16985","D_obs",6083,2290,0,48
"16986","D_obs",6083,2291,0,59
"16987","D_obs",6083,2292,0,57
"16988","D_obs",6083,2293,0,57
"16989","D_obs",6083,2294,0,60
"16990","D_obs",6083,2295,0,60
"16991","D_obs",6083,2296,0,35
"16992","D_obs",6083,2297,0,32
"16993","D_obs",6083,2298,0,55
"16994","D_obs",6083,2299,0,42
"16995","D_obs",6083,2300,0,41
"16996","D_obs",6083,2301,0,42
"16997","D_obs",6083,2302,0,54
"16998","D_obs",6083,2303,0,37
"16999","D_obs",6083,2304,0,29
"17000","D_obs",6083,2305,0,25
"17001","D_obs",6083,2306,0,23
"17002","D_obs",6083,2307,0,42
"17003","D_obs",6083,2308,0,21
"17004","D_obs",6083,2309,0,23
"17005","D_obs",6083,2310,0,14
"17006","D_obs",6083,2311,0,19
"17007","D_obs",6083,2312,0,16
"17008","D_obs",6083,2313,0,23
"17009","D_obs",6083,2314,0,17
"17010","D_obs",6083,2315,0,15
"17011","D_obs",6083,2316,0,17
"17012","D_obs",6083,2317,0,27
"17013","D_obs",6083,2318,0,16
"17014","D_obs",6083,2319,0,18
"17015","D_obs",6083,2320,0,25
"17016","D_obs",6083,2321,0,14
"17017","D_obs",6083,2322,0,16
"17018","D_obs",6083,2323,0,24
"17019","D_obs",6083,2324,0,20
"17020","D_obs",6083,2325,0,21
"17021","D_obs",6083,2326,0,28
"17022","D_obs",6083,2327,0,19
"17023","D_obs",6083,2328,0,14
"17024","D_obs",6083,2329,0,14
"17025","D_obs",6083,2330,0,24
"17026","D_obs",6083,2331,0,18
"17027","D_obs",6083,2332,0,21
"17028","D_obs",6083,2333,0,19
"17029","D_obs",6083,2334,0,25
"17030","D_obs",6083,2335,0,15
"17031","D_obs",6083,2336,0,21
"17032","D_obs",6083,2337,0,24
"17033","D_obs",6083,2338,0,24
"17034","D_obs",6083,2339,0,26
"17035","D_obs",6083,2340,0,17
"17036","D_obs",6083,2341,0,38
"17037","D_obs",6083,2342,0,30
"17038","D_obs",6083,2343,0,49
"17039","D_obs",6083,2344,0,38
"17040","D_obs",6083,2345,0,50
"17041","D_obs",6083,2346,0,68
"17042","D_obs",6083,2347,0,64
"17043","D_obs",6083,2348,0,82
"17044","D_obs",6083,2349,0,67
"17045","D_obs",6083,2350,0,61
"17046","D_obs",6083,2351,0,55
"17047","D_obs",6083,2352,0,52
"17048","D_obs",6083,2353,0,46
"17049","D_obs",6083,2354,0,54
"17050","D_obs",6083,2355,0,46
"17051","D_obs",6083,2356,0,31
"17052","D_obs",6083,2357,0,31
"17053","D_obs",6083,2358,0,39
"17054","D_obs",6083,2359,0,35
"17055","D_obs",6083,2360,0,39
"17056","D_obs",6083,2361,0,43
"17057","D_obs",6083,2362,0,37
"17058","D_obs",6083,2363,0,32
"17059","D_obs",6083,2364,0,34
"17060","D_obs",6083,2365,0,35
"17061","D_obs",6083,2366,0,35
"17062","D_obs",6083,2367,0,28
"17063","D_obs",6083,2368,0,22
"17064","D_obs",6083,2369,0,47
"17065","D_obs",6083,2370,0,42
"17066","D_obs",6083,2371,0,36
"17067","D_obs",6083,2372,0,37
"17068","D_obs",6083,2373,0,22
"17069","D_obs",6083,2374,0,27
"17070","D_obs",6083,2375,0,24
"17071","D_obs",6083,2376,0,26
"17072","D_obs",6083,2377,0,17
"17073","D_obs",6083,2378,0,17
"17074","D_obs",6083,2379,0,27
"17075","D_obs",6083,2380,0,24
"17076","D_obs",6083,2381,0,17
"17077","D_obs",6083,2382,0,23
"17078","D_obs",6083,2383,0,19
"17079","D_obs",6083,2384,0,20
"17080","D_obs",6083,2385,0,21
"17081","D_obs",6083,2386,0,27
"17082","D_obs",6083,2387,0,26
"17083","D_obs",6083,2388,0,26
"17084","D_obs",6083,2389,0,27
"17085","D_obs",6083,2390,0,24
"17086","D_obs",6083,2391,0,29
"17087","D_obs",6083,2392,0,30
"17088","D_obs",6083,2393,0,27
"17089","D_obs",6083,2394,0,24
"17090","D_obs",6083,2395,0,30
"17091","D_obs",6083,2396,0,34
"17092","D_obs",6083,2397,0,33
"17093","D_obs",6083,2398,0,45
"17094","D_obs",6083,2399,0,46
"17095","D_obs",6083,2400,0,49
"17096","D_obs",6083,2401,0,60
"17097","D_obs",6083,2402,0,64
"17098","D_obs",6083,2403,0,54
"17099","D_obs",6083,2404,0,70
"17100","D_obs",6083,2405,0,62
"17101","D_obs",6083,2406,0,46
"17102","D_obs",6083,2407,0,55
"17103","D_obs",6083,2408,0,48
"17104","D_obs",6083,2409,0,29
"17105","D_obs",6083,2410,0,56
"17106","D_obs",6083,2411,0,44
"17107","D_obs",6083,2412,0,46
"17108","D_obs",6083,2413,0,33
"17109","D_obs",6083,2414,0,38
"17110","D_obs",6083,2415,0,31
"17111","D_obs",6083,2416,0,30
"17112","D_obs",6083,2417,0,35
"17113","D_obs",6083,2418,0,27
"17114","D_obs",6083,2419,0,20
"17115","D_obs",6083,2420,0,33
"17116","D_obs",6083,2421,0,32
"17117","D_obs",6083,2422,0,24
"17118","D_obs",6083,2423,0,19
"17119","D_obs",6083,2424,0,26
"17120","D_obs",6083,2425,0,25
"17121","D_obs",6083,2426,0,26
"17122","D_obs",6083,2427,0,18
"17123","D_obs",6083,2428,0,24
"17124","D_obs",6083,2429,0,29
"17125","D_obs",6083,2430,0,37
"17126","D_obs",6083,2431,0,26
"17127","D_obs",6083,2432,0,36
"17128","D_obs",6083,2433,0,38
"17129","D_obs",6083,2434,0,45
"17130","D_obs",6083,2435,0,38
"17131","D_obs",6083,2436,0,38
"17132","D_obs",6083,2437,0,40
"17133","D_obs",6083,2438,0,58
"17134","D_obs",6083,2439,0,55
"17135","D_obs",6083,2440,0,43
"17136","D_obs",6083,2441,0,45
"17137","D_obs",6083,2442,0,61
"17138","D_obs",6083,2443,0,59
"17139","D_obs",6083,2444,0,50
"17140","D_obs",6083,2445,0,38
"17141","D_obs",6083,2446,0,60
"17142","D_obs",6083,2447,0,60
"17143","D_obs",6083,2448,0,61
"17144","D_obs",6083,2449,0,66
"17145","D_obs",6083,2450,0,73
"17146","D_obs",6083,2451,0,79
"17147","D_obs",6083,2452,0,69
"17148","D_obs",6083,2453,0,101
"17149","D_obs",6083,2454,0,113
"17150","D_obs",6083,2455,0,106
"17151","D_obs",6083,2456,0,102
"17152","D_obs",6083,2457,0,90
"17153","D_obs",6083,2458,0,119
"17154","D_obs",6083,2459,0,100
"17155","D_obs",6083,2460,0,86
"17156","D_obs",6083,2461,0,69
"17157","D_obs",6083,2462,0,73
"17158","D_obs",6083,2463,0,89
"17159","D_obs",6083,2464,0,83
"17160","D_obs",6083,2465,0,70
"17161","D_obs",6083,2466,0,66
"17162","D_obs",6083,2467,0,56
"17163","D_obs",6083,2468,0,57
"17164","D_obs",6083,2469,0,46
"17165","D_obs",6083,2470,0,44
"17166","D_obs",6083,2471,0,51
"17167","D_obs",6083,2472,0,45
"17168","D_obs",6083,2473,0,46
"17169","D_obs",6083,2474,0,59
"17170","D_obs",6083,2475,0,49
"17171","D_obs",6083,2476,0,47
"17172","D_obs",6083,2477,0,46
"17173","D_obs",6083,2478,0,35
"17174","D_obs",6083,2479,0,67
"17175","D_obs",6083,2480,0,47
"17176","D_obs",6083,2481,0,37
"17177","D_obs",6083,2482,0,68
"17178","D_obs",6083,2483,0,60
"17179","D_obs",6083,2484,0,65
"17180","D_obs",6083,2485,0,59
"17181","D_obs",6083,2486,0,57
"17182","D_obs",6083,2487,0,45
"17183","D_obs",6083,2488,0,62
"17184","D_obs",6083,2489,0,57
"17185","D_obs",6083,2490,0,53
"17186","D_obs",6083,2491,0,77
"17187","D_obs",6083,2492,0,50
"17188","D_obs",6083,2493,0,58
"17189","D_obs",6083,2494,0,49
"17190","D_obs",6083,2495,0,53
"17191","D_obs",6083,2496,0,47
"17192","D_obs",6083,2497,0,55
"17193","D_obs",6083,2498,0,50
"17194","D_obs",6083,2499,0,48
"17195","D_obs",6083,2500,0,61
"17196","D_obs",6083,2501,0,63
"17197","D_obs",6083,2502,0,70
"17198","D_obs",6083,2503,0,58
"17199","D_obs",6083,2504,0,88
"17200","D_obs",6083,2505,0,70
"17201","D_obs",6083,2506,0,84
"17202","D_obs",6083,2507,0,66
"17203","D_obs",6083,2508,0,83
"17204","D_obs",6083,2509,0,73
"17205","D_obs",6083,2510,0,61
"17206","D_obs",6083,2511,0,64
"17207","D_obs",6083,2512,0,45
"17208","D_obs",6083,2513,0,61
"17209","D_obs",6083,2514,0,41
"17210","D_obs",6083,2515,0,50
"17211","D_obs",6083,2516,0,44
"17212","D_obs",6083,2517,0,45
"17213","D_obs",6083,2518,0,38
"17214","D_obs",6083,2519,0,28
"17215","D_obs",6083,2520,0,36
"17216","D_obs",6083,2521,0,20
"17217","D_obs",6083,2522,0,27
"17218","D_obs",6083,2523,0,20
"17219","D_obs",6083,2524,0,22
"17220","D_obs",6083,2525,0,28
"17221","D_obs",6083,2526,0,26
"17222","D_obs",6083,2527,0,19
"17223","D_obs",6083,2528,0,28
"17224","D_obs",6083,2529,0,24
"17225","D_obs",6083,2530,0,30
"17226","D_obs",6083,2531,0,32
"17227","D_obs",6083,2532,0,30
"17228","D_obs",6083,2533,0,23
"17229","D_obs",6083,2534,0,33
"17230","D_obs",6083,2535,0,32
"17231","D_obs",6083,2536,0,25
"17232","D_obs",6083,2537,0,36
"17233","D_obs",6083,2538,0,24
"17234","D_obs",6083,2539,0,35
"17235","D_obs",6083,2540,0,41
"17236","D_obs",6083,2541,0,53
"17237","D_obs",6083,2542,0,35
"17238","D_obs",6083,2543,0,46
"17239","D_obs",6083,2544,0,45
"17240","D_obs",6083,2545,0,57
"17241","D_obs",6083,2546,0,51
"17242","D_obs",6083,2547,0,53
"17243","D_obs",6083,2548,0,40
"17244","D_obs",6083,2549,0,48
"17245","D_obs",6083,2550,0,51
"17246","D_obs",6083,2551,0,48
"17247","D_obs",6083,2552,0,55
"17248","D_obs",6083,2553,0,55
"17249","D_obs",6083,2554,0,66
"17250","D_obs",6083,2555,0,48
"17251","D_obs",6083,2556,0,65
"17252","D_obs",6083,2557,0,95
"17253","D_obs",6083,2558,0,49
"17254","D_obs",6083,2559,0,40
"17255","D_obs",6083,2560,0,52
"17256","D_obs",6083,2561,0,50
"17257","D_obs",6083,2562,0,49
"17258","D_obs",6083,2563,0,42
"17259","D_obs",6083,2564,0,35
"17260","D_obs",6083,2565,0,43
"17261","D_obs",6083,2566,0,44
"17262","D_obs",6083,2567,0,38
"17263","D_obs",6083,2568,0,28
"17264","D_obs",6083,2569,0,28
"17265","D_obs",6083,2570,0,21
"17266","D_obs",6083,2571,0,20
"17267","D_obs",6083,2572,0,24
"17268","D_obs",6083,2573,0,34
"17269","D_obs",6083,2574,0,20
"17270","D_obs",6083,2575,0,28
"17271","D_obs",6083,2576,0,26
"17272","D_obs",6083,2577,0,20
"17273","D_obs",6083,2578,0,21
"17274","D_obs",6083,2579,0,20
"17275","D_obs",6083,2580,0,23
"17276","D_obs",6083,2581,0,16
"17277","D_obs",6083,2582,0,32
"17278","D_obs",6083,2583,0,25
"17279","D_obs",6083,2584,0,26
"17280","D_obs",6083,2585,0,31
"17281","D_obs",6083,2586,0,23
"17282","D_obs",6083,2587,0,37
"17283","D_obs",6083,2588,0,19
"17284","D_obs",6083,2589,0,30
"17285","D_obs",6083,2590,0,36
"17286","D_obs",6083,2591,0,30
"17287","D_obs",6083,2592,0,28
"17288","D_obs",6083,2593,0,26
"17289","D_obs",6083,2594,0,28
"17290","D_obs",6083,2595,0,47
"17291","D_obs",6083,2596,0,38
"17292","D_obs",6083,2597,0,39
"17293","D_obs",6083,2598,0,40
"17294","D_obs",6083,2599,0,36
"17295","D_obs",6083,2600,0,42
"17296","D_obs",6083,2601,0,38
"17297","D_obs",6083,2602,0,29
"17298","D_obs",6083,2603,0,53
"17299","D_obs",6083,2604,0,61
"17300","D_obs",6083,2605,0,71
"17301","D_obs",6083,2606,0,78
"17302","D_obs",6083,2607,0,88
"17303","D_obs",6083,2608,0,67
"17304","D_obs",6083,2609,0,65
"17305","D_obs",6083,2610,0,70
"17306","D_obs",6083,2611,0,68
"17307","D_obs",6083,2612,0,59
"17308","D_obs",6083,2613,0,52
"17309","D_obs",6083,2614,0,45
"17310","D_obs",6083,2615,0,41
"17311","D_obs",6083,2616,0,48
"17312","D_obs",6083,2617,0,47
"17313","D_obs",6083,2618,0,37
"17314","D_obs",6083,2619,0,31
"17315","D_obs",6083,2620,0,42
"17316","D_obs",6083,2621,0,40
"17317","D_obs",6083,2622,0,45
"17318","D_obs",6083,2623,0,33
"17319","D_obs",6083,2624,0,29
"17320","D_obs",6083,2625,0,36
"17321","D_obs",6083,2626,0,27
"17322","D_obs",6083,2627,0,19
"17323","D_obs",6083,2628,0,20
"17324","D_obs",6083,2629,0,29
"17325","D_obs",6083,2630,0,29
"17326","D_obs",6083,2631,0,15
"17327","D_obs",6083,2632,0,14
"17328","D_obs",6083,2633,0,21
"17329","D_obs",6083,2634,0,17
"17330","D_obs",6083,2635,0,22
"17331","D_obs",6083,2636,0,29
"17332","D_obs",6083,2637,0,29
"17333","D_obs",6083,2638,0,36
"17334","D_obs",6083,2639,0,24
"17335","D_obs",6083,2640,0,31
"17336","D_obs",6083,2641,0,27
"17337","D_obs",6083,2642,0,31
"17338","D_obs",6083,2643,0,29
"17339","D_obs",6083,2644,0,35
"17340","D_obs",6083,2645,0,30
"17341","D_obs",6083,2646,0,32
"17342","D_obs",6083,2647,0,32
"17343","D_obs",6083,2648,0,39
"17344","D_obs",6083,2649,0,59
"17345","D_obs",6083,2650,0,35
"17346","D_obs",6083,2651,0,49
"17347","D_obs",6083,2652,0,40
"17348","D_obs",6083,2653,0,43
"17349","D_obs",6083,2654,0,48
"17350","D_obs",6083,2655,0,55
"17351","D_obs",6083,2656,0,49
"17352","D_obs",6083,2657,0,63
"17353","D_obs",6083,2658,0,57
"17354","D_obs",6083,2659,0,66
"17355","D_obs",6083,2660,0,56
"17356","D_obs",6083,2661,0,61
"17357","D_obs",6083,2662,0,60
"17358","D_obs",6083,2663,0,55
"17359","D_obs",6083,2664,0,41
"17360","D_obs",6083,2665,0,59
"17361","D_obs",6083,2666,0,53
"17362","D_obs",6083,2667,0,40
"17363","D_obs",6083,2668,0,42
"17364","D_obs",6083,2669,0,48
"17365","D_obs",6083,2670,0,33
"17366","D_obs",6083,2671,0,38
"17367","D_obs",6083,2672,0,34
"17368","D_obs",6083,2673,0,32
"17369","D_obs",6083,2674,0,33
"17370","D_obs",6083,2675,0,34
"17371","D_obs",6083,2676,0,22
"17372","D_obs",6083,2677,0,37
"17373","D_obs",6083,2678,0,22
"17374","D_obs",6083,2679,0,27
"17375","D_obs",6083,2680,0,27
"17376","D_obs",6083,2681,0,26
"17377","D_obs",6083,2682,0,25
"17378","D_obs",6083,2683,0,22
"17379","D_obs",6083,2684,0,20
"17380","D_obs",6083,2685,0,23
"17381","D_obs",6083,2686,0,30
"17382","D_obs",6083,2687,0,38
"17383","D_obs",6083,2688,0,24
"17384","D_obs",6083,2689,0,31
"17385","D_obs",6083,2690,0,25
"17386","D_obs",6083,2691,0,29
"17387","D_obs",6083,2692,0,21
"17388","D_obs",6083,2693,0,33
"17389","D_obs",6083,2694,0,24
"17390","D_obs",6083,2695,0,23
"17391","D_obs",6083,2696,0,26
"17392","D_obs",6083,2697,0,23
"17393","D_obs",6083,2698,0,40
"17394","D_obs",6083,2699,0,28
"17395","D_obs",6083,2700,0,31
"17396","D_obs",6083,2701,0,30
"17397","D_obs",6083,2702,0,19
"17398","D_obs",6083,2703,0,32
"17399","D_obs",6083,2704,0,24
"17400","D_obs",6083,2705,0,18
"17401","D_obs",6083,2706,0,23
"17402","D_obs",6083,2707,0,26
"17403","D_obs",6083,2708,0,26
"17404","D_obs",6083,2709,0,26
"17405","D_obs",6083,2710,0,16
"17406","D_obs",6083,2711,0,27
"17407","D_obs",6083,2712,0,22
"17408","D_obs",6083,2713,0,28
"17409","D_obs",6083,2714,0,32
"17410","D_obs",6083,2715,0,36
"17411","D_obs",6083,2716,0,36
"17412","D_obs",6083,2717,0,27
"17413","D_obs",6083,2718,0,23
"17414","D_obs",6083,2719,0,22
"17415","D_obs",6083,2720,0,26
"17416","D_obs",6083,2721,0,16
"17417","D_obs",6083,2722,0,28
"17418","D_obs",6083,2723,0,16
"17419","D_obs",6083,2724,0,21
"17420","D_obs",6083,2725,0,18
"17421","D_obs",6083,2726,0,19
"17422","D_obs",6083,2727,0,18
"17423","D_obs",6083,2728,0,17
"17424","D_obs",6083,2729,0,14
"17425","D_obs",6083,2730,0,16
"17426","D_obs",6083,2731,0,15
"17427","D_obs",6083,2732,0,7
"17428","D_obs",6083,2733,0,16
"17429","D_obs",6083,2734,0,10
"17430","D_obs",6083,2735,0,5
"17431","D_obs",6083,2736,0,9
"17432","D_obs",6083,2737,0,9
"17433","D_obs",6083,2738,0,10
"17434","D_obs",6083,2739,0,12
"17435","D_obs",6083,2740,0,13
"17436","D_obs",6083,2741,0,13
"17437","D_obs",6083,2742,0,12
"17438","D_obs",6083,2743,0,10
"17439","D_obs",6083,2744,0,9
"17440","D_obs",6083,2745,0,12
"17441","D_obs",6083,2746,0,7
"17442","D_obs",6083,2747,0,13
"17443","D_obs",6083,2748,0,9
"17444","D_obs",6083,2749,0,12
"17445","D_obs",6083,2750,0,13
"17446","D_obs",6083,2751,0,11
"17447","D_obs",6083,2752,0,18
"17448","D_obs",6083,2753,0,20
"17449","D_obs",6083,2754,0,9
"17450","D_obs",6083,2755,0,12
"17451","D_obs",6083,2756,0,12
"17452","D_obs",6083,2757,0,14
"17453","D_obs",6083,2758,0,15
"17454","D_obs",6083,2759,0,20
"17455","D_obs",6083,2760,0,16
"17456","D_obs",6083,2761,0,14
"17457","D_obs",6083,2762,0,21
"17458","D_obs",6083,2763,0,22
"17459","D_obs",6083,2764,0,18
"17460","D_obs",6083,2765,0,10
"17461","D_obs",6083,2766,0,15
"17462","D_obs",6083,2767,0,19
"17463","D_obs",6083,2768,0,11
"17464","D_obs",6083,2769,0,12
"17465","D_obs",6083,2770,0,12
"17466","D_obs",6083,2771,0,14
"17467","D_obs",6083,2772,0,10
"17468","D_obs",6083,2773,0,18
"17469","D_obs",6083,2774,0,9
"17470","D_obs",6083,2775,0,6
"17471","D_obs",6083,2776,0,13
"17472","D_obs",6083,2777,0,9
"17473","D_obs",6083,2778,0,11
"17474","D_obs",6083,2779,0,5
"17475","D_obs",6083,2780,0,7
"17476","D_obs",6083,2781,0,7
"17477","D_obs",6083,2782,0,14
"17478","D_obs",6083,2783,0,5
"17479","D_obs",6083,2784,0,6
"17480","D_obs",6083,2785,0,8
"17481","D_obs",6083,2786,0,6
"17482","D_obs",6083,2787,0,5
"17483","D_obs",6083,2788,0,10
"17484","D_obs",6083,2789,0,7
"17485","D_obs",6083,2790,0,8
"17486","D_obs",6083,2791,0,7
"17487","D_obs",6083,2792,0,6
"17488","D_obs",6083,2793,0,7
"17489","D_obs",6083,2794,0,6
"17490","D_obs",6083,2795,0,7
"17491","D_obs",6083,2796,0,11
"17492","D_obs",6083,2797,0,11
"17493","D_obs",6083,2798,0,9
"17494","D_obs",6083,2799,0,7
"17495","D_obs",6083,2800,0,6
"17496","D_obs",6083,2801,0,14
"17497","D_obs",6083,2802,0,10
"17498","D_obs",6083,2803,0,15
"17499","D_obs",6083,2804,0,9
"17500","D_obs",6083,2805,0,14
"17501","D_obs",6083,2806,0,10
"17502","D_obs",6083,2807,0,9
"17503","D_obs",6083,2808,0,17
"17504","D_obs",6083,2809,0,13
"17505","D_obs",6083,2810,0,11
"17506","D_obs",6083,2811,0,16
"17507","D_obs",6083,2812,0,19
"17508","D_obs",6083,2813,0,16
"17509","D_obs",6083,2814,0,23
"17510","D_obs",6083,2815,0,24
"17511","D_obs",6083,2816,0,24
"17512","D_obs",6083,2817,0,29
"17513","D_obs",6083,2818,0,25
"17514","D_obs",6083,2819,0,29
"17515","D_obs",6083,2820,0,33
"17516","D_obs",6083,2821,0,22
"17517","D_obs",6083,2822,0,19
"17518","D_obs",6083,2823,0,16
"17519","D_obs",6083,2824,0,17
"17520","D_obs",6083,2825,0,24
"17521","D_obs",6083,2826,0,25
"17522","D_obs",6083,2827,0,11
"17523","D_obs",6083,2828,0,17
"17524","D_obs",6083,2829,0,16
"17525","D_obs",6083,2830,0,14
"17526","D_obs",6083,2831,0,11
"17527","D_obs",6083,2832,0,15
"17528","D_obs",6083,2833,0,13
"17529","D_obs",6083,2834,0,17
"17530","D_obs",6083,2835,0,9
"17531","D_obs",6083,2836,0,13
"17532","D_obs",6083,2837,0,15
"17533","D_obs",6083,2838,0,14
"17534","D_obs",6083,2839,0,6
"17535","D_obs",6083,2840,0,7
"17536","D_obs",6083,2841,0,11
"17537","D_obs",6083,2842,0,17
"17538","D_obs",6083,2843,0,12
"17539","D_obs",6083,2844,0,19
"17540","D_obs",6083,2845,0,16
"17541","D_obs",6083,2846,0,11
"17542","D_obs",6083,2847,0,22
"17543","D_obs",6083,2848,0,15
"17544","D_obs",6083,2849,0,27
"17545","D_obs",6083,2850,0,8
"17546","D_obs",6083,2851,0,14
"17547","D_obs",6083,2852,0,13
"17548","D_obs",6083,2853,0,25
"17549","D_obs",6083,2854,0,23
"17550","D_obs",6083,2855,0,22
"17551","D_obs",6083,2856,0,20
"17552","D_obs",6083,2857,0,25
"17553","D_obs",6083,2858,0,21
"17554","D_obs",6083,2859,0,23
"17555","D_obs",6083,2860,0,36
"17556","D_obs",6083,2861,0,39
"17557","D_obs",6083,2862,0,53
"17558","D_obs",6083,2863,0,57
"17559","D_obs",6083,2864,0,38
"17560","D_obs",6083,2865,0,38
"17561","D_obs",6083,2866,0,48
"17562","D_obs",6083,2867,0,56
"17563","D_obs",6083,2868,0,58
"17564","D_obs",6083,2869,0,60
"17565","D_obs",6083,2870,0,69
"17566","D_obs",6083,2871,0,62
"17567","D_obs",6083,2872,0,41
"17568","D_obs",6083,2873,0,53
"17569","D_obs",6083,2874,0,53
"17570","D_obs",6083,2875,0,39
"17571","D_obs",6083,2876,0,38
"17572","D_obs",6083,2877,0,38
"17573","D_obs",6083,2878,0,40
"17574","D_obs",6083,2879,0,37
"17575","D_obs",6083,2880,0,25
"17576","D_obs",6083,2881,0,42
"17577","D_obs",6083,2882,0,29
"17578","D_obs",6083,2883,0,38
"17579","D_obs",6083,2884,0,36
"17580","D_obs",6083,2885,0,30
"17581","D_obs",6083,2886,0,32
"17582","D_obs",6083,2887,0,27
"17583","D_obs",6083,2888,0,29
"17584","D_obs",6083,2889,0,25
"17585","D_obs",6083,2890,0,24
"17586","D_obs",6083,2891,0,40
"17587","D_obs",6083,2892,0,20
"17588","D_obs",6083,2893,0,17
"17589","D_obs",6083,2894,0,21
"17590","D_obs",6083,2895,0,15
"17591","D_obs",6083,2896,0,23
"17592","D_obs",6083,2897,0,19
"17593","D_obs",6083,2898,0,13
"17594","D_obs",6083,2899,0,17
"17595","D_obs",6083,2900,0,19
"17596","D_obs",6083,2901,0,23
"17597","D_obs",6083,2902,0,19
"17598","D_obs",6083,2903,0,10
"17599","D_obs",6083,2904,0,19
"17600","D_obs",6083,2905,0,10
"17601","D_obs",6083,2906,0,18
"17602","D_obs",6083,2907,0,14
"17603","D_obs",6083,2908,0,23
"17604","D_obs",6083,2909,0,18
"17605","D_obs",6083,2910,0,17
"17606","D_obs",6083,2911,0,17
"17607","D_obs",6083,2912,0,21
"17608","D_obs",6083,2913,0,15
"17609","D_obs",6083,2914,0,19
"17610","D_obs",6083,2915,0,24
"17611","D_obs",6083,2916,0,20
"17612","D_obs",6083,2917,0,22
"17613","D_obs",6083,2918,0,24
"17614","D_obs",6083,2919,0,30
"17615","D_obs",6083,2920,0,33
"17616","D_obs",6083,2921,0,25
"17617","D_obs",6083,2922,0,24
"17618","D_obs",6083,2923,0,18
"17619","D_obs",6083,2924,0,31
"17620","D_obs",6083,2925,0,20
"17621","D_obs",6083,2926,0,24
"17622","D_obs",6083,2927,0,30
"17623","D_obs",6083,2928,0,17
"17624","D_obs",6083,2929,0,25
"17625","D_obs",6083,2930,0,20
"17626","D_obs",6083,2931,0,12
"17627","D_obs",6083,2932,0,17
"17628","D_obs",6083,2933,0,19
"17629","D_obs",6083,2934,0,20
"17630","D_obs",6083,2935,0,11
"17631","D_obs",6083,2936,0,12
"17632","D_obs",6083,2937,0,16
"17633","D_obs",6083,2938,0,14
"17634","D_obs",6083,2939,0,12
"17635","D_obs",6083,2940,0,16
"17636","D_obs",6083,2941,0,16
"17637","D_obs",6083,2942,0,6
"17638","D_obs",6083,2943,0,11
"17639","D_obs",6083,2944,0,15
"17640","D_obs",6083,2945,0,13
"17641","D_obs",6083,2946,0,10
"17642","D_obs",6083,2947,0,9
"17643","D_obs",6083,2948,0,15
"17644","D_obs",6083,2949,0,10
"17645","D_obs",6083,2950,0,7
"17646","D_obs",6083,2951,0,16
"17647","D_obs",6083,2952,0,4
"17648","D_obs",6083,2953,0,12
"17649","D_obs",6083,2954,0,11
"17650","D_obs",6083,2955,0,17
"17651","D_obs",6083,2956,0,10
"17652","D_obs",6083,2957,0,9
"17653","D_obs",6083,2958,0,9
"17654","D_obs",6083,2959,0,12
"17655","D_obs",6083,2960,0,6
"17656","D_obs",6083,2961,0,11
"17657","D_obs",6083,2962,0,16
"17658","D_obs",6083,2963,0,13
"17659","D_obs",6083,2964,0,16
"17660","D_obs",6083,2965,0,17
"17661","D_obs",6083,2966,0,18
"17662","D_obs",6083,2967,0,17
"17663","D_obs",6083,2968,0,25
"17664","D_obs",6083,2969,0,22
"17665","D_obs",6083,2970,0,20
"17666","D_obs",6083,2971,0,15
"17667","D_obs",6083,2972,0,25
"17668","D_obs",6083,2973,0,27
"17669","D_obs",6083,2974,0,20
"17670","D_obs",6083,2975,0,23
"17671","D_obs",6083,2976,0,24
"17672","D_obs",6083,2977,0,17
"17673","D_obs",6083,2978,0,19
"17674","D_obs",6083,2979,0,24
"17675","D_obs",6083,2980,0,12
"17676","D_obs",6083,2981,0,22
"17677","D_obs",6083,2982,0,14
"17678","D_obs",6083,2983,0,15
"17679","D_obs",6083,2984,0,13
"17680","D_obs",6083,2985,0,22
"17681","D_obs",6083,2986,0,10
"17682","D_obs",6083,2987,0,14
"17683","D_obs",6083,2988,0,19
"17684","D_obs",6083,2989,0,14
"17685","D_obs",6083,2990,0,13
"17686","D_obs",6083,2991,0,14
"17687","D_obs",6083,2992,0,12
"17688","D_obs",6083,2993,0,18
"17689","D_obs",6083,2994,0,11
"17690","D_obs",6083,2995,0,10
"17691","D_obs",6083,2996,0,8
"17692","D_obs",6083,2997,0,12
"17693","D_obs",6083,2998,0,13
"17694","D_obs",6083,2999,0,17
"17695","D_obs",6083,3000,0,15
"17696","D_obs",6083,3001,0,12
"17697","D_obs",6083,3002,0,17
"17698","D_obs",6083,3003,0,15
"17699","D_obs",6083,3004,0,14
"17700","D_obs",6083,3005,0,11
"17701","D_obs",6083,3006,0,11
"17702","D_obs",6083,3007,0,15
"17703","D_obs",6083,3008,0,7
"17704","D_obs",6083,3009,0,13
"17705","D_obs",6083,3010,0,20
"17706","D_obs",6083,3011,0,12
"17707","D_obs",6083,3012,0,13
"17708","D_obs",6083,3013,0,19
"17709","D_obs",6083,3014,0,17
"17710","D_obs",6083,3015,0,27
"17711","D_obs",6083,3016,0,16
"17712","D_obs",6083,3017,0,24
"17713","D_obs",6083,3018,0,18
"17714","D_obs",6083,3019,0,18
"17715","D_obs",6083,3020,0,14
"17716","D_obs",6083,3021,0,16
"17717","D_obs",6083,3022,0,20
"17718","D_obs",6083,3023,0,20
"17719","D_obs",6083,3024,0,20
"17720","D_obs",6083,3025,0,29
"17721","D_obs",6083,3026,0,16
"17722","D_obs",6083,3027,0,23
"17723","D_obs",6083,3028,0,15
"17724","D_obs",6083,3029,0,26
"17725","D_obs",6083,3030,0,27
"17726","D_obs",6083,3031,0,23
"17727","D_obs",6083,3032,0,30
"17728","D_obs",6083,3033,0,14
"17729","D_obs",6083,3034,0,14
"17730","D_obs",6083,3035,0,19
"17731","D_obs",6083,3036,0,16
"17732","D_obs",6083,3037,0,24
"17733","D_obs",6083,3038,0,13
"17734","D_obs",6083,3039,0,11
"17735","D_obs",6083,3040,0,22
"17736","D_obs",6083,3041,0,9
"17737","D_obs",6083,3042,0,13
"17738","D_obs",6083,3043,0,11
"17739","D_obs",6083,3044,0,13
"17740","D_obs",6083,3045,0,10
"17741","D_obs",6083,3046,0,5
"17742","D_obs",6083,3047,0,12
"17743","D_obs",6083,3048,0,9
"17744","D_obs",6083,3049,0,11
"17745","D_obs",6083,3050,0,11
"17746","D_obs",6083,3051,0,6
"17747","D_obs",6083,3052,0,10
"17748","D_obs",6083,3053,0,9
"17749","D_obs",6083,3054,0,6
"17750","D_obs",6083,3055,0,10
"17751","D_obs",6083,3056,0,10
"17752","D_obs",6083,3057,0,7
"17753","D_obs",6083,3058,0,7
"17754","D_obs",6083,3059,0,15
"17755","D_obs",6083,3060,0,8
"17756","D_obs",6083,3061,0,12
"17757","D_obs",6083,3062,0,10
"17758","D_obs",6083,3063,0,7
"17759","D_obs",6083,3064,0,10
"17760","D_obs",6083,3065,0,10
"17761","D_obs",6083,3066,0,5
"17762","D_obs",6083,3067,0,6
"17763","D_obs",6083,3068,0,13
"17764","D_obs",6083,3069,0,11
"17765","D_obs",6083,3070,0,5
"17766","D_obs",6083,3071,0,15
"17767","D_obs",6083,3072,0,15
"17768","D_obs",6083,3073,0,10
"17769","D_obs",6083,3074,0,13
"17770","D_obs",6083,3075,0,10
"17771","D_obs",6083,3076,0,13
"17772","D_obs",6083,3077,0,10
"17773","D_obs",6083,3078,0,9
"17774","D_obs",6083,3079,0,13
"17775","D_obs",6083,3080,0,8
"17776","D_obs",6083,3081,0,13
"17777","D_obs",6083,3082,0,15
"17778","D_obs",6083,3083,0,19
"17779","D_obs",6083,3084,0,20
"17780","D_obs",6083,3085,0,8
"17781","D_obs",6083,3086,0,17
"17782","D_obs",6083,3087,0,14
"17783","D_obs",6083,3088,0,17
"17784","D_obs",6083,3089,0,9
"17785","D_obs",6083,3090,0,13
"17786","D_obs",6083,3091,0,9
"17787","D_obs",6083,3092,0,14
"17788","D_obs",6083,3093,0,14
"17789","D_obs",6083,3094,0,11
"17790","D_obs",6083,3095,0,16
"17791","D_obs",6083,3096,0,10
"17792","D_obs",6083,3097,0,4
"17793","D_obs",6083,3098,0,12
"17794","D_obs",6083,3099,0,13
"17795","D_obs",6083,3100,0,17
"17796","D_obs",6083,3101,0,19
"17797","D_obs",6083,3102,0,14
"17798","D_obs",6083,3103,0,17
"17799","D_obs",6083,3104,0,19
"17800","D_obs",6083,3105,0,20
"17801","D_obs",6083,3106,0,25
"17802","D_obs",6083,3107,0,13
"17803","D_obs",6083,3108,0,23
"17804","D_obs",6083,3109,0,12
"17805","D_obs",6083,3110,0,21
"17806","D_obs",6083,3111,0,29
"17807","D_obs",6083,3112,0,28
"17808","D_obs",6083,3113,0,21
"17809","D_obs",6083,3114,0,21
"17810","D_obs",6083,3115,0,23
"17811","D_obs",6083,3116,0,20
"17812","D_obs",6083,3117,0,24
"17813","D_obs",6083,3118,0,33
"17814","D_obs",6083,3119,0,21
"17815","D_obs",6083,3120,0,33
"17816","D_obs",6083,3121,0,28
"17817","D_obs",6083,3122,0,38
"17818","D_obs",6083,3123,0,34
"17819","D_obs",6083,3124,0,31
"17820","D_obs",6083,3125,0,27
"17821","D_obs",6083,3126,0,32
"17822","D_obs",6083,3127,0,33
"17823","D_obs",6083,3128,0,24
"17824","D_obs",6083,3129,0,28
"17825","D_obs",6083,3130,0,39
"17826","D_obs",6083,3131,0,36
"17827","D_obs",6083,3132,0,32
"17828","D_obs",6083,3133,0,32
"17829","D_obs",6083,3134,0,29
"17830","D_obs",6083,3135,0,31
"17831","D_obs",6083,3136,0,23
"17832","D_obs",6083,3137,0,35
"17833","D_obs",6083,3138,0,25
"17834","D_obs",6083,3139,0,22
"17835","D_obs",6083,3140,0,32
"17836","D_obs",6083,3141,0,35
"17837","D_obs",6083,3142,0,26
"17838","D_obs",6083,3143,0,35
"17839","D_obs",6083,3144,0,30
"17840","D_obs",6083,3145,0,19
"17841","D_obs",6083,3146,0,26
"17842","D_obs",6083,3147,0,19
"17843","D_obs",6083,3148,0,21
"17844","D_obs",6083,3149,0,15
"17845","D_obs",6083,3150,0,30
"17846","D_obs",6083,3151,0,17
"17847","D_obs",6083,3152,0,30
"17848","D_obs",6083,3153,0,19
"17849","D_obs",6083,3154,0,18
"17850","D_obs",6083,3155,0,24
"17851","D_obs",6083,3156,0,28
"17852","D_obs",6083,3157,0,21
"17853","D_obs",6083,3158,0,15
"17854","D_obs",6083,3159,0,26
"17855","D_obs",6083,3160,0,29
"17856","D_obs",6083,3161,0,27
"17857","D_obs",6083,3162,0,24
"17858","D_obs",6083,3163,0,38
"17859","D_obs",6083,3164,0,29
"17860","D_obs",6083,3165,0,38
"17861","D_obs",6083,3166,0,35
"17862","D_obs",6083,3167,0,34
"17863","D_obs",6083,3168,0,36
"17864","D_obs",6083,3169,0,32
"17865","D_obs",6083,3170,0,44
"17866","D_obs",6083,3171,0,26
"17867","D_obs",6083,3172,0,48
"17868","D_obs",6083,3173,0,33
"17869","D_obs",6083,3174,0,30
"17870","D_obs",6083,3175,0,36
"17871","D_obs",6083,3176,0,25
"17872","D_obs",6083,3177,0,34
"17873","D_obs",6083,3178,0,41
"17874","D_obs",6083,3179,0,39
"17875","D_obs",6083,3180,0,34
"17876","D_obs",6083,3181,0,40
"17877","D_obs",6083,3182,0,33
"17878","D_obs",6083,3183,0,43
"17879","D_obs",6083,3184,0,47
"17880","D_obs",6083,3185,0,37
"17881","D_obs",6083,3186,0,42
"17882","D_obs",6083,3187,0,34
"17883","D_obs",6083,3188,0,30
"17884","D_obs",6083,3189,0,29
"17885","D_obs",6083,3190,0,32
"17886","D_obs",6083,3191,0,27
"17887","D_obs",6083,3192,0,35
"17888","D_obs",6083,3193,0,26
"17889","D_obs",6083,3194,0,25
"17890","D_obs",6083,3195,0,9
"17891","D_obs",6083,3196,0,22
"17892","D_obs",6083,3197,0,23
"17893","D_obs",6083,3198,0,24
"17894","D_obs",6083,3199,0,20
"17895","D_obs",6083,3200,0,20
"17896","D_obs",6083,3201,0,17
"17897","D_obs",6083,3202,0,19
"17898","D_obs",6083,3203,0,13
"17899","D_obs",6083,3204,0,23
"17900","D_obs",6083,3205,0,20
"17901","D_obs",6083,3206,0,29
"17902","D_obs",6083,3207,0,30
"17903","D_obs",6083,3208,0,25
"17904","D_obs",6083,3209,0,30
"17905","D_obs",6083,3210,0,25
"17906","D_obs",6083,3211,0,20
"17907","D_obs",6083,3212,0,20
"17908","D_obs",6083,3213,0,14
"17909","D_obs",6083,3214,0,17
"17910","D_obs",6083,3215,0,19
"17911","D_obs",6083,3216,0,18
"17912","D_obs",6083,3217,0,19
"17913","D_obs",6083,3218,0,17
"17914","D_obs",6083,3219,0,16
"17915","D_obs",6083,3220,0,24
"17916","D_obs",6083,3221,0,29
"17917","D_obs",6083,3222,0,18
"17918","D_obs",6083,3223,0,19
"17919","D_obs",6083,3224,0,14
"17920","D_obs",6083,3225,0,17
"17921","D_obs",6083,3226,0,13
"17922","D_obs",6083,3227,0,13
"17923","D_obs",6083,3228,0,15
"17924","D_obs",6083,3229,0,15
"17925","D_obs",6083,3230,0,18
"17926","D_obs",6083,3231,0,9
"17927","D_obs",6083,3232,0,12
"17928","D_obs",6083,3233,0,18
"17929","D_obs",6083,3234,0,17
"17930","D_obs",6083,3235,0,10
"17931","D_obs",6083,3236,0,9
"17932","D_obs",6083,3237,0,8
"17933","D_obs",6083,3238,0,14
"17934","D_obs",6083,3239,0,19
"17935","D_obs",6083,3240,0,18
"17936","D_obs",6083,3241,0,13
"17937","D_obs",6083,3242,0,14
"17938","D_obs",6083,3243,0,14
"17939","D_obs",6083,3244,0,14
"17940","D_obs",6083,3245,0,12
"17941","D_obs",6083,3246,0,9
"17942","D_obs",6083,3247,0,7
"17943","D_obs",6083,3248,0,11
"17944","D_obs",6083,3249,0,15
"17945","D_obs",6083,3250,0,18
"17946","D_obs",6083,3251,0,10
"17947","D_obs",6083,3252,0,7
"17948","D_obs",6083,3253,0,6
"17949","D_obs",6083,3254,0,4
"17950","D_obs",6083,3255,0,15
"17951","D_obs",6083,3256,0,13
"17952","D_obs",6083,3257,0,11
"17953","D_obs",6083,3258,0,15
"17954","D_obs",6083,3259,0,9
"17955","D_obs",6083,3260,0,9
"17956","D_obs",6083,3261,0,13
"17957","D_obs",6083,3262,0,11
"17958","D_obs",6083,3263,0,13
"17959","D_obs",6083,3264,0,10
"17960","D_obs",6083,3265,0,17
"17961","D_obs",6083,3266,0,17
"17962","D_obs",6083,3267,0,12
"17963","D_obs",6083,3268,0,11
"17964","D_obs",6083,3269,0,18
"17965","D_obs",6083,3270,0,12
"17966","D_obs",6083,3271,0,20
"17967","D_obs",6083,3272,0,23
"17968","D_obs",6083,3273,0,14
"17969","D_obs",6083,3274,0,24
"17970","D_obs",6083,3275,0,15
"17971","D_obs",6083,3276,0,21
"17972","D_obs",6083,3277,0,27
"17973","D_obs",6083,3278,0,21
"17974","D_obs",6083,3279,0,20
"17975","D_obs",6083,3280,0,19
"17976","D_obs",6083,3281,0,13
"17977","D_obs",6083,3282,0,24
"17978","D_obs",6083,3283,0,22
"17979","D_obs",6083,3284,0,25
"17980","D_obs",6083,3285,0,23
"17981","D_obs",6083,3286,0,19
"17982","D_obs",6083,3287,0,23
"17983","D_obs",6083,3288,0,19
"17984","D_obs",6083,3289,0,14
"17985","D_obs",6083,3290,0,27
"17986","D_obs",6083,3291,0,17
"17987","D_obs",6083,3292,0,19
"17988","D_obs",6083,3293,0,19
"17989","D_obs",6083,3294,0,25
"17990","D_obs",6083,3295,0,17
"17991","D_obs",6083,3296,0,11
"17992","D_obs",6083,3297,0,22
"17993","D_obs",6083,3298,0,25
"17994","D_obs",6083,3299,0,26
"17995","D_obs",6083,3300,0,19
"17996","D_obs",6083,3301,0,19
"17997","D_obs",6083,3302,0,23
"17998","D_obs",6083,3303,0,13
"17999","D_obs",6083,3304,0,20
"18000","D_obs",6083,3305,0,15
"18001","D_obs",6083,3306,0,21
"18002","D_obs",6083,3307,0,16
"18003","D_obs",6083,3308,0,17
"18004","D_obs",6083,3309,0,27
"18005","D_obs",6083,3310,0,10
"18006","D_obs",6083,3311,0,11
"18007","D_obs",6083,3312,0,13
"18008","D_obs",6083,3313,0,10
"18009","D_obs",6083,3314,0,11
"18010","D_obs",6083,3315,0,16
"18011","D_obs",6083,3316,0,12
"18012","D_obs",6083,3317,0,19
"18013","D_obs",6083,3318,0,13
"18014","D_obs",6083,3319,0,22
"18015","D_obs",6083,3320,0,18
"18016","D_obs",6083,3321,0,15
"18017","D_obs",6083,3322,0,15
"18018","D_obs",6083,3323,0,11
"18019","D_obs",6083,3324,0,20
"18020","D_obs",6083,3325,0,17
"18021","D_obs",6083,3326,0,24
"18022","D_obs",6083,3327,0,15
"18023","D_obs",6083,3328,0,23
"18024","D_obs",6083,3329,0,15
"18025","D_obs",6083,3330,0,16
"18026","D_obs",6083,3331,0,16
"18027","D_obs",6083,3332,0,18
"18028","D_obs",6083,3333,0,11
"18029","D_obs",6083,3334,0,17
"18030","D_obs",6083,3335,0,27
"18031","D_obs",6083,3336,0,24
"18032","D_obs",6083,3337,0,16
"18033","D_obs",6083,3338,0,15
"18034","D_obs",6083,3339,0,11
"18035","D_obs",6083,3340,0,18
"18036","D_obs",6083,3341,0,21
"18037","D_obs",6083,3342,0,20
"18038","D_obs",6083,3343,0,19
"18039","D_obs",6083,3344,0,26
"18040","D_obs",6083,3345,0,16
"18041","D_obs",6083,3346,0,19
"18042","D_obs",6083,3347,0,12
"18043","D_obs",6083,3348,0,19
"18044","D_obs",6083,3349,0,21
"18045","D_obs",6083,3350,0,15
"18046","D_obs",6083,3351,0,14
"18047","D_obs",6083,3352,0,13
"18048","D_obs",6083,3353,0,14
"18049","D_obs",6083,3354,0,17
"18050","D_obs",6083,3355,0,11
"18051","D_obs",6083,3356,0,10
"18052","D_obs",6083,3357,0,8
"18053","D_obs",6083,3358,0,13
"18054","D_obs",6083,3359,0,7
"18055","D_obs",6083,3360,0,13
"18056","D_obs",6083,3361,0,10
"18057","D_obs",6083,3362,0,15
"18058","D_obs",6083,3363,0,8
"18059","D_obs",6083,3364,0,9
"18060","D_obs",6083,3365,0,13
"18061","D_obs",6083,3366,0,10
"18062","D_obs",6083,3367,0,17
"18063","D_obs",6083,3368,0,9
"18064","D_obs",6083,3369,0,9
"18065","D_obs",6083,3370,0,15
"18066","D_obs",6083,3371,0,14
"18067","D_obs",6083,3372,0,10
"18068","D_obs",6083,3373,0,14
"18069","D_obs",6083,3374,0,11
"18070","D_obs",6083,3375,0,18
"18071","D_obs",6083,3376,0,13
"18072","D_obs",6083,3377,0,20
"18073","D_obs",6083,3378,0,18
"18074","D_obs",6083,3379,0,12
"18075","D_obs",6083,3380,0,16
"18076","D_obs",6083,3381,0,18
"18077","D_obs",6083,3382,0,15
"18078","D_obs",6083,3383,0,11
"18079","D_obs",6083,3384,0,10
"18080","D_obs",6083,3385,0,26
"18081","D_obs",6083,3386,0,19
"18082","D_obs",6083,3387,0,19
"18083","D_obs",6083,3388,0,20
"18084","D_obs",6083,3389,0,18
"18085","D_obs",6083,3390,0,16
"18086","D_obs",6083,3391,0,22
"18087","D_obs",6083,3392,0,20
"18088","D_obs",6083,3393,0,20
"18089","D_obs",6083,3394,0,27
"18090","D_obs",6083,3395,0,27
"18091","D_obs",6083,3396,0,21
"18092","D_obs",6083,3397,0,18
"18093","D_obs",6083,3398,0,19
"18094","D_obs",6083,3399,0,9
"18095","D_obs",6083,3400,0,11
"18096","D_obs",6083,3401,0,19
"18097","D_obs",6083,3402,0,15
"18098","D_obs",6083,3403,0,17
"18099","D_obs",6083,3404,0,17
"18100","D_obs",6083,3405,0,12
"18101","D_obs",6083,3406,0,19
"18102","D_obs",6083,3407,0,9
"18103","D_obs",6083,3408,0,11
"18104","D_obs",6083,3409,0,8
"18105","D_obs",6083,3410,0,8
"18106","D_obs",6083,3411,0,10
"18107","D_obs",6083,3412,0,15
"18108","D_obs",6083,3413,0,22
"18109","D_obs",6083,3414,0,19
"18110","D_obs",6083,3415,0,12
"18111","D_obs",6083,3416,0,10
"18112","D_obs",6083,3417,0,13
"18113","D_obs",6083,3418,0,10
"18114","D_obs",6083,3419,0,11
"18115","D_obs",6083,3420,0,16
"18116","D_obs",6083,3421,0,6
"18117","D_obs",6083,3422,0,17
"18118","D_obs",6083,3423,0,10
"18119","D_obs",6083,3424,0,10
"18120","D_obs",6083,3425,0,8
"18121","D_obs",6083,3426,0,12
"18122","D_obs",6083,3427,0,8
"18123","D_obs",6083,3428,0,8
"18124","D_obs",6083,3429,0,8
"18125","D_obs",6083,3430,0,7
"18126","D_obs",6083,3431,0,8
"18127","D_obs",6083,3432,0,10
"18128","D_obs",6083,3433,0,17
"18129","D_obs",6083,3434,0,7
"18130","D_obs",6083,3435,0,5
"18131","D_obs",6083,3436,0,8
"18132","D_obs",6083,3437,0,3
"18133","D_obs",6083,3438,0,9
"18134","D_obs",6083,3439,0,10
"18135","D_obs",6083,3440,0,7
"18136","D_obs",6083,3441,0,7
"18137","D_obs",6083,3442,0,14
"18138","D_obs",6083,3443,0,10
"18139","D_obs",6083,3444,0,13
"18140","D_obs",6083,3445,0,17
"18141","D_obs",6083,3446,0,12
"18142","D_obs",6083,3447,0,7
"18143","D_obs",6083,3448,0,9
"18144","D_obs",6083,3449,0,11
"18145","D_obs",6083,3450,0,6
"18146","D_obs",6083,3451,0,14
"18147","D_obs",6083,3452,0,12
"18148","D_obs",6083,3453,0,11
"18149","D_obs",6083,3454,0,8
"18150","D_obs",6083,3455,0,8
"18151","D_obs",6083,3456,0,12
"18152","D_obs",6083,3457,0,8
"18153","D_obs",6083,3458,0,7
"18154","D_obs",6083,3459,0,4
"18155","D_obs",6083,3460,0,7
"18156","D_obs",6083,3461,0,7
"18157","D_obs",6083,3462,0,9
"18158","D_obs",6083,3463,0,7
"18159","D_obs",6083,3464,0,4
"18160","D_obs",6083,3465,0,4
"18161","D_obs",6083,3466,0,8
"18162","D_obs",6083,3467,0,6
"18163","D_obs",6083,3468,0,7
"18164","D_obs",6083,3469,0,6
"18165","D_obs",6083,3470,0,10
"18166","D_obs",6083,3471,0,2
"18167","D_obs",6083,3472,0,9
"18168","D_obs",6083,3473,0,5
"18169","D_obs",6083,3474,0,4
"18170","D_obs",6083,3475,0,5
"18171","D_obs",6083,3476,0,7
"18172","D_obs",6083,3477,0,4
"18173","D_obs",6083,3478,0,11
"18174","D_obs",6083,3479,0,12
"18175","D_obs",6083,3480,0,4
"18176","D_obs",6083,3481,0,8
"18177","D_obs",6083,3482,0,5
"18178","D_obs",6083,3483,0,6
"18179","D_obs",6083,3484,0,8
"18180","D_obs",6083,3485,0,8
"18181","D_obs",6083,3486,0,7
"18182","D_obs",6083,3487,0,5
"18183","D_obs",6083,3488,0,5
"18184","D_obs",6083,3489,0,2
"18185","D_obs",6083,3490,0,8
"18186","D_obs",6083,3491,0,9
"18187","D_obs",6083,3492,0,7
"18188","D_obs",6083,3493,0,9
"18189","D_obs",6083,3494,0,6
"18190","D_obs",6083,3495,0,14
"18191","D_obs",6083,3496,0,7
"18192","D_obs",6083,3497,0,14
"18193","D_obs",6083,3498,0,6
"18194","D_obs",6083,3499,0,13
"18195","D_obs",6083,3500,0,8
"18196","D_obs",6083,3501,0,15
"18197","D_obs",6083,3502,0,9
"18198","D_obs",6083,3503,0,11
"18199","D_obs",6083,3504,0,12
"18200","D_obs",6083,3505,0,6
"18201","D_obs",6083,3506,0,7
"18202","D_obs",6083,3507,0,6
"18203","D_obs",6083,3508,0,6
"18204","D_obs",6083,3509,0,10
"18205","D_obs",6083,3510,0,7
"18206","D_obs",6083,3511,0,5
"18207","D_obs",6083,3512,0,4
"18208","D_obs",6083,3513,0,9
"18209","D_obs",6083,3514,0,8
"18210","D_obs",6083,3515,0,6
"18211","D_obs",6083,3516,0,3
"18212","D_obs",6083,3517,0,7
"18213","D_obs",6083,3518,0,7
"18214","D_obs",6083,3519,0,8
"18215","D_obs",6083,3520,0,5
"18216","D_obs",6083,3521,0,11
"18217","D_obs",6083,3522,0,4
"18218","D_obs",6083,3523,0,4
"18219","D_obs",6083,3524,0,6
"18220","D_obs",6083,3525,0,8
"18221","D_obs",6083,3526,0,7
"18222","D_obs",6083,3527,0,11
"18223","D_obs",6083,3528,0,5
"18224","D_obs",6083,3529,0,9
"18225","D_obs",6083,3530,0,12
"18226","D_obs",6083,3531,0,10
"18227","D_obs",6083,3532,0,4
"18228","D_obs",6083,3533,0,5
"18229","D_obs",6083,3534,0,6
"18230","D_obs",6083,3535,0,5
"18231","D_obs",6083,3536,0,6
"18232","D_obs",6083,3537,0,4
"18233","D_obs",6083,3538,0,10
"18234","D_obs",6083,3539,0,5
"18235","D_obs",6083,3540,0,4
"18236","D_obs",6083,3541,0,3
"18237","D_obs",6083,3542,0,3
"18238","D_obs",6083,3543,0,5
"18239","D_obs",6083,3544,0,14
"18240","D_obs",6083,3545,0,7
"18241","D_obs",6083,3546,0,8
"18242","D_obs",6083,3547,0,10
"18243","D_obs",6083,3548,0,8
"18244","D_obs",6083,3549,0,8
"18245","D_obs",6083,3550,0,8
"18246","D_obs",6083,3551,0,11
"18247","D_obs",6083,3552,0,6
"18248","D_obs",6083,3553,0,11
"18249","D_obs",6083,3554,0,8
"18250","D_obs",6083,3555,0,4
"18251","D_obs",6083,3556,0,7
"18252","D_obs",6083,3557,0,9
"18253","D_obs",6083,3558,0,9
"18254","D_obs",6083,3559,0,9
"18255","D_obs",6083,3560,0,8
"18256","D_obs",6083,3561,0,8
"18257","D_obs",6083,3562,0,4
"18258","D_obs",6083,3563,0,5
"18259","D_obs",6083,3564,0,5
"18260","D_obs",6083,3565,0,4
"18261","D_obs",6083,3566,0,6
"18262","D_obs",6083,3567,0,10
"18263","D_obs",6083,3568,0,6
"18264","D_obs",6083,3569,0,8
"18265","D_obs",6083,3570,0,8
"18266","D_obs",6083,3571,0,8
"18267","D_obs",6083,3572,0,3
"18268","D_obs",6083,3573,0,6
"18269","D_obs",6083,3574,0,9
"18270","D_obs",6083,3575,0,17
"18271","D_obs",6083,3576,0,14
"18272","D_obs",6083,3577,0,18
"18273","D_obs",6083,3578,0,17
"18274","D_obs",6083,3579,0,17
"18275","D_obs",6083,3580,0,21
"18276","D_obs",6083,3581,0,13
"18277","D_obs",6083,3582,0,12
"18278","D_obs",6083,3583,0,8
"18279","D_obs",6083,3584,0,17
"18280","D_obs",6083,3585,0,10
"18281","D_obs",6083,3586,0,20
"18282","D_obs",6083,3587,0,15
"18283","D_obs",6083,3588,0,10
"18284","D_obs",6083,3589,0,16
"18285","D_obs",6083,3590,0,12
"18286","D_obs",6083,3591,0,13
"18287","D_obs",6083,3592,0,14
"18288","D_obs",6083,3593,0,13
"18289","D_obs",6083,3594,0,9
"18290","D_obs",6083,3595,0,13
"18291","D_obs",6083,3596,0,14
"18292","D_obs",6083,3597,0,22
"18293","D_obs",6083,3598,0,13
"18294","D_obs",6083,3599,0,9
"18295","D_obs",6083,3600,0,12
"18296","D_obs",6083,3601,0,10
"18297","D_obs",6083,3602,0,4
"18298","D_obs",6083,3603,0,12
"18299","D_obs",6083,3604,0,12
"18300","D_obs",6083,3605,0,10
"18301","D_obs",6083,3606,0,12
"18302","D_obs",6083,3607,0,15
"18303","D_obs",6083,3608,0,15
"18304","D_obs",6083,3609,0,18
"18305","D_obs",6083,3610,0,14
"18306","D_obs",6083,3611,0,12
"18307","D_obs",6083,3612,0,11
"18308","D_obs",6083,3613,0,12
"18309","D_obs",6083,3614,0,14
"18310","D_obs",6083,3615,0,21
"18311","D_obs",6083,3616,0,4
"18312","D_obs",6083,3617,0,10
"18313","D_obs",6083,3618,0,5
"18314","D_obs",6083,3619,0,10
"18315","D_obs",6083,3620,0,11
"18316","D_obs",6083,3621,0,12
"18317","D_obs",6083,3622,0,10
"18318","D_obs",6083,3623,0,10
"18319","D_obs",6083,3624,0,9
"18320","D_obs",6083,3625,0,10
"18321","D_obs",6083,3626,0,12
"18322","D_obs",6083,3627,0,13
"18323","D_obs",6083,3628,0,8
"18324","D_obs",6083,3629,0,8
"18325","D_obs",6083,3630,0,13
"18326","D_obs",6083,3631,0,14
"18327","D_obs",6083,3632,0,8
"18328","D_obs",6083,3633,0,12
"18329","D_obs",6083,3634,0,9
"18330","D_obs",6083,3635,0,13
"18331","D_obs",6083,3636,0,6
"18332","D_obs",6083,3637,0,13
"18333","D_obs",6083,3638,0,8
"18334","D_obs",6083,3639,0,9
"18335","D_obs",6083,3640,0,16
"18336","D_obs",6083,3641,0,11
"18337","D_obs",6083,3642,0,14
"18338","D_obs",6083,3643,0,11
"18339","D_obs",6083,3644,0,9
"18340","D_obs",6083,3645,0,14
"18341","D_obs",6083,3646,0,7
"18342","D_obs",6083,3647,0,8
"18343","D_obs",6083,3648,0,9
"18344","D_obs",6083,3649,0,6
"18345","D_obs",6083,3650,0,10
"18346","D_obs",6083,3651,0,14
"18347","D_obs",6083,3652,0,13
"18348","D_obs",6083,3653,0,8
"18349","D_obs",6083,3654,0,9
"18350","D_obs",6083,3655,0,8
"18351","D_obs",6083,3656,0,5
"18352","D_obs",6083,3657,0,7
"18353","D_obs",6083,3658,0,10
"18354","D_obs",6083,3659,0,11
"18355","D_obs",6083,3660,0,12
"18356","D_obs",6083,3661,0,12
"18357","D_obs",6083,3662,0,13
"18358","D_obs",6083,3663,0,7
"18359","D_obs",6083,3664,0,11
"18360","D_obs",6083,3665,0,6
"18361","D_obs",6083,3666,0,8
"18362","D_obs",6083,3667,0,8
"18363","D_obs",6083,3668,0,9
"18364","D_obs",6083,3669,0,6
"18365","D_obs",6083,3670,0,7
"18366","D_obs",6083,3671,0,7
"18367","D_obs",6083,3672,0,7
"18368","D_obs",6083,3673,0,5
"18369","D_obs",6083,3674,0,5
"18370","D_obs",6083,3675,0,3
"18371","D_obs",6083,3676,0,4
"18372","D_obs",6083,3677,0,7
"18373","D_obs",6083,3678,0,9
"18374","D_obs",6083,3679,0,10
"18375","D_obs",6083,3680,0,7
"18376","D_obs",6083,3681,0,11
"18377","D_obs",6083,3682,0,5
"18378","D_obs",6083,3683,0,4
"18379","D_obs",6083,3684,0,11
"18380","D_obs",6083,3685,0,3
"18381","D_obs",6083,3686,0,5
"18382","D_obs",6083,3687,0,3
"18383","D_obs",6083,3688,0,9
"18384","D_obs",6083,3689,0,9
"18385","D_obs",6083,3690,0,9
"18386","D_obs",6083,3691,0,7
"18387","D_obs",6083,3692,0,7
"18388","D_obs",6083,3693,0,8
"18389","D_obs",6083,3694,0,4
"18390","D_obs",6083,3695,0,12
"18391","D_obs",6083,3696,0,3
"18392","D_obs",6083,3697,0,10
"18393","D_obs",6083,3698,0,3
"18394","D_obs",6083,3699,0,8
"18395","D_obs",6083,3700,0,2
"18396","D_obs",6083,3701,0,10
"18397","D_obs",6083,3702,0,8
"18398","D_obs",6083,3703,0,7
"18399","D_obs",6083,3704,0,5
"18400","D_obs",6083,3705,0,13
"18401","D_obs",6083,3706,0,7
"18402","D_obs",6083,3707,0,4
"18403","D_obs",6083,3708,0,6
"18404","D_obs",6083,3709,0,9
"18405","D_obs",6083,3710,0,0
"18406","D_obs",6083,3711,0,5
"18407","D_obs",6083,3712,0,7
"18408","D_obs",6083,3713,0,9
"18409","D_obs",6083,3714,0,10
"18410","D_obs",6083,3715,0,10
"18411","D_obs",6083,3716,0,10
"18412","D_obs",6083,3717,0,9
"18413","D_obs",6083,3718,0,3
"18414","D_obs",6083,3719,0,4
"18415","D_obs",6083,3720,0,9
"18416","D_obs",6083,3721,0,5
"18417","D_obs",6083,3722,0,5
"18418","D_obs",6083,3723,0,6
"18419","D_obs",6083,3724,0,2
"18420","D_obs",6083,3725,0,4
"18421","D_obs",6083,3726,0,4
"18422","D_obs",6083,3727,0,8
"18423","D_obs",6083,3728,0,4
"18424","D_obs",6083,3729,0,9
"18425","D_obs",6083,3730,0,10
"18426","D_obs",6083,3731,0,3
"18427","D_obs",6083,3732,0,7
"18428","D_obs",6083,3733,0,5
"18429","D_obs",6083,3734,0,4
"18430","D_obs",6083,3735,0,7
"18431","D_obs",6083,3736,0,4
"18432","D_obs",6083,3737,0,10
"18433","D_obs",6083,3738,0,3
"18434","D_obs",6083,3739,0,7
"18435","D_obs",6083,3740,0,9
"18436","D_obs",6083,3741,0,8
"18437","D_obs",6083,3742,0,4
"18438","D_obs",6083,3743,0,7
"18439","D_obs",6083,3744,0,2
"18440","D_obs",6083,3745,0,10
"18441","D_obs",6083,3746,0,4
"18442","D_obs",6083,3747,0,9
"18443","D_obs",6083,3748,0,6
"18444","D_obs",6083,3749,0,2
"18445","D_obs",6083,3750,0,14
"18446","D_obs",6083,3751,0,3
"18447","D_obs",6083,3752,0,9
"18448","D_obs",6083,3753,0,4
"18449","D_obs",6083,3754,0,11
"18450","D_obs",6083,3755,0,6
"18451","D_obs",6083,3756,0,8
"18452","D_obs",6083,3757,0,13
"18453","D_obs",6083,3758,0,9
"18454","D_obs",6083,3759,0,8
"18455","D_obs",6083,3760,0,19
"18456","D_obs",6083,3761,0,5
"18457","D_obs",6083,3762,0,9
"18458","D_obs",6083,3763,0,6
"18459","D_obs",6083,3764,0,3
"18460","D_obs",6083,3765,0,15
"18461","D_obs",6083,3766,0,9
"18462","D_obs",6083,3767,0,14
"18463","D_obs",6083,3768,0,7
"18464","D_obs",6083,3769,0,9
"18465","D_obs",6083,3770,0,10
"18466","D_obs",6083,3771,0,9
"18467","D_obs",6083,3772,0,12
"18468","D_obs",6083,3773,0,10
"18469","D_obs",6083,3774,0,14
"18470","D_obs",6083,3775,0,11
"18471","D_obs",6083,3776,0,7
"18472","D_obs",6083,3777,0,18
"18473","D_obs",6083,3778,0,4
"18474","D_obs",6083,3779,0,10
"18475","D_obs",6083,3780,0,13
"18476","D_obs",6083,3781,0,13
"18477","D_obs",6083,3782,0,9
"18478","D_obs",6083,3783,0,5
"18479","D_obs",6083,3784,0,9
"18480","D_obs",6083,3785,0,11
"18481","D_obs",6083,3786,0,4
"18482","D_obs",6083,3787,0,9
"18483","D_obs",6083,3788,0,11
"18484","D_obs",6083,3789,0,6
"18485","D_obs",6083,3790,0,7
"18486","D_obs",6083,3791,0,12
"18487","D_obs",6083,3792,0,11
"18488","D_obs",6083,3793,0,7
"18489","D_obs",6083,3794,0,6
"18490","D_obs",6083,3795,0,8
"18491","D_obs",6083,3796,0,9
"18492","D_obs",6083,3797,0,16
"18493","D_obs",6083,3798,0,10
"18494","D_obs",6083,3799,0,10
"18495","D_obs",6083,3800,0,11
"18496","D_obs",6083,3801,0,7
"18497","D_obs",6083,3802,0,8
"18498","D_obs",6083,3803,0,6
"18499","D_obs",6083,3804,0,17
"18500","D_obs",6083,3805,0,7
"18501","D_obs",6083,3806,0,9
"18502","D_obs",6083,3807,0,16
"18503","D_obs",6083,3808,0,13
"18504","D_obs",6083,3809,0,17
"18505","D_obs",6083,3810,0,13
"18506","D_obs",6083,3811,0,8
"18507","D_obs",6083,3812,0,6
"18508","D_obs",6083,3813,0,18
"18509","D_obs",6083,3814,0,13
"18510","D_obs",6083,3815,0,20
"18511","D_obs",6083,3816,0,18
"18512","D_obs",6083,3817,0,12
"18513","D_obs",6083,3818,0,9
"18514","D_obs",6083,3819,0,17
"18515","D_obs",6083,3820,0,13
"18516","D_obs",6083,3821,0,10
"18517","D_obs",6083,3822,0,5
"18518","D_obs",6083,3823,0,11
"18519","D_obs",6083,3824,0,9
"18520","D_obs",6083,3825,0,10
"18521","D_obs",6083,3826,0,6
"18522","D_obs",6083,3827,0,12
"18523","D_obs",6083,3828,0,10
"18524","D_obs",6083,3829,0,9
"18525","D_obs",6083,3830,0,8
"18526","D_obs",6083,3831,0,8
"18527","D_obs",6083,3832,0,7
"18528","D_obs",6083,3833,0,19
"18529","D_obs",6083,3834,0,6
"18530","D_obs",6083,3835,0,17
"18531","D_obs",6083,3836,0,11
"18532","D_obs",6083,3837,0,10
"18533","D_obs",6083,3838,0,15
"18534","D_obs",6083,3839,0,12
"18535","D_obs",6083,3840,0,6
"18536","D_obs",6083,3841,0,15
"18537","D_obs",6083,3842,0,13
"18538","D_obs",6083,3843,0,5
"18539","D_obs",6083,3844,0,17
"18540","D_obs",6083,3845,0,6
"18541","D_obs",6083,3846,0,12
"18542","D_obs",6083,3847,0,6
"18543","D_obs",6083,3848,0,6
"18544","D_obs",6083,3849,0,10
"18545","D_obs",6083,3850,0,8
"18546","D_obs",6083,3851,0,9
"18547","D_obs",6083,3852,0,7
"18548","D_obs",6083,3853,0,6
"18549","D_obs",6083,3854,0,4
"18550","D_obs",6083,3855,0,7
"18551","D_obs",6083,3856,0,10
"18552","D_obs",6083,3857,0,12
"18553","D_obs",6083,3858,0,19
"18554","D_obs",6083,3859,0,9
"18555","D_obs",6083,3860,0,15
"18556","D_obs",6083,3861,0,11
"18557","D_obs",6083,3862,0,17
"18558","D_obs",6083,3863,0,5
"18559","D_obs",6083,3864,0,8
"18560","D_obs",6083,3865,0,12
"18561","D_obs",6083,3866,0,12
"18562","D_obs",6083,3867,0,15
"18563","D_obs",6083,3868,0,9
"18564","D_obs",6083,3869,0,8
"18565","D_obs",6083,3870,0,8
"18566","D_obs",6083,3871,0,9
"18567","D_obs",6083,3872,0,11
"18568","D_obs",6083,3873,0,11
"18569","D_obs",6083,3874,0,8
"18570","D_obs",6083,3875,0,6
"18571","D_obs",6083,3876,0,8
"18572","D_obs",6083,3877,0,8
"18573","D_obs",6083,3878,0,6
"18574","D_obs",6083,3879,0,7
"18575","D_obs",6083,3880,0,8
"18576","D_obs",6083,3881,0,6
"18577","D_obs",6083,3882,0,8
"18578","D_obs",6083,3883,0,13
"18579","D_obs",6083,3884,0,9
"18580","D_obs",6083,3885,0,9
"18581","D_obs",6083,3886,0,8
"18582","D_obs",6083,3887,0,8
"18583","D_obs",6083,3888,0,9
"18584","D_obs",6083,3889,0,12
"18585","D_obs",6083,3890,0,13
"18586","D_obs",6083,3891,0,13
"18587","D_obs",6083,3892,0,11
"18588","D_obs",6083,3893,0,13
"18589","D_obs",6083,3894,0,10
"18590","D_obs",6083,3895,0,13
"18591","D_obs",6083,3896,0,13
"18592","D_obs",6083,3897,0,11
"18593","D_obs",6083,3898,0,15
"18594","D_obs",6083,3899,0,19
"18595","D_obs",6083,3900,0,13
"18596","D_obs",6083,3901,0,16
"18597","D_obs",6083,3902,0,8
"18598","D_obs",6083,3903,0,7
"18599","D_obs",6083,3904,0,14
"18600","D_obs",6083,3905,0,13
"18601","D_obs",6083,3906,0,12
"18602","D_obs",6083,3907,0,13
"18603","D_obs",6083,3908,0,14
"18604","D_obs",6083,3909,0,18
"18605","D_obs",6083,3910,0,19
"18606","D_obs",6083,3911,0,25
"18607","D_obs",6083,3912,0,26
"18608","D_obs",6083,3913,0,22
"18609","D_obs",6083,3914,0,16
"18610","D_obs",6083,3915,0,9
"18611","D_obs",6083,3916,0,18
"18612","D_obs",6083,3917,0,13
"18613","D_obs",6083,3918,0,19
"18614","D_obs",6083,3919,0,13
"18615","D_obs",6083,3920,0,24
"18616","D_obs",6083,3921,0,10
"18617","D_obs",6083,3922,0,17
"18618","D_obs",6083,3923,0,11
"18619","D_obs",6083,3924,0,24
"18620","D_obs",6083,3925,0,19
"18621","D_obs",6083,3926,0,12
"18622","D_obs",6083,3927,0,16
"18623","D_obs",6083,3928,0,16
"18624","D_obs",6083,3929,0,11
"18625","D_obs",6083,3930,0,10
"18626","D_obs",6083,3931,0,10
"18627","D_obs",6083,3932,0,14
"18628","D_obs",6083,3933,0,11
"18629","D_obs",6083,3934,0,15
"18630","D_obs",6083,3935,0,6
"18631","D_obs",6083,3936,0,12
"18632","D_obs",6083,3937,0,15
"18633","D_obs",6083,3938,0,8
"18634","D_obs",6083,3939,0,12
"18635","D_obs",6083,3940,0,10
"18636","D_obs",6083,3941,0,7
"18637","D_obs",6083,3942,0,8
"18638","D_obs",6083,3943,0,10
"18639","D_obs",6083,3944,0,10
"18640","D_obs",6083,3945,0,10
"18641","D_obs",6083,3946,0,7
"18642","D_obs",6083,3947,0,7
"18643","D_obs",6083,3948,0,9
"18644","D_obs",6083,3949,0,4
"18645","D_obs",6083,3950,0,6
"18646","D_obs",6083,3951,0,10
"18647","D_obs",6083,3952,0,10
"18648","D_obs",6083,3953,0,9
"18649","D_obs",6083,3954,0,9
"18650","D_obs",6083,3955,0,6
"18651","D_obs",6083,3956,0,13
"18652","D_obs",6083,3957,0,11
"18653","D_obs",6083,3958,0,6
"18654","D_obs",6083,3959,0,8
"18655","D_obs",6083,3960,0,3
"18656","D_obs",6083,3961,0,11
"18657","D_obs",6083,3962,0,12
"18658","D_obs",6083,3963,0,4
"18659","D_obs",6083,3964,0,6
"18660","D_obs",6083,3965,0,13
"18661","D_obs",6083,3966,0,10
"18662","D_obs",6083,3967,0,11
"18663","D_obs",6083,3968,0,8
"18664","D_obs",6083,3969,0,9
"18665","D_obs",6083,3970,0,14
"18666","D_obs",6083,3971,0,10
"18667","D_obs",6083,3972,0,14
"18668","D_obs",6083,3973,0,6
"18669","D_obs",6083,3974,0,7
"18670","D_obs",6083,3975,0,4
"18671","D_obs",6083,3976,0,11
"18672","D_obs",6083,3977,0,11
"18673","D_obs",6083,3978,0,7
"18674","D_obs",6083,3979,0,11
"18675","D_obs",6083,3980,0,9
"18676","D_obs",6083,3981,0,8
"18677","D_obs",6083,3982,0,8
"18678","D_obs",6083,3983,0,7
"18679","D_obs",6083,3984,0,9
"18680","D_obs",6083,3985,0,7
"18681","D_obs",6083,3986,0,9
"18682","D_obs",6083,3987,0,8
"18683","D_obs",6083,3988,0,11
"18684","D_obs",6083,3989,0,9
"18685","D_obs",6083,3990,0,8
"18686","D_obs",6083,3991,0,10
"18687","D_obs",6083,3992,0,10
"18688","D_obs",6083,3993,0,12
"18689","D_obs",6083,3994,0,6
"18690","D_obs",6083,3995,0,6
"18691","D_obs",6083,3996,0,8
"18692","D_obs",6083,3997,0,10
"18693","D_obs",6083,3998,0,10
"18694","D_obs",6083,3999,0,7
"18695","D_obs",6083,4000,0,3
"18696","D_obs",6083,4001,0,9
"18697","D_obs",6083,4002,0,6
"18698","D_obs",6083,4003,0,8
"18699","D_obs",6083,4004,0,4
"18700","D_obs",6083,4005,0,4
"18701","D_obs",6083,4006,0,9
"18702","D_obs",6083,4007,0,7
"18703","D_obs",6083,4008,0,6
"18704","D_obs",6083,4009,0,2
"18705","D_obs",6083,4010,0,5
"18706","D_obs",6083,4011,0,3
"18707","D_obs",6083,4012,0,8
"18708","D_obs",6083,4013,0,10
"18709","D_obs",6083,4014,0,10
"18710","D_obs",6083,4015,0,10
"18711","D_obs",6083,4016,0,3
"18712","D_obs",6083,4017,0,5
"18713","D_obs",6083,4018,0,6
"18714","D_obs",6083,4019,0,8
"18715","D_obs",6083,4020,0,3
"18716","D_obs",6083,4021,0,7
"18717","D_obs",6083,4022,0,11
"18718","D_obs",6083,4023,0,4
"18719","D_obs",6083,4024,0,5
"18720","D_obs",6083,4025,0,6
"18721","D_obs",6083,4026,0,8
"18722","D_obs",6083,4027,0,5
"18723","D_obs",6083,4028,0,2
"18724","D_obs",6083,4029,0,0
"18725","D_obs",6083,4030,0,10
"18726","D_obs",6083,4031,0,5
"18727","D_obs",6083,4032,0,6
"18728","D_obs",6083,4033,0,8
"18729","D_obs",6083,4034,0,4
"18730","D_obs",6083,4035,0,6
"18731","D_obs",6083,4036,0,9
"18732","D_obs",6083,4037,0,6
"18733","D_obs",6083,4038,0,10
"18734","D_obs",6083,4039,0,2
"18735","D_obs",6083,4040,0,4
"18736","D_obs",6083,4041,0,5
"18737","D_obs",6083,4042,0,6
"18738","D_obs",6083,4043,0,0
"18739","D_obs",6083,4044,0,6
"18740","D_obs",6083,4045,0,3
"18741","D_obs",6083,4046,0,4
"18742","D_obs",6083,4047,0,3
"18743","D_obs",6083,4048,0,6
"18744","D_obs",6083,4049,0,5
"18745","D_obs",6083,4050,0,3
"18746","D_obs",6083,4051,0,3
"18747","D_obs",6083,4052,0,2
"18748","D_obs",6083,4053,0,8
"18749","D_obs",6083,4054,0,4
"18750","D_obs",6083,4055,0,5
"18751","D_obs",6083,4056,0,2
"18752","D_obs",6083,4057,0,5
"18753","D_obs",6083,4058,0,1
"18754","D_obs",6083,4059,0,4
"18755","D_obs",6083,4060,0,3
"18756","D_obs",6083,4061,0,5
"18757","D_obs",6083,4062,0,2
"18758","D_obs",6083,4063,0,4
"18759","D_obs",6083,4064,0,3
"18760","D_obs",6083,4065,0,4
"18761","D_obs",6083,4066,0,3
"18762","D_obs",6083,4067,0,5
"18763","D_obs",6083,4068,0,4
"18764","D_obs",6083,4069,0,2
"18765","D_obs",6083,4070,0,3
"18766","D_obs",6083,4071,0,3
"18767","D_obs",6083,4072,0,8
"18768","D_obs",6083,4073,0,4
"18769","D_obs",6083,4074,0,3
"18770","D_obs",6083,4075,0,0
"18771","D_obs",6083,4076,0,2
"18772","D_obs",6083,4077,0,1
"18773","D_obs",6083,4078,0,3
"18774","D_obs",6083,4079,0,1
"18775","D_obs",6083,4080,0,5
"18776","D_obs",6083,4081,0,5
"18777","D_obs",6083,4082,0,3
"18778","D_obs",6083,4083,0,6
"18779","D_obs",6083,4084,0,1
"18780","D_obs",6083,4085,0,1
"18781","D_obs",6083,4086,0,6
"18782","D_obs",6083,4087,0,2
"18783","D_obs",6083,4088,0,3
"18784","D_obs",6083,4089,0,4
"18785","D_obs",6083,4090,0,3
"18786","D_obs",6083,4091,0,3
"18787","D_obs",6083,4092,0,3
"18788","D_obs",6083,4093,0,3
"18789","D_obs",6083,4094,0,4
"18790","D_obs",6083,4095,0,2
"18791","D_obs",6083,4096,0,3
"18792","D_obs",6083,4097,0,4
"18793","D_obs",6083,4098,0,2
"18794","D_obs",6083,4099,0,6
"18795","D_obs",6083,4100,0,3
"18796","D_obs",6083,4101,0,1
"18797","D_obs",6083,4102,0,3
"18798","D_obs",6083,4103,0,6
"18799","D_obs",6083,4104,0,3
"18800","D_obs",6083,4105,0,5
"18801","D_obs",6083,4106,0,3
"18802","D_obs",6083,4107,0,6
"18803","D_obs",6083,4108,0,2
"18804","D_obs",6083,4109,0,3
"18805","D_obs",6083,4110,0,6
"18806","D_obs",6083,4111,0,2
"18807","D_obs",6083,4112,0,0
"18808","D_obs",6083,4113,0,13
"18809","D_obs",6083,4114,0,5
"18810","D_obs",6083,4115,0,0
"18811","D_obs",6083,4116,0,4
"18812","D_obs",6083,4117,0,4
"18813","D_obs",6083,4118,0,4
"18814","D_obs",6083,4119,0,4
"18815","D_obs",6083,4120,0,1
"18816","D_obs",6083,4121,0,4
"18817","D_obs",6083,4122,0,3
"18818","D_obs",6083,4123,0,7
"18819","D_obs",6083,4124,0,5
"18820","D_obs",6083,4125,0,3
"18821","D_obs",6083,4126,0,1
"18822","D_obs",6083,4127,0,3
"18823","D_obs",6083,4128,0,5
"18824","D_obs",6083,4129,0,2
"18825","D_obs",6083,4130,0,3
"18826","D_obs",6083,4131,0,3
"18827","D_obs",6083,4132,0,3
"18828","D_obs",6083,4133,0,0
"18829","D_obs",6083,4134,0,3
"18830","D_obs",6083,4135,0,0
"18831","D_obs",6083,4136,0,1
"18832","D_obs",6083,4137,0,2
"18833","D_obs",6083,4138,0,1
"18834","D_obs",6083,4139,0,2
"18835","D_obs",6083,4140,0,5
"18836","D_obs",6083,4141,0,2
"18837","D_obs",6083,4142,0,0
"18838","D_obs",6083,4143,0,1
"18839","D_obs",6083,4144,0,1
"18840","D_obs",6083,4145,0,2
"18841","D_obs",6083,4146,0,4
"18842","D_obs",6083,4147,0,1
"18843","D_obs",6083,4148,0,4
"18844","D_obs",6083,4149,0,3
"18845","D_obs",6083,4150,0,4
"18846","D_obs",6083,4151,0,4
"18847","D_obs",6083,4152,0,3
"18848","D_obs",6083,4153,0,2
"18849","D_obs",6083,4154,0,3
"18850","D_obs",6083,4155,0,6
"18851","D_obs",6083,4156,0,5
"18852","D_obs",6083,4157,0,3
"18853","D_obs",6083,4158,0,4
"18854","D_obs",6083,4159,0,4
"18855","D_obs",6083,4160,0,5
"18856","D_obs",6083,4161,0,2
"18857","D_obs",6083,4162,0,5
"18858","D_obs",6083,4163,0,3
"18859","D_obs",6083,4164,0,4
"18860","D_obs",6083,4165,0,1
"18861","D_obs",6083,4166,0,5
"18862","D_obs",6083,4167,0,2
"18863","D_obs",6083,4168,0,4
"18864","D_obs",6083,4169,0,2
"18865","D_obs",6083,4170,0,2
"18866","D_obs",6083,4171,0,3
"18867","D_obs",6083,4172,0,8
"18868","D_obs",6083,4173,0,1
"18869","D_obs",6083,4174,0,5
"18870","D_obs",6083,4175,0,4
"18871","D_obs",6083,4176,0,9
"18872","D_obs",6083,4177,0,6
"18873","D_obs",6083,4178,0,3
"18874","D_obs",6083,4179,0,0
"18875","D_obs",6083,4180,0,1
"18876","D_obs",6083,4181,0,3
"18877","D_obs",6083,4182,0,5
"18878","D_obs",6083,4183,0,7
"18879","D_obs",6083,4184,0,3
"18880","D_obs",6083,4185,0,9
"18881","D_obs",6083,4186,0,3
"18882","D_obs",6083,4187,0,2
"18883","D_obs",6083,4188,0,7
"18884","D_obs",6083,4189,0,3
"18885","D_obs",6083,4190,0,6
"18886","D_obs",6083,4191,0,4
"18887","D_obs",6083,4192,0,0
"18888","D_obs",6083,4193,0,3
"18889","D_obs",6083,4194,0,4
"18890","D_obs",6083,4195,0,1
"18891","D_obs",6083,4196,0,5
"18892","D_obs",6083,4197,0,4
"18893","D_obs",6083,4198,0,3
"18894","D_obs",6083,4199,0,4
"18895","D_obs",6083,4200,0,3
"18896","D_obs",6083,4201,0,3
"18897","D_obs",6083,4202,0,1
"18898","D_obs",6083,4203,0,4
"18899","D_obs",6083,4204,0,4
"18900","D_obs",6083,4205,0,1
"18901","D_obs",6083,4206,0,5
"18902","D_obs",6083,4207,0,2
"18903","D_obs",6083,4208,0,2
"18904","D_obs",6083,4209,0,3
"18905","D_obs",6083,4210,0,5
"18906","D_obs",6083,4211,0,4
"18907","D_obs",6083,4212,0,1
"18908","D_obs",6083,4213,0,5
"18909","D_obs",6083,4214,0,4
"18910","D_obs",6083,4215,0,8
"18911","D_obs",6083,4216,0,7
"18912","D_obs",6083,4217,0,1
"18913","D_obs",6083,4218,0,3
"18914","D_obs",6083,4219,0,2
"18915","D_obs",6083,4220,0,1
"18916","D_obs",6083,4221,0,2
"18917","D_obs",6083,4222,0,2
"18918","D_obs",6083,4223,0,3
"18919","D_obs",6083,4224,0,3
"18920","D_obs",6083,4225,0,4
"18921","D_obs",6083,4226,0,1
"18922","D_obs",6083,4227,0,1
"18923","D_obs",6083,4228,0,4
"18924","D_obs",6083,4229,0,3
"18925","D_obs",6083,4230,0,5
"18926","D_obs",6083,4231,0,0
"18927","D_obs",6083,4232,0,5
"18928","D_obs",6083,4233,0,7
"18929","D_obs",6083,4234,0,6
"18930","D_obs",6083,4235,0,5
"18931","D_obs",6083,4236,0,4
"18932","D_obs",6083,4237,0,4
"18933","D_obs",6083,4238,0,6
"18934","D_obs",6083,4239,0,3
"18935","D_obs",6083,4240,0,5
"18936","D_obs",6083,4241,0,4
"18937","D_obs",6083,4242,0,4
"18938","D_obs",6083,4243,0,3
"18939","D_obs",6083,4244,0,7
"18940","D_obs",6083,4245,0,1
"18941","D_obs",6083,4246,0,8
"18942","D_obs",6083,4247,0,10
"18943","D_obs",6083,4248,0,7
"18944","D_obs",6083,4249,0,2
"18945","D_obs",6083,4250,0,7
"18946","D_obs",6083,4251,0,5
"18947","D_obs",6083,4252,0,5
"18948","D_obs",6083,4253,0,6
"18949","D_obs",6083,4254,0,8
"18950","D_obs",6083,4255,0,6
"18951","D_obs",6083,4256,0,6
"18952","D_obs",6083,4257,0,3
"18953","D_obs",6083,4258,0,4
"18954","D_obs",6083,4259,0,8
"18955","D_obs",6083,4260,0,6
"18956","D_obs",6083,4261,0,3
"18957","D_obs",6083,4262,0,5
"18958","D_obs",6083,4263,0,1
"18959","D_obs",6083,4264,0,4
"18960","D_obs",6083,4265,0,7
"18961","D_obs",6083,4266,0,4
"18962","D_obs",6083,4267,0,3
"18963","D_obs",6083,4268,0,8
"18964","D_obs",6083,4269,0,4
"18965","D_obs",6083,4270,0,8
"18966","D_obs",6083,4271,0,12
"18967","D_obs",6083,4272,0,6
"18968","D_obs",6083,4273,0,5
"18969","D_obs",6083,4274,0,5
"18970","D_obs",6083,4275,0,4
"18971","D_obs",6083,4276,0,6
"18972","D_obs",6083,4277,0,3
"18973","D_obs",6083,4278,0,10
"18974","D_obs",6083,4279,0,6
"18975","D_obs",6083,4280,0,8
"18976","D_obs",6083,4281,0,10
"18977","D_obs",6083,4282,0,14
"18978","D_obs",6083,4283,0,10
"18979","D_obs",6083,4284,0,11
"18980","D_obs",6083,4285,0,10
"18981","D_obs",6083,4286,0,6
"18982","D_obs",6083,4287,0,10
"18983","D_obs",6083,4288,0,6
"18984","D_obs",6083,4289,0,10
"18985","D_obs",6083,4290,0,4
"18986","D_obs",6083,4291,0,6
"18987","D_obs",6083,4292,0,7
"18988","D_obs",6083,4293,0,13
"18989","D_obs",6083,4294,0,10
"18990","D_obs",6083,4295,0,6
"18991","D_obs",6083,4296,0,7
"18992","D_obs",6083,4297,0,7
"18993","D_obs",6083,4298,0,6
"18994","D_obs",6083,4299,0,13
"18995","D_obs",6083,4300,0,5
"18996","D_obs",6083,4301,0,4
"18997","D_obs",6083,4302,0,9
"18998","D_obs",6083,4303,0,13
"18999","D_obs",6083,4304,0,9
"19000","D_obs",6083,4305,0,5
"19001","D_obs",6083,4306,0,6
"19002","D_obs",6083,4307,0,5
"19003","D_obs",6083,4308,0,4
"19004","D_obs",6083,4309,0,7
"19005","D_obs",6083,4310,0,5
"19006","D_obs",6083,4311,0,9
"19007","D_obs",6083,4312,0,10
"19008","D_obs",6083,4313,0,4
"19009","D_obs",6083,4314,0,6
"19010","D_obs",6083,4315,0,4
"19011","D_obs",6083,4316,0,9
"19012","D_obs",6083,4317,0,5
"19013","D_obs",6083,4318,0,4
"19014","D_obs",6083,4319,0,5
"19015","D_obs",6083,4320,0,4
"19016","D_obs",6083,4321,0,3
"19017","D_obs",6083,4322,0,4
"19018","D_obs",6083,4323,0,5
"19019","D_obs",6083,4324,0,4
"19020","D_obs",6083,4325,0,3
"19021","D_obs",6083,4326,0,2
"19022","D_obs",6083,4327,0,3
"19023","D_obs",6083,4328,0,8
"19024","D_obs",6083,4329,0,4
"19025","D_obs",6083,4330,0,6
"19026","D_obs",6083,4331,0,9
"19027","D_obs",6083,4332,0,8
"19028","D_obs",6083,4333,0,10
"19029","D_obs",6083,4334,0,10
"19030","D_obs",6083,4335,0,5
"19031","D_obs",6083,4336,0,3
"19032","D_obs",6083,4337,0,5
"19033","D_obs",6083,4338,0,6
"19034","D_obs",6083,4339,0,6
"19035","D_obs",6083,4340,0,6
"19036","D_obs",6083,4341,0,7
"19037","D_obs",6083,4342,0,1
"19038","D_obs",6083,4343,0,6
"19039","D_obs",6083,4344,0,7
"19040","D_obs",6083,4345,0,2
"19041","D_obs",6083,4346,0,7
"19042","D_obs",6083,4347,0,5
"19043","D_obs",6083,4348,0,2
"19044","D_obs",6083,4349,0,3
"19045","D_obs",6083,4350,0,5
"19046","D_obs",6083,4351,0,1
"19047","D_obs",6083,4352,0,7
"19048","D_obs",6083,4353,0,2
"19049","D_obs",6083,4354,0,3
"19050","D_obs",6083,4355,0,8
"19051","D_obs",6083,4356,0,5
"19052","D_obs",6083,4357,0,6
"19053","D_obs",6083,4358,0,4
"19054","D_obs",6083,4359,0,1
"19055","D_obs",6083,4360,0,3
"19056","D_obs",6083,4361,0,2
"19057","D_obs",6083,4362,0,2
"19058","D_obs",6083,4363,0,1
"19059","D_obs",6083,4364,0,1
"19060","D_obs",6083,4365,0,3
"19061","D_obs",6083,4366,0,2
"19062","D_obs",6083,4367,0,4
"19063","D_obs",6083,4368,0,5
"19064","D_obs",6083,4369,0,3
"19065","D_obs",6083,4370,0,2
"19066","D_obs",6083,4371,0,1
"19067","D_obs",6083,4372,0,1
"19068","D_obs",6083,4373,0,1
"19069","D_obs",6083,4374,0,2
"19070","D_obs",6083,4375,0,0
"19071","D_obs",6083,4376,0,1
"19072","D_obs",6083,4377,0,1
"19073","D_obs",6083,4378,0,1
"19074","D_obs",6083,4379,0,3
"19075","D_obs",6083,4380,0,3
"19076","D_obs",6083,4381,0,2
"19077","D_obs",6083,4382,0,3
"19078","D_obs",6083,4383,0,1
"19079","D_obs",6083,4384,0,0
"19080","D_obs",6083,4385,0,3
"19081","D_obs",6083,4386,0,0
"19082","D_obs",6083,4387,0,2
"19083","D_obs",6083,4388,0,1
"19084","D_obs",6083,4389,0,1
"19085","D_obs",6083,4390,0,2
"19086","D_obs",6083,4391,0,1
"19087","D_obs",6083,4392,0,0
"19088","D_obs",6083,4393,0,3
"19089","D_obs",6083,4394,0,1
"19090","D_obs",6083,4395,0,0
"19091","D_obs",6083,4396,0,2
"19092","D_obs",6083,4397,0,1
"19093","D_obs",6083,4398,0,5
"19094","D_obs",6083,4399,0,3
"19095","D_obs",6083,4400,0,0
"19096","D_obs",6083,4401,0,1
"19097","D_obs",6083,4402,0,1
"19098","D_obs",6083,4403,0,3
"19099","D_obs",6083,4404,0,2
"19100","D_obs",6083,4405,0,2
"19101","D_obs",6083,4406,0,2
"19102","D_obs",6083,4407,0,5
"19103","D_obs",6083,4408,0,1
"19104","D_obs",6083,4409,0,2
"19105","D_obs",6083,4410,0,2
"19106","D_obs",6083,4411,0,1
"19107","D_obs",6083,4412,0,0
"19108","D_obs",6083,4413,0,0
"19109","D_obs",6083,4414,0,0
"19110","D_obs",6083,4415,0,3
"19111","D_obs",6083,4416,0,1
"19112","D_obs",6083,4417,0,1
"19113","D_obs",6083,4418,0,1
"19114","D_obs",6083,4419,0,2
"19115","D_obs",6083,4420,0,0
"19116","D_obs",6083,4421,0,3
"19117","D_obs",6083,4422,0,2
"19118","D_obs",6083,4423,0,1
"19119","D_obs",6083,4424,0,2
"19120","D_obs",6083,4425,0,1
"19121","D_obs",6083,4426,0,2
"19122","D_obs",6083,4427,0,0
"19123","D_obs",6083,4428,0,1
"19124","D_obs",6083,4429,0,1
"19125","D_obs",6083,4430,0,2
"19126","D_obs",6083,4431,0,0
"19127","D_obs",6083,4432,0,0
"19128","D_obs",6083,4433,0,3
"19129","D_obs",6083,4434,0,3
"19130","D_obs",6083,4435,0,2
"19131","D_obs",6083,4436,0,1
"19132","D_obs",6083,4437,0,1
"19133","D_obs",6083,4438,0,3
"19134","D_obs",6083,4439,0,4
"19135","D_obs",6083,4440,0,2
"19136","D_obs",6083,4441,0,3
"19137","D_obs",6083,4442,0,3
"19138","D_obs",6083,4443,0,0
"19139","D_obs",6083,4444,0,1
"19140","D_obs",6083,4445,0,3
"19141","D_obs",6083,4446,0,1
"19142","D_obs",6083,4447,0,3
"19143","D_obs",6083,4448,0,3
"19144","D_obs",6083,4449,0,3
"19145","D_obs",6083,4450,0,2
"19146","D_obs",6083,4451,0,3
"19147","D_obs",6083,4452,0,0
"19148","D_obs",6083,4453,0,2
"19149","D_obs",6083,4454,0,2
"19150","D_obs",6083,4455,0,0
"19151","D_obs",6083,4456,0,2
"19152","D_obs",6083,4457,0,3
"19153","D_obs",6083,4458,0,2
"19154","D_obs",6083,4459,0,0
"19155","D_obs",6083,4460,0,2
"19156","D_obs",6083,4461,0,4
"19157","D_obs",6083,4462,0,1
"19158","D_obs",6083,4463,0,0
"19159","D_obs",6083,4464,0,2
"19160","D_obs",6083,4465,0,1
"19161","D_obs",6083,4466,0,0
"19162","D_obs",6083,4467,0,1
"19163","D_obs",6083,4468,0,2
"19164","D_obs",6083,4469,0,2
"19165","D_obs",6083,4470,0,2
"19166","D_obs",6083,4471,0,3
"19167","D_obs",6083,4472,0,5
"19168","D_obs",6083,4473,0,2
"19169","D_obs",6083,4474,0,1
"19170","D_obs",6083,4475,0,2
"19171","D_obs",6083,4476,0,0
"19172","D_obs",6083,4477,0,0
"19173","D_obs",6083,4478,0,1
"19174","D_obs",6083,4479,0,3
"19175","D_obs",6083,4480,0,3
"19176","D_obs",6083,4481,0,1
"19177","D_obs",6083,4482,0,2
"19178","D_obs",6083,4483,0,2
"19179","D_obs",6083,4484,0,3
"19180","D_obs",6083,4485,0,5
"19181","D_obs",6083,4486,0,5
"19182","D_obs",6083,4487,0,9
"19183","D_obs",6083,4488,0,5
"19184","D_obs",6083,4489,0,2
"19185","D_obs",6083,4490,0,2
"19186","D_obs",6083,4491,0,6
"19187","D_obs",6083,4492,0,4
"19188","D_obs",6083,4493,0,2
"19189","D_obs",6083,4494,0,2
"19190","D_obs",6083,4495,0,1
"19191","D_obs",6083,4496,0,0
"19192","D_obs",6083,4497,0,3
"19193","D_obs",6083,4498,0,2
"19194","D_obs",6083,4499,0,1
"19195","D_obs",6083,4500,0,4
"19196","D_obs",6083,4501,0,0
"19197","D_obs",6083,4502,0,6
"19198","D_obs",6083,4503,0,7
"19199","D_obs",6083,4504,0,5
"19200","D_obs",6083,4505,0,5
"19201","D_obs",6083,4506,0,4
"19202","D_obs",6083,4507,0,3
"19203","D_obs",6083,4508,0,2
"19204","D_obs",6083,4509,0,4
"19205","D_obs",6083,4510,0,4
"19206","D_obs",6083,4511,0,2
"19207","D_obs",6083,4512,0,2
"19208","D_obs",6083,4513,0,0
"19209","D_obs",6083,4514,0,2
"19210","D_obs",6083,4515,0,3
"19211","D_obs",6083,4516,0,4
"19212","D_obs",6083,4517,0,3
"19213","D_obs",6083,4518,0,1
"19214","D_obs",6083,4519,0,1
"19215","D_obs",6083,4520,0,2
"19216","D_obs",6083,4521,0,2
"19217","D_obs",6083,4522,0,6
"19218","D_obs",6083,4523,0,2
"19219","D_obs",6083,4524,0,1
"19220","D_obs",6083,4525,0,4
"19221","D_obs",6083,4526,0,1
"19222","D_obs",6083,4527,0,0
"19223","D_obs",6083,4528,0,0
"19224","D_obs",6083,4529,0,2
"19225","D_obs",6083,4530,0,0
"19226","D_obs",6083,4531,0,4
"19227","D_obs",6083,4532,0,2
"19228","D_obs",6083,4533,0,4
"19229","D_obs",6083,4534,0,4
"19230","D_obs",6083,4535,0,2
"19231","D_obs",6083,4536,0,2
"19232","D_obs",6083,4537,0,3
"19233","D_obs",6083,4538,0,5
"19234","D_obs",6083,4539,0,0
"19235","D_obs",6083,4540,0,2
"19236","D_obs",6083,4541,0,2
"19237","D_obs",6083,4542,0,2
"19238","D_obs",6083,4543,0,2
"19239","D_obs",6083,4544,0,6
"19240","D_obs",6083,4545,0,3
"19241","D_obs",6083,4546,0,5
"19242","D_obs",6083,4547,0,4
"19243","D_obs",6083,4548,0,5
"19244","D_obs",6083,4549,0,4
"19245","D_obs",6083,4550,0,7
"19246","D_obs",6083,4551,0,3
"19247","D_obs",6083,4552,0,5
"19248","D_obs",6083,4553,0,9
"19249","D_obs",6083,4554,0,3
"19250","D_obs",6083,4555,0,0
"19251","D_obs",6083,4556,0,3
"19252","D_obs",6083,4557,0,9
"19253","D_obs",6083,4558,0,5
"19254","D_obs",6083,4559,0,5
"19255","D_obs",6083,4560,0,3
"19256","D_obs",6083,4561,0,2
"19257","D_obs",6083,4562,0,6
"19258","D_obs",6083,4563,0,4
"19259","D_obs",6083,4564,0,4
"19260","D_obs",6083,4565,0,4
"19261","D_obs",6083,4566,0,4
"19262","D_obs",6083,4567,0,1
"19263","D_obs",6083,4568,0,3
"19264","D_obs",6083,4569,0,3
"19265","D_obs",6083,4570,0,3
"19266","D_obs",6083,4571,0,3
"19267","D_obs",6083,4572,0,2
"19268","D_obs",6083,4573,0,0
"19269","D_obs",6083,4574,0,2
"19270","D_obs",6083,4575,0,3
"19271","D_obs",6083,4576,0,2
"19272","D_obs",6083,4577,0,1
"19273","D_obs",6083,4578,0,3
"19274","D_obs",6083,4579,0,1
"19275","D_obs",6083,4580,0,2
"19276","D_obs",6083,4581,0,0
"19277","D_obs",6083,4582,0,5
"19278","D_obs",6083,4583,0,2
"19279","D_obs",6083,4584,0,5
"19280","D_obs",6083,4585,0,2
"19281","D_obs",6083,4586,0,1
"19282","D_obs",6083,4587,0,11
"19283","D_obs",6083,4588,0,3
"19284","D_obs",6083,4589,0,2
"19285","D_obs",6083,4590,0,6
"19286","D_obs",6083,4591,0,3
"19287","D_obs",6083,4592,0,3
"19288","D_obs",6083,4593,0,7
"19289","D_obs",6083,4594,0,7
"19290","D_obs",6083,4595,0,7
"19291","D_obs",6083,4596,0,4
"19292","D_obs",6083,4597,0,6
"19293","D_obs",6083,4598,0,11
"19294","D_obs",6083,4599,0,5
"19295","D_obs",6083,4600,0,8
"19296","D_obs",6083,4601,0,8
"19297","D_obs",6083,4602,0,2
"19298","D_obs",6083,4603,0,5
"19299","D_obs",6083,4604,0,8
"19300","D_obs",6083,4605,0,8
"19301","D_obs",6083,4606,0,7
"19302","D_obs",6083,4607,0,7
"19303","D_obs",6083,4608,0,6
"19304","D_obs",6083,4609,0,6
"19305","D_obs",6083,4610,0,3
"19306","D_obs",6083,4611,0,9
"19307","D_obs",6083,4612,0,6
"19308","D_obs",6083,4613,0,6
"19309","D_obs",6083,4614,0,5
"19310","D_obs",6083,4615,0,5
"19311","D_obs",6083,4616,0,3
"19312","D_obs",6083,4617,0,7
"19313","D_obs",6083,4618,0,7
"19314","D_obs",6083,4619,0,5
"19315","D_obs",6083,4620,0,6
"19316","D_obs",6083,4621,0,4
"19317","D_obs",6083,4622,0,9
"19318","D_obs",6083,4623,0,4
"19319","D_obs",6083,4624,0,8
"19320","D_obs",6083,4625,0,6
"19321","D_obs",6083,4626,0,6
"19322","D_obs",6083,4627,0,2
"19323","D_obs",6083,4628,0,6
"19324","D_obs",6083,4629,0,4
"19325","D_obs",6083,4630,0,3
"19326","D_obs",6083,4631,0,3
"19327","D_obs",6083,4632,0,1
"19328","D_obs",6083,4633,0,2
"19329","D_obs",6083,4634,0,3
"19330","D_obs",6083,4635,0,4
"19331","D_obs",6083,4636,0,7
"19332","D_obs",6083,4637,0,2
"19333","D_obs",6083,4638,0,2
"19334","D_obs",6083,4639,0,6
"19335","D_obs",6083,4640,0,6
"19336","D_obs",6083,4641,0,1
"19337","D_obs",6083,4642,0,9
"19338","D_obs",6083,4643,0,4
"19339","D_obs",6083,4644,0,6
"19340","D_obs",6083,4645,0,9
"19341","D_obs",6083,4646,0,4
"19342","D_obs",6083,4647,0,9
"19343","D_obs",6083,4648,0,7
"19344","D_obs",6083,4649,0,7
"19345","D_obs",6083,4650,0,9
"19346","D_obs",6083,4651,0,7
"19347","D_obs",6083,4652,0,11
"19348","D_obs",6083,4653,0,13
"19349","D_obs",6083,4654,0,19
"19350","D_obs",6083,4655,0,17
"19351","D_obs",6083,4656,0,9
"19352","D_obs",6083,4657,0,13
"19353","D_obs",6083,4658,0,5
"19354","D_obs",6083,4659,0,12
"19355","D_obs",6083,4660,0,9
"19356","D_obs",6083,4661,0,7
"19357","D_obs",6083,4662,0,5
"19358","D_obs",6083,4663,0,6
"19359","D_obs",6083,4664,0,6
"19360","D_obs",6083,4665,0,10
"19361","D_obs",6083,4666,0,7
"19362","D_obs",6083,4667,0,6
"19363","D_obs",6083,4668,0,9
"19364","D_obs",6083,4669,0,5
"19365","D_obs",6083,4670,0,6
"19366","D_obs",6083,4671,0,7
"19367","D_obs",6083,4672,0,6
"19368","D_obs",6083,4673,0,12
"19369","D_obs",6083,4674,0,6
"19370","D_obs",6083,4675,0,3
"19371","D_obs",6083,4676,0,6
"19372","D_obs",6083,4677,0,5
"19373","D_obs",6083,4678,0,1
"19374","D_obs",6083,4679,0,3
"19375","D_obs",6083,4680,0,5
"19376","D_obs",6083,4681,0,5
"19377","D_obs",6083,4682,0,5
"19378","D_obs",6083,4683,0,2
"19379","D_obs",6083,4684,0,4
"19380","D_obs",6083,4685,0,4
"19381","D_obs",6083,4686,0,5
"19382","D_obs",6083,4687,0,2
"19383","D_obs",6083,4688,0,6
"19384","D_obs",6083,4689,0,1
"19385","D_obs",6083,4690,0,0
"19386","D_obs",6083,4691,0,1
"19387","D_obs",6083,4692,0,2
"19388","D_obs",6083,4693,0,2
"19389","D_obs",6083,4694,0,5
"19390","D_obs",6083,4695,0,2
"19391","D_obs",6083,4696,0,3
"19392","D_obs",6083,4697,0,4
"19393","D_obs",6083,4698,0,2
"19394","D_obs",6083,4699,0,6
"19395","D_obs",6083,4700,0,2
"19396","D_obs",6083,4701,0,4
"19397","D_obs",6083,4702,0,2
"19398","D_obs",6083,4703,0,5
"19399","D_obs",6083,4704,0,7
"19400","D_obs",6083,4705,0,4
"19401","D_obs",6083,4706,0,6
"19402","D_obs",6083,4707,0,2
"19403","D_obs",6083,4708,0,3
"19404","D_obs",6083,4709,0,3
"19405","D_obs",6083,4710,0,2
"19406","D_obs",6083,4711,0,0
"19407","D_obs",6083,4712,0,0
"19408","D_obs",6083,4713,0,3
"19409","D_obs",6083,4714,0,5
"19410","D_obs",6083,4715,0,1
"19411","D_obs",6083,4716,0,5
"19412","D_obs",6083,4717,0,1
"19413","D_obs",6083,4718,0,0
"19414","D_obs",6083,4719,0,0
"19415","D_obs",6083,4720,0,5
"19416","D_obs",6083,4721,0,3
"19417","D_obs",6083,4722,0,0
"19418","D_obs",6083,4723,0,3
"19419","D_obs",6083,4724,0,2
"19420","D_obs",6083,4725,0,2
"19421","D_obs",6083,4726,0,1
"19422","D_obs",6083,4727,0,0
"19423","D_obs",6083,4728,0,2
"19424","D_obs",6083,4729,0,3
"19425","D_obs",6083,4730,0,2
"19426","D_obs",6083,4731,0,2
"19427","D_obs",6083,4732,0,4
"19428","D_obs",6083,4733,0,1
"19429","D_obs",6083,4734,0,2
"19430","D_obs",6083,4735,0,3
"19431","D_obs",6083,4736,0,3
"19432","D_obs",6083,4737,0,0
"19433","D_obs",6083,4738,0,1
"19434","D_obs",6083,4739,0,2
"19435","D_obs",6083,4740,0,2
"19436","D_obs",6083,4741,0,2
"19437","D_obs",6083,4742,0,2
"19438","D_obs",6083,4743,0,2
"19439","D_obs",6083,4744,0,4
"19440","D_obs",6083,4745,0,2
"19441","D_obs",6083,4746,0,2
"19442","D_obs",6083,4747,0,3
"19443","D_obs",6083,4748,0,1
"19444","D_obs",6083,4749,0,4
"19445","D_obs",6083,4750,0,0
"19446","D_obs",6083,4751,0,3
"19447","D_obs",6083,4752,0,2
"19448","D_obs",6083,4753,0,2
"19449","D_obs",6083,4754,0,3
"19450","D_obs",6083,4755,0,2
"19451","D_obs",6083,4756,0,0
"19452","D_obs",6083,4757,0,4
"19453","D_obs",6083,4758,0,1
"19454","D_obs",6083,4759,0,7
"19455","D_obs",6083,4760,0,5
"19456","D_obs",6083,4761,0,1
"19457","D_obs",6083,4762,0,3
"19458","D_obs",6083,4763,0,2
"19459","D_obs",6083,4764,0,2
"19460","D_obs",6083,4765,0,3
"19461","D_obs",6083,4766,0,3
"19462","D_obs",6083,4767,0,4
"19463","D_obs",6083,4768,0,2
"19464","D_obs",6083,4769,0,1
"19465","D_obs",6083,4770,0,1
"19466","D_obs",6083,4771,0,2
"19467","D_obs",6083,4772,0,3
"19468","D_obs",6083,4773,0,2
"19469","D_obs",6083,4774,0,3
"19470","D_obs",6083,4775,0,3
"19471","D_obs",6083,4776,0,6
"19472","D_obs",6083,4777,0,0
"19473","D_obs",6083,4778,0,1
"19474","D_obs",6083,4779,0,3
"19475","D_obs",6083,4780,0,2
"19476","D_obs",6083,4781,0,3
"19477","D_obs",6083,4782,0,3
"19478","D_obs",6083,4783,0,2
"19479","D_obs",6083,4784,0,1
"19480","D_obs",6083,4785,0,2
"19481","D_obs",6083,4786,0,1
"19482","D_obs",6083,4787,0,4
"19483","D_obs",6083,4788,0,1
"19484","D_obs",6083,4789,0,2
"19485","D_obs",6083,4790,0,0
"19486","D_obs",6083,4791,0,3
"19487","D_obs",6083,4792,0,2
"19488","D_obs",6083,4793,0,3
"19489","D_obs",6083,4794,0,4
"19490","D_obs",6083,4795,0,1
"19491","D_obs",6083,4796,0,2
"19492","D_obs",6083,4797,0,1
"19493","D_obs",6083,4798,0,1
"19494","D_obs",6083,4799,0,3
"19495","D_obs",6083,4800,0,2
"19496","D_obs",6083,4801,0,0
"19497","D_obs",6083,4802,0,3
"19498","D_obs",6083,4803,0,5
"19499","D_obs",6083,4804,0,1
"19500","D_obs",6083,4805,0,1
"19501","D_obs",6083,4806,0,5
"19502","D_obs",6083,4807,0,3
"19503","D_obs",6083,4808,0,3
"19504","D_obs",6083,4809,0,3
"19505","D_obs",6083,4810,0,4
"19506","D_obs",6083,4811,0,2
"19507","D_obs",6083,4812,0,1
"19508","D_obs",6083,4813,0,3
"19509","D_obs",6083,4814,0,3
"19510","D_obs",6083,4815,0,1
"19511","D_obs",6083,4816,0,2
"19512","D_obs",6083,4817,0,0
"19513","D_obs",6083,4818,0,2
"19514","D_obs",6083,4819,0,1
"19515","D_obs",6083,4820,0,0
"19516","D_obs",6083,4821,0,2
"19517","D_obs",6083,4822,0,0
"19518","D_obs",6083,4823,0,4
"19519","D_obs",6083,4824,0,3
"19520","D_obs",6083,4825,0,3
"19521","D_obs",6083,4826,0,3
"19522","D_obs",6083,4827,0,2
"19523","D_obs",6083,4828,0,3
"19524","D_obs",6083,4829,0,3
"19525","D_obs",6083,4830,0,3
"19526","D_obs",6083,4831,0,4
"19527","D_obs",6083,4832,0,3
"19528","D_obs",6083,4833,0,1
"19529","D_obs",6083,4834,0,0
"19530","D_obs",6083,4835,0,3
"19531","D_obs",6083,4836,0,1
"19532","D_obs",6083,4837,0,3
"19533","D_obs",6083,4838,0,0
"19534","D_obs",6083,4839,0,1
"19535","D_obs",6083,4840,0,0
"19536","D_obs",6083,4841,0,4
"19537","D_obs",6083,4842,0,2
"19538","D_obs",6083,4843,0,0
"19539","D_obs",6083,4844,0,0
"19540","D_obs",6083,4845,0,0
"19541","D_obs",6083,4846,0,0
"19542","D_obs",6083,4847,0,1
"19543","D_obs",6083,4848,0,3
"19544","D_obs",6083,4849,0,3
"19545","D_obs",6083,4850,0,3
"19546","D_obs",6083,4851,0,3
"19547","D_obs",6083,4852,0,0
"19548","D_obs",6083,4853,0,1
"19549","D_obs",6083,4854,0,1
"19550","D_obs",6083,4855,0,4
"19551","D_obs",6083,4856,0,3
"19552","D_obs",6083,4857,0,2
"19553","D_obs",6083,4858,0,4
"19554","D_obs",6083,4859,0,2
"19555","D_obs",6083,4860,0,2
"19556","D_obs",6083,4861,0,1
"19557","D_obs",6083,4862,0,2
"19558","D_obs",6083,4863,0,1
"19559","D_obs",6083,4864,0,3
"19560","D_obs",6083,4865,0,1
"19561","D_obs",6083,4866,0,4
"19562","D_obs",6083,4867,0,2
"19563","D_obs",6083,4868,0,3
"19564","D_obs",6083,4869,0,2
"19565","D_obs",6083,4870,0,3
"19566","D_obs",6083,4871,0,3
"19567","D_obs",6083,4872,0,2
"19568","D_obs",6083,4873,0,3
"19569","D_obs",6083,4874,0,2
"19570","D_obs",6083,4875,0,1
"19571","D_obs",6083,4876,0,3
"19572","D_obs",6083,4877,0,1
"19573","D_obs",6083,4878,0,1
"19574","D_obs",6083,4879,0,2
"19575","D_obs",6083,4880,0,2
"19576","D_obs",6083,4881,0,2
"19577","D_obs",6083,4882,0,2
"19578","D_obs",6083,4883,0,2
"19579","D_obs",6083,4884,0,2
"19580","D_obs",6083,4885,0,4
"19581","D_obs",6083,4886,0,2
"19582","D_obs",6083,4887,0,0
"19583","D_obs",6083,4888,0,0
"19584","D_obs",6083,4889,0,3
"19585","D_obs",6083,4890,0,0
"19586","D_obs",6083,4891,0,0
"19587","D_obs",6083,4892,0,0
"19588","D_obs",6083,4893,0,1
"19589","D_obs",6083,4894,0,1
"19590","D_obs",6083,4895,0,2
"19591","D_obs",6083,4896,0,4
"19592","D_obs",6083,4897,0,0
"19593","D_obs",6083,4898,0,1
"19594","D_obs",6083,4899,0,1
"19595","D_obs",6083,4900,0,0
"19596","D_obs",6083,4901,0,1
"19597","D_obs",6083,4902,0,0
"19598","D_obs",6083,4903,0,2
"19599","D_obs",6083,4904,0,0
"19600","D_obs",6083,4905,0,0
"19601","D_obs",6083,4906,0,1
"19602","D_obs",6083,4907,0,0
"19603","D_obs",6083,4908,0,1
"19604","D_obs",6083,4909,0,2
"19605","D_obs",6083,4910,0,3
"19606","D_obs",6083,4911,0,2
"19607","D_obs",6083,4912,0,0
"19608","D_obs",6083,4913,0,2
"19609","D_obs",6083,4914,0,0
"19610","D_obs",6083,4915,0,2
"19611","D_obs",6083,4916,0,1
"19612","D_obs",6083,4917,0,2
"19613","D_obs",6083,4918,0,5
"19614","D_obs",6083,4919,0,1
"19615","D_obs",6083,4920,0,1
"19616","D_obs",6083,4921,0,1
"19617","D_obs",6083,4922,0,1
"19618","D_obs",6083,4923,0,1
"19619","D_obs",6083,4924,0,0
"19620","D_obs",6083,4925,0,2
"19621","D_obs",6083,4926,0,1
"19622","D_obs",6083,4927,0,0
"19623","D_obs",6083,4928,0,3
"19624","D_obs",6083,4929,0,1
"19625","D_obs",6083,4930,0,1
"19626","D_obs",6083,4931,0,1
"19627","D_obs",6083,4932,0,0
"19628","D_obs",6083,4933,0,0
"19629","D_obs",6083,4934,0,5
"19630","D_obs",6083,4935,0,1
"19631","D_obs",6083,4936,0,1
"19632","D_obs",6083,4937,0,1
"19633","D_obs",6083,4938,0,0
"19634","D_obs",6083,4939,0,3
"19635","D_obs",6083,4940,0,0
"19636","D_obs",6083,4941,0,1
"19637","D_obs",6083,4942,0,3
"19638","D_obs",6083,4943,0,1
"19639","D_obs",6083,4944,0,0
"19640","D_obs",6083,4945,0,0
"19641","D_obs",6083,4946,0,5
"19642","D_obs",6083,4947,0,2
"19643","D_obs",6083,4948,0,1
"19644","D_obs",6083,4949,0,0
"19645","D_obs",6083,4950,0,0
"19646","D_obs",6083,4951,0,0
"19647","D_obs",6083,4952,0,0
"19648","D_obs",6083,4953,0,2
"19649","D_obs",6083,4954,0,1
"19650","D_obs",6083,4955,0,0
"19651","D_obs",6083,4956,0,0
"19652","D_obs",6083,4957,0,2
"19653","D_obs",6083,4958,0,0
"19654","D_obs",6083,4959,0,0
"19655","D_obs",6083,4960,0,0
"19656","D_obs",6083,4961,0,3
"19657","D_obs",6083,4962,0,5
"19658","D_obs",6083,4963,0,2
"19659","D_obs",6083,4964,0,1
"19660","D_obs",6083,4965,0,0
"19661","D_obs",6083,4966,0,1
"19662","D_obs",6083,4967,0,2
"19663","D_obs",6083,4968,0,1
"19664","D_obs",6083,4969,0,0
"19665","D_obs",6083,4970,0,1
"19666","D_obs",6083,4971,0,2
"19667","D_obs",6083,4972,0,4
"19668","D_obs",6083,4973,0,3
"19669","D_obs",6083,4974,0,1
"19670","D_obs",6083,4975,0,6
"19671","D_obs",6083,4976,0,2
"19672","D_obs",6083,4977,0,0
"19673","D_obs",6083,4978,0,2
"19674","D_obs",6083,4979,0,1
"19675","D_obs",6083,4980,0,1
"19676","D_obs",6083,4981,0,2
"19677","D_obs",6083,4982,0,1
"19678","D_obs",6083,4983,0,3
"19679","D_obs",6083,4984,0,1
"19680","D_obs",6083,4985,0,1
"19681","D_obs",6083,4986,0,1
"19682","D_obs",6083,4987,0,1
"19683","D_obs",6083,4988,0,2
"19684","D_obs",6083,4989,0,2
"19685","D_obs",6083,4990,0,4
"19686","D_obs",6083,4991,0,0
"19687","D_obs",6083,4992,0,0
"19688","D_obs",6083,4993,0,0
"19689","D_obs",6083,4994,0,3
"19690","D_obs",6083,4995,0,1
"19691","D_obs",6083,4996,0,2
"19692","D_obs",6083,4997,0,1
"19693","D_obs",6083,4998,0,0
"19694","D_obs",6083,4999,0,1
"19695","D_obs",6083,5000,0,5
"19696","D_obs",6083,5001,0,0
"19697","D_obs",6083,5002,0,1
"19698","D_obs",6083,5003,0,0
"19699","D_obs",6083,5004,0,3
"19700","D_obs",6083,5005,0,0
"19701","D_obs",6083,5006,0,3
"19702","D_obs",6083,5007,0,2
"19703","D_obs",6083,5008,0,2
"19704","D_obs",6083,5009,0,0
"19705","D_obs",6083,5010,0,2
"19706","D_obs",6083,5011,0,0
"19707","D_obs",6083,5012,0,1
"19708","D_obs",6083,5013,0,1
"19709","D_obs",6083,5014,0,2
"19710","D_obs",6083,5015,0,2
"19711","D_obs",6083,5016,0,0
"19712","D_obs",6083,5017,0,1
"19713","D_obs",6083,5018,0,4
"19714","D_obs",6083,5019,0,2
"19715","D_obs",6083,5020,0,2
"19716","D_obs",6083,5021,0,0
"19717","D_obs",6083,5022,0,2
"19718","D_obs",6083,5023,0,4
"19719","D_obs",6083,5024,0,1
"19720","D_obs",6083,5025,0,3
"19721","D_obs",6083,5026,0,4
"19722","D_obs",6083,5027,0,3
"19723","D_obs",6083,5028,0,1
"19724","D_obs",6083,5029,0,0
"19725","D_obs",6083,5030,0,2
"19726","D_obs",6083,5031,0,1
"19727","D_obs",6083,5032,0,2
"19728","D_obs",6083,5033,0,1
"19729","D_obs",6083,5034,0,0
"19730","D_obs",6083,5035,0,0
"19731","D_obs",6083,5036,0,1
"19732","D_obs",6083,5037,0,1
"19733","D_obs",6083,5038,0,1
"19734","D_obs",6083,5039,0,2
"19735","D_obs",6083,5040,0,1
"19736","D_obs",6083,5041,0,2
"19737","D_obs",6083,5042,0,0
"19738","D_obs",6083,5043,0,1
"19739","D_obs",6083,5044,0,0
"19740","D_obs",6083,5045,0,2
"19741","D_obs",6083,5046,0,0
"19742","D_obs",6083,5047,0,3
"19743","D_obs",6083,5048,0,0
"19744","D_obs",6083,5049,0,0
"19745","D_obs",6083,5050,0,1
"19746","D_obs",6083,5051,0,1
"19747","D_obs",6083,5052,0,2
"19748","D_obs",6083,5053,0,0
"19749","D_obs",6083,5054,0,0
"19750","D_obs",6083,5055,0,2
"19751","D_obs",6083,5056,0,0
"19752","D_obs",6083,5057,0,1
"19753","D_obs",6083,5058,0,1
"19754","D_obs",6083,5059,0,2
"19755","D_obs",6083,5060,0,0
"19756","D_obs",6083,5061,0,0
"19757","D_obs",6083,5062,0,4
"19758","D_obs",6083,5063,0,1
"19759","D_obs",6083,5064,0,2
"19760","D_obs",6083,5065,0,2
"19761","D_obs",6083,5066,0,4
"19762","D_obs",6083,5067,0,2
"19763","D_obs",6083,5068,0,1
"19764","D_obs",6083,5069,0,5
"19765","D_obs",6083,5070,0,1
"19766","D_obs",6083,5071,0,2
"19767","D_obs",6083,5072,0,3
"19768","D_obs",6083,5073,0,2
"19769","D_obs",6083,5074,0,4
"19770","D_obs",6083,5075,0,2
"19771","D_obs",6083,5076,0,4
"19772","D_obs",6083,5077,0,2
"19773","D_obs",6083,5078,0,2
"19774","D_obs",6083,5079,0,4
"19775","D_obs",6083,5080,0,6
"19776","D_obs",6083,5081,0,5
"19777","D_obs",6083,5082,0,5
"19778","D_obs",6083,5083,0,1
"19779","D_obs",6083,5084,0,5
"19780","D_obs",6083,5085,0,1
"19781","D_obs",6083,5086,0,5
"19782","D_obs",6083,5087,0,0
"19783","D_obs",6083,5088,0,3
"19784","D_obs",6083,5089,0,3
"19785","D_obs",6083,5090,0,2
"19786","D_obs",6083,5091,0,2
"19787","D_obs",6083,5092,0,4
"19788","D_obs",6083,5093,0,3
"19789","D_obs",6083,5094,0,3
"19790","D_obs",6083,5095,0,2
"19791","D_obs",6083,5096,0,2
"19792","D_obs",6083,5097,0,0
"19793","D_obs",6083,5098,0,2
"19794","D_obs",6083,5099,0,1
"19795","D_obs",6083,5100,0,3
"19796","D_obs",6083,5101,0,0
"19797","D_obs",6083,5102,0,1
"19798","D_obs",6083,5103,0,0
"19799","D_obs",6083,5104,0,1
"19800","D_obs",6083,5105,0,2
"19801","D_obs",6083,5106,0,1
"19802","D_obs",6083,5107,0,1
"19803","D_obs",6083,5108,0,0
"19804","D_obs",6083,5109,0,2
"19805","D_obs",6083,5110,0,3
"19806","D_obs",6083,5111,0,0
"19807","D_obs",6083,5112,0,0
"19808","D_obs",6083,5113,0,1
"19809","D_obs",6083,5114,0,1
"19810","D_obs",6083,5115,0,0
"19811","D_obs",6083,5116,0,0
"19812","D_obs",6083,5117,0,0
"19813","D_obs",6083,5118,0,2
"19814","D_obs",6083,5119,0,0
"19815","D_obs",6083,5120,0,0
"19816","D_obs",6083,5121,0,2
"19817","D_obs",6083,5122,0,8
"19818","D_obs",6083,5123,0,0
"19819","D_obs",6083,5124,0,5
"19820","D_obs",6083,5125,0,1
"19821","D_obs",6083,5126,0,1
"19822","D_obs",6083,5127,0,1
"19823","D_obs",6083,5128,0,3
"19824","D_obs",6083,5129,0,2
"19825","D_obs",6083,5130,0,0
"19826","D_obs",6083,5131,0,2
"19827","D_obs",6083,5132,0,0
"19828","D_obs",6083,5133,0,0
"19829","D_obs",6083,5134,0,1
"19830","D_obs",6083,5135,0,3
"19831","D_obs",6083,5136,0,3
"19832","D_obs",6083,5137,0,1
"19833","D_obs",6083,5138,0,2
"19834","D_obs",6083,5139,0,0
"19835","D_obs",6083,5140,0,0
"19836","D_obs",6083,5141,0,2
"19837","D_obs",6083,5142,0,1
"19838","D_obs",6083,5143,0,2
"19839","D_obs",6083,5144,0,2
"19840","D_obs",6083,5145,0,0
"19841","D_obs",6083,5146,0,0
"19842","D_obs",6083,5147,0,1
"19843","D_obs",6083,5148,0,1
"19844","D_obs",6083,5149,0,1
"19845","D_obs",6083,5150,0,2
"19846","D_obs",6083,5151,0,0
"19847","D_obs",6083,5152,0,1
"19848","D_obs",6083,5153,0,0
"19849","D_obs",6083,5154,0,1
"19850","D_obs",6083,5155,0,1
"19851","D_obs",6083,5156,0,0
"19852","D_obs",6083,5157,0,2
"19853","D_obs",6083,5158,0,1
"19854","D_obs",6083,5159,0,0
"19855","D_obs",6083,5160,0,0
"19856","D_obs",6083,5161,0,0
"19857","D_obs",6083,5162,0,1
"19858","D_obs",6083,5163,0,3
"19859","D_obs",6083,5164,0,3
"19860","D_obs",6083,5165,0,1
"19861","D_obs",6083,5166,0,1
"19862","D_obs",6083,5167,0,2
"19863","D_obs",6083,5168,0,1
"19864","D_obs",6083,5169,0,1
"19865","D_obs",6083,5170,0,1
"19866","D_obs",6083,5171,0,2
"19867","D_obs",6083,5172,0,1
"19868","D_obs",6083,5173,0,2
"19869","D_obs",6083,5174,0,1
"19870","D_obs",6083,5175,0,0
"19871","D_obs",6083,5176,0,2
"19872","D_obs",6083,5177,0,2
"19873","D_obs",6083,5178,0,2
"19874","D_obs",6083,5179,0,1
"19875","D_obs",6083,5180,0,2
"19876","D_obs",6083,5181,0,0
"19877","D_obs",6083,5182,0,2
"19878","D_obs",6083,5183,0,2
"19879","D_obs",6083,5184,0,2
"19880","D_obs",6083,5185,0,3
"19881","D_obs",6083,5186,0,3
"19882","D_obs",6083,5187,0,2
"19883","D_obs",6083,5188,0,1
"19884","D_obs",6083,5189,0,1
"19885","D_obs",6083,5190,0,1
"19886","D_obs",6083,5191,0,1
"19887","D_obs",6083,5192,0,3
"19888","D_obs",6083,5193,0,0
"19889","D_obs",6083,5194,0,6
"19890","D_obs",6083,5195,0,2
"19891","D_obs",6083,5196,0,3
"19892","D_obs",6083,5197,0,1
"19893","D_obs",6083,5198,0,3
"19894","D_obs",6083,5199,0,4
"19895","D_obs",6083,5200,0,2
"19896","D_obs",6083,5201,0,1
"19897","D_obs",6083,5202,0,4
"19898","D_obs",6083,5203,0,2
"19899","D_obs",6083,5204,0,0
"19900","D_obs",6083,5205,0,0
"19901","D_obs",6083,5206,0,0
"19902","D_obs",6083,5207,0,4
"19903","D_obs",6083,5208,0,0
"19904","D_obs",6083,5209,0,1
"19905","D_obs",6083,5210,0,3
"19906","D_obs",6083,5211,0,0
"19907","D_obs",6083,5212,0,2
"19908","D_obs",6083,5213,0,0
"19909","D_obs",6083,5214,0,1
"19910","D_obs",6083,5215,0,3
"19911","D_obs",6083,5216,0,1
"19912","D_obs",6083,5217,0,1
"19913","D_obs",6083,5218,0,0
"19914","D_obs",6083,5219,0,1
"19915","D_obs",6083,5220,0,1
"19916","D_obs",6083,5221,0,3
"19917","D_obs",6083,5222,0,0
"19918","D_obs",6083,5223,0,0
"19919","D_obs",6083,5224,0,0
"19920","D_obs",6083,5225,0,1
"19921","D_obs",6083,5226,0,3
"19922","D_obs",6083,5227,0,1
"19923","D_obs",6083,5228,0,1
"19924","D_obs",6083,5229,0,1
"19925","D_obs",6083,5230,0,5
"19926","D_obs",6083,5231,0,0
"19927","D_obs",6083,5232,0,5
"19928","D_obs",6083,5233,0,3
"19929","D_obs",6083,5234,0,1
"19930","D_obs",6083,5235,0,2
"19931","D_obs",6083,5236,0,2
"19932","D_obs",6083,5237,0,1
"19933","D_obs",6083,5238,0,1
"19934","D_obs",6083,5239,0,1
"19935","D_obs",6083,5240,0,3
"19936","D_obs",6083,5241,0,0
"19937","D_obs",6083,5242,0,1
"19938","D_obs",6083,5243,0,0
"19939","D_obs",6083,5244,0,0
"19940","D_obs",6083,5245,0,4
"19941","D_obs",6083,5246,0,3
"19942","D_obs",6083,5247,0,1
"19943","D_obs",6083,5248,0,0
"19944","D_obs",6083,5249,0,2
"19945","D_obs",6083,5250,0,1
"19946","D_obs",6083,5251,0,0
"19947","D_obs",6083,5252,0,2
"19948","D_obs",6083,5253,0,0
"19949","D_obs",6083,5254,0,0
"19950","D_obs",6083,5255,0,2
"19951","D_obs",6083,5256,0,1
"19952","D_obs",6083,5257,0,4
"19953","D_obs",6083,5258,0,0
"19954","D_obs",6083,5259,0,0
"19955","D_obs",6083,5260,0,0
"19956","D_obs",6083,5261,0,2
"19957","D_obs",6083,5262,0,1
"19958","D_obs",6083,5263,0,0
"19959","D_obs",6083,5264,0,0
"19960","D_obs",6083,5265,0,3
"19961","D_obs",6083,5266,0,2
"19962","D_obs",6083,5267,0,3
"19963","D_obs",6083,5268,0,1
"19964","D_obs",6083,5269,0,1
"19965","D_obs",6083,5270,0,1
"19966","D_obs",6083,5271,0,3
"19967","D_obs",6083,5272,0,1
"19968","D_obs",6083,5273,0,0
"19969","D_obs",6083,5274,0,1
"19970","D_obs",6083,5275,0,1
"19971","D_obs",6083,5276,0,2
"19972","D_obs",6083,5277,0,6
"19973","D_obs",6083,5278,0,5
"19974","D_obs",6083,5279,0,0
"19975","D_obs",6083,5280,0,4
"19976","D_obs",6083,5281,0,1
"19977","D_obs",6083,5282,0,4
"19978","D_obs",6083,5283,0,2
"19979","D_obs",6083,5284,0,0
"19980","D_obs",6083,5285,0,3
"19981","D_obs",6083,5286,0,4
"19982","D_obs",6083,5287,0,3
"19983","D_obs",6083,5288,0,4
"19984","D_obs",6083,5289,0,1
"19985","D_obs",6083,5290,0,2
"19986","D_obs",6083,5291,0,4
"19987","D_obs",6083,5292,0,0
"19988","D_obs",6083,5293,0,6
"19989","D_obs",6083,5294,0,2
"19990","D_obs",6083,5295,0,1
"19991","D_obs",6083,5296,0,0
"19992","D_obs",6083,5297,0,2
"19993","D_obs",6083,5298,0,0
"19994","D_obs",6083,5299,0,1
"19995","D_obs",6083,5300,0,3
"19996","D_obs",6083,5301,0,2
"19997","D_obs",6083,5302,0,2
"19998","D_obs",6083,5303,0,1
"19999","D_obs",6083,5304,0,1
"20000","D_obs",6083,5305,0,0
"20001","D_obs",6083,5306,0,1
"20002","D_obs",6083,5307,0,1
"20003","D_obs",6083,5308,0,0
"20004","D_obs",6083,5309,0,1
"20005","D_obs",6083,5310,0,2
"20006","D_obs",6083,5311,0,0
"20007","D_obs",6083,5312,0,0
"20008","D_obs",6083,5313,0,1
"20009","D_obs",6083,5314,0,0
"20010","D_obs",6083,5315,0,0
"20011","D_obs",6083,5316,0,0
"20012","D_obs",6083,5317,0,0
"20013","D_obs",6083,5318,0,1
"20014","D_obs",6083,5319,0,0
"20015","D_obs",6083,5320,0,0
"20016","D_obs",6083,5321,0,0
"20017","D_obs",6083,5322,0,2
"20018","D_obs",6083,5323,0,0
"20019","D_obs",6083,5324,0,1
"20020","D_obs",6083,5325,0,1
"20021","D_obs",6083,5326,0,2
"20022","D_obs",6083,5327,0,0
"20023","D_obs",6083,5328,0,0
"20024","D_obs",6083,5329,0,0
"20025","D_obs",6083,5330,0,1
"20026","D_obs",6083,5331,0,0
"20027","D_obs",6083,5332,0,0
"20028","D_obs",6083,5333,0,0
"20029","D_obs",6083,5334,0,0
"20030","D_obs",6083,5335,0,0
"20031","D_obs",6083,5336,0,2
"20032","D_obs",6083,5337,0,0
"20033","D_obs",6083,5338,0,1
"20034","D_obs",6083,5339,0,0
"20035","D_obs",6083,5340,0,0
"20036","D_obs",6083,5341,0,0
"20037","D_obs",6083,5342,0,1
"20038","D_obs",6083,5343,0,0
"20039","D_obs",6083,5344,0,1
"20040","D_obs",6083,5345,0,2
"20041","D_obs",6083,5346,0,1
"20042","D_obs",6083,5347,0,0
"20043","D_obs",6083,5348,0,2
"20044","D_obs",6083,5349,0,0
"20045","D_obs",6083,5350,0,0
"20046","D_obs",6083,5351,0,0
"20047","D_obs",6083,5352,0,0
"20048","D_obs",6083,5353,0,1
"20049","D_obs",6083,5354,0,0
"20050","D_obs",6083,5355,0,0
"20051","D_obs",6083,5356,0,0
"20052","D_obs",6083,5357,0,1
"20053","D_obs",6083,5358,0,1
"20054","D_obs",6083,5359,0,0
"20055","D_obs",6083,5360,0,0
"20056","D_obs",6083,5361,0,2
"20057","D_obs",6083,5362,0,0
"20058","D_obs",6083,5363,0,2
"20059","D_obs",6083,5364,0,1
"20060","D_obs",6083,5365,0,0
"20061","D_obs",6083,5366,0,0
"20062","D_obs",6083,5367,0,0
"20063","D_obs",6083,5368,0,0
"20064","D_obs",6083,5369,0,0
"20065","D_obs",6083,5370,0,1
"20066","D_obs",6083,5371,0,1
"20067","D_obs",6083,5372,0,0
"20068","D_obs",6083,5373,0,0
"20069","D_obs",6083,5374,0,1
"20070","D_obs",6083,5375,0,0
"20071","D_obs",6083,5376,0,0
"20072","D_obs",6083,5377,0,0
"20073","D_obs",6083,5378,0,1
"20074","D_obs",6083,5379,0,0
"20075","D_obs",6083,5380,0,1
"20076","D_obs",6083,5381,0,0
"20077","D_obs",6083,5382,0,1
"20078","D_obs",6083,5383,0,0
"20079","D_obs",6083,5384,0,0
"20080","D_obs",6083,5385,0,1
"20081","D_obs",6083,5386,0,1
"20082","D_obs",6083,5387,0,0
"20083","D_obs",6083,5388,0,0
"20084","D_obs",6083,5389,0,1
"20085","D_obs",6083,5390,0,1
"20086","D_obs",6083,5391,0,0
"20087","D_obs",6083,5392,0,1
"20088","D_obs",6083,5393,0,1
"20089","D_obs",6083,5394,0,1
"20090","D_obs",6083,5395,0,1
"20091","D_obs",6083,5396,0,2
"20092","D_obs",6083,5397,0,1
"20093","D_obs",6083,5398,0,2
"20094","D_obs",6083,5399,0,0
"20095","D_obs",6083,5400,0,3
"20096","D_obs",6083,5401,0,3
"20097","D_obs",6083,5402,0,3
"20098","D_obs",6083,5403,0,1
"20099","D_obs",6083,5404,0,0
"20100","D_obs",6083,5405,0,3
"20101","D_obs",6083,5406,0,0
"20102","D_obs",6083,5407,0,0
"20103","D_obs",6083,5408,0,1
"20104","D_obs",6083,5409,0,1
"20105","D_obs",6083,5410,0,0
"20106","D_obs",6083,5411,0,0
"20107","D_obs",6083,5412,0,0
"20108","D_obs",6083,5413,0,1
"20109","D_obs",6083,5414,0,0
"20110","D_obs",6083,5415,0,2
"20111","D_obs",6083,5416,0,1
"20112","D_obs",6083,5417,0,0
"20113","D_obs",6083,5418,0,0
"20114","D_obs",6083,5419,0,0
"20115","D_obs",6083,5420,0,0
"20116","D_obs",6083,5421,0,1
"20117","D_obs",6083,5422,0,0
"20118","D_obs",6083,5423,0,0
"20119","D_obs",6083,5424,0,1
"20120","D_obs",6083,5425,0,2
"20121","D_obs",6083,5426,0,1
"20122","D_obs",6083,5427,0,1
"20123","D_obs",6083,5428,0,1
"20124","D_obs",6083,5429,0,0
"20125","D_obs",6083,5430,0,0
"20126","D_obs",6083,5431,0,1
"20127","D_obs",6083,5432,0,1
"20128","D_obs",6083,5433,0,1
"20129","D_obs",6083,5434,0,0
"20130","D_obs",6083,5435,0,0
"20131","D_obs",6083,5436,0,1
"20132","D_obs",6083,5437,0,2
"20133","D_obs",6083,5438,0,1
"20134","D_obs",6083,5439,0,1
"20135","D_obs",6083,5440,0,1
"20136","D_obs",6083,5441,0,2
"20137","D_obs",6083,5442,0,1
"20138","D_obs",6083,5443,0,1
"20139","D_obs",6083,5444,0,1
"20140","D_obs",6083,5445,0,0
"20141","D_obs",6083,5446,0,0
"20142","D_obs",6083,5447,0,1
"20143","D_obs",6083,5448,0,1
"20144","D_obs",6083,5449,0,0
"20145","D_obs",6083,5450,0,0
"20146","D_obs",6083,5451,0,2
"20147","D_obs",6083,5452,0,0
"20148","D_obs",6083,5453,0,3
"20149","D_obs",6083,5454,0,0
"20150","D_obs",6083,5455,0,0
"20151","D_obs",6083,5456,0,1
"20152","D_obs",6083,5457,0,0
"20153","D_obs",6083,5458,0,0
"20154","D_obs",6083,5459,0,0
"20155","D_obs",6083,5460,0,0
"20156","D_obs",6083,5461,0,0
"20157","D_obs",6083,5462,0,2
"20158","D_obs",6083,5463,0,1
"20159","D_obs",6083,5464,0,1
"20160","D_obs",6083,5465,0,0
"20161","D_obs",6083,5466,0,1
"20162","D_obs",6083,5467,0,0
"20163","D_obs",6083,5468,0,0
"20164","D_obs",6083,5469,0,2
"20165","D_obs",6083,5470,0,0
"20166","D_obs",6083,5471,0,1
"20167","D_obs",6083,5472,0,1
"20168","D_obs",6083,5473,0,0
"20169","D_obs",6083,5474,0,0
"20170","D_obs",6083,5475,0,1
"20171","D_obs",6083,5476,0,0
"20172","D_obs",6083,5477,0,0
"20173","D_obs",6083,5478,0,0
"20174","D_obs",6083,5479,0,0
"20175","D_obs",6083,5480,0,0
"20176","D_obs",6083,5481,0,0
"20177","D_obs",6083,5482,0,0
"20178","D_obs",6083,5483,0,2
"20179","D_obs",6083,5484,0,1
"20180","D_obs",6083,5485,0,0
"20181","D_obs",6083,5486,0,1
"20182","D_obs",6083,5487,0,0
"20183","D_obs",6083,5488,0,1
"20184","D_obs",6083,5489,0,2
"20185","D_obs",6083,5490,0,0
"20186","D_obs",6083,5491,0,0
"20187","D_obs",6083,5492,0,0
"20188","D_obs",6083,5493,0,0
"20189","D_obs",6083,5494,0,0
"20190","D_obs",6083,5495,0,0
"20191","D_obs",6083,5496,0,0
"20192","D_obs",6083,5497,0,0
"20193","D_obs",6083,5498,0,3
"20194","D_obs",6083,5499,0,3
"20195","D_obs",6083,5500,0,0
"20196","D_obs",6083,5501,0,0
"20197","D_obs",6083,5502,0,0
"20198","D_obs",6083,5503,0,1
"20199","D_obs",6083,5504,0,2
"20200","D_obs",6083,5505,0,0
"20201","D_obs",6083,5506,0,1
"20202","D_obs",6083,5507,0,1
"20203","D_obs",6083,5508,0,1
"20204","D_obs",6083,5509,0,1
"20205","D_obs",6083,5510,0,0
"20206","D_obs",6083,5511,0,0
"20207","D_obs",6083,5512,0,1
"20208","D_obs",6083,5513,0,1
"20209","D_obs",6083,5514,0,0
"20210","D_obs",6083,5515,0,0
"20211","D_obs",6083,5516,0,1
"20212","D_obs",6083,5517,0,1
"20213","D_obs",6083,5518,0,1
"20214","D_obs",6083,5519,0,0
"20215","D_obs",6083,5520,0,0
"20216","D_obs",6083,5521,0,0
"20217","D_obs",6083,5522,0,0
"20218","D_obs",6083,5523,0,2
"20219","D_obs",6083,5524,0,0
"20220","D_obs",6083,5525,0,1
"20221","D_obs",6083,5526,0,0
"20222","D_obs",6083,5527,0,0
"20223","D_obs",6083,5528,0,0
"20224","D_obs",6083,5529,0,0
"20225","D_obs",6083,5530,0,1
"20226","D_obs",6083,5531,0,0
"20227","D_obs",6083,5532,0,1
"20228","D_obs",6083,5533,0,1
"20229","D_obs",6083,5534,0,0
"20230","D_obs",6083,5535,0,0
"20231","D_obs",6083,5536,0,0
"20232","D_obs",6083,5537,0,1
"20233","D_obs",6083,5538,0,0
"20234","D_obs",6083,5539,0,0
"20235","D_obs",6083,5540,0,0
"20236","D_obs",6083,5541,0,0
"20237","D_obs",6083,5542,0,0
"20238","D_obs",6083,5543,0,2
"20239","D_obs",6083,5544,0,0
"20240","D_obs",6083,5545,0,1
"20241","D_obs",6083,5546,0,0
"20242","D_obs",6083,5547,0,1
"20243","D_obs",6083,5548,0,0
"20244","D_obs",6083,5549,0,0
"20245","D_obs",6083,5550,0,0
"20246","D_obs",6083,5551,0,0
"20247","D_obs",6083,5552,0,0
"20248","D_obs",6083,5553,0,1
"20249","D_obs",6083,5554,0,1
"20250","D_obs",6083,5555,0,0
"20251","D_obs",6083,5556,0,0
"20252","D_obs",6083,5557,0,0
"20253","D_obs",6083,5558,0,0
"20254","D_obs",6083,5559,0,0
"20255","D_obs",6083,5560,0,0
"20256","D_obs",6083,5561,0,0
"20257","D_obs",6083,5562,0,1
"20258","D_obs",6083,5563,0,0
"20259","D_obs",6083,5564,0,0
"20260","D_obs",6083,5565,0,0
"20261","D_obs",6083,5566,0,0
"20262","D_obs",6083,5567,0,0
"20263","D_obs",6083,5568,0,0
"20264","D_obs",6083,5569,0,1
"20265","D_obs",6083,5570,0,0
"20266","D_obs",6083,5571,0,0
"20267","D_obs",6083,5572,0,0
"20268","D_obs",6083,5573,0,0
"20269","D_obs",6083,5574,0,4
"20270","D_obs",6083,5575,0,2
"20271","D_obs",6083,5576,0,1
"20272","D_obs",6083,5577,0,5
"20273","D_obs",6083,5578,0,1
"20274","D_obs",6083,5579,0,2
"20275","D_obs",6083,5580,0,3
"20276","D_obs",6083,5581,0,2
"20277","D_obs",6083,5582,0,4
"20278","D_obs",6083,5583,0,2
"20279","D_obs",6083,5584,0,4
"20280","D_obs",6083,5585,0,2
"20281","D_obs",6083,5586,0,2
"20282","D_obs",6083,5587,0,4
"20283","D_obs",6083,5588,0,6
"20284","D_obs",6083,5589,0,5
"20285","D_obs",6083,5590,0,5
"20286","D_obs",6083,5591,0,1
"20287","D_obs",6083,5592,0,5
"20288","D_obs",6083,5593,0,1
"20289","D_obs",6083,5594,0,5
"20290","D_obs",6083,5595,0,0
"20291","D_obs",6083,5596,0,3
"20292","D_obs",6083,5597,0,3
"20293","D_obs",6083,5598,0,2
"20294","D_obs",6083,5599,0,2
"20295","D_obs",6083,5600,0,4
"20296","D_obs",6083,5601,0,3
"20297","D_obs",6083,5602,0,3
"20298","D_obs",6083,5603,0,2
"20299","D_obs",6083,5604,0,2
"20300","D_obs",6083,5605,0,0
"20301","D_obs",6083,5606,0,2
"20302","D_obs",6083,5607,0,1
"20303","D_obs",6083,5608,0,3
"20304","D_obs",6083,5609,0,0
"20305","D_obs",6083,5610,0,1
"20306","D_obs",6083,5611,0,0
"20307","D_obs",6083,5612,0,1
"20308","D_obs",6083,5613,0,2
"20309","D_obs",6083,5614,0,1
"20310","D_obs",6083,5615,0,1
"20311","D_obs",6083,5616,0,0
"20312","D_obs",6083,5617,0,2
"20313","D_obs",6083,5618,0,3
"20314","D_obs",6083,5619,0,0
"20315","D_obs",6083,5620,0,0
"20316","D_obs",6083,5621,0,1
"20317","D_obs",6083,5622,0,1
"20318","D_obs",6083,5623,0,0
"20319","D_obs",6083,5624,0,0
"20320","D_obs",6083,5625,0,0
"20321","D_obs",6083,5626,0,2
"20322","D_obs",6083,5627,0,0
"20323","D_obs",6083,5628,0,0
"20324","D_obs",6083,5629,0,2
"20325","D_obs",6083,5630,0,8
"20326","D_obs",6083,5631,0,0
"20327","D_obs",6083,5632,0,5
"20328","D_obs",6083,5633,0,1
"20329","D_obs",6083,5634,0,1
"20330","D_obs",6083,5635,0,1
"20331","D_obs",6083,5636,0,3
"20332","D_obs",6083,5637,0,2
"20333","D_obs",6083,5638,0,0
"20334","D_obs",6083,5639,0,2
"20335","D_obs",6083,5640,0,0
"20336","D_obs",6083,5641,0,0
"20337","D_obs",6083,5642,0,1
"20338","D_obs",6083,5643,0,3
"20339","D_obs",6083,5644,0,3
"20340","D_obs",6083,5645,0,1
"20341","D_obs",6083,5646,0,2
"20342","D_obs",6083,5647,0,0
"20343","D_obs",6083,5648,0,0
"20344","D_obs",6083,5649,0,2
"20345","D_obs",6083,5650,0,1
"20346","D_obs",6083,5651,0,2
"20347","D_obs",6083,5652,0,2
"20348","D_obs",6083,5653,0,0
"20349","D_obs",6083,5654,0,0
"20350","D_obs",6083,5655,0,1
"20351","D_obs",6083,5656,0,1
"20352","D_obs",6083,5657,0,1
"20353","D_obs",6083,5658,0,2
"20354","D_obs",6083,5659,0,0
"20355","D_obs",6083,5660,0,1
"20356","D_obs",6083,5661,0,0
"20357","D_obs",6083,5662,0,1
"20358","D_obs",6083,5663,0,1
"20359","D_obs",6083,5664,0,0
"20360","D_obs",6083,5665,0,2
"20361","D_obs",6083,5666,0,1
"20362","D_obs",6083,5667,0,0
"20363","D_obs",6083,5668,0,0
"20364","D_obs",6083,5669,0,0
"20365","D_obs",6083,5670,0,1
"20366","D_obs",6083,5671,0,3
"20367","D_obs",6083,5672,0,3
"20368","D_obs",6083,5673,0,1
"20369","D_obs",6083,5674,0,1
"20370","D_obs",6083,5675,0,2
"20371","D_obs",6083,5676,0,1
"20372","D_obs",6083,5677,0,1
"20373","D_obs",6083,5678,0,1
"20374","D_obs",6083,5679,0,2
"20375","D_obs",6083,5680,0,1
"20376","D_obs",6083,5681,0,2
"20377","D_obs",6083,5682,0,1
"20378","D_obs",6083,5683,0,0
"20379","D_obs",6083,5684,0,2
"20380","D_obs",6083,5685,0,2
"20381","D_obs",6083,5686,0,2
"20382","D_obs",6083,5687,0,1
"20383","D_obs",6083,5688,0,2
"20384","D_obs",6083,5689,0,0
"20385","D_obs",6083,5690,0,2
"20386","D_obs",6083,5691,0,2
"20387","D_obs",6083,5692,0,2
"20388","D_obs",6083,5693,0,3
"20389","D_obs",6083,5694,0,3
"20390","D_obs",6083,5695,0,2
"20391","D_obs",6083,5696,0,1
"20392","D_obs",6083,5697,0,1
"20393","D_obs",6083,5698,0,1
"20394","D_obs",6083,5699,0,1
"20395","D_obs",6083,5700,0,3
"20396","D_obs",6083,5701,0,0
"20397","D_obs",6083,5702,0,6
"20398","D_obs",6083,5703,0,2
"20399","D_obs",6083,5704,0,3
"20400","D_obs",6083,5705,0,1
"20401","D_obs",6083,5706,0,3
"20402","D_obs",6083,5707,0,4
"20403","D_obs",6083,5708,0,2
"20404","D_obs",6083,5709,0,1
"20405","D_obs",6083,5710,0,4
"20406","D_obs",6083,5711,0,2
"20407","D_obs",6083,5712,0,0
"20408","D_obs",6083,5713,0,0
"20409","D_obs",6083,5714,0,0
"20410","D_obs",6083,5715,0,4
"20411","D_obs",6083,5716,0,0
"20412","D_obs",6083,5717,0,1
"20413","D_obs",6083,5718,0,3
"20414","D_obs",6083,5719,0,0
"20415","D_obs",6083,5720,0,2
"20416","D_obs",6083,5721,0,0
"20417","D_obs",6083,5722,0,1
"20418","D_obs",6083,5723,0,3
"20419","D_obs",6083,5724,0,1
"20420","D_obs",6083,5725,0,1
"20421","D_obs",6083,5726,0,0
"20422","D_obs",6083,5727,0,1
"20423","D_obs",6083,5728,0,1
"20424","D_obs",6083,5729,0,3
"20425","D_obs",6083,5730,0,0
"20426","D_obs",6083,5731,0,0
"20427","D_obs",6083,5732,0,0
"20428","D_obs",6083,5733,0,1
"20429","D_obs",6083,5734,0,3
"20430","D_obs",6083,5735,0,1
"20431","D_obs",6083,5736,0,1
"20432","D_obs",6083,5737,0,1
"20433","D_obs",6083,5738,0,5
"20434","D_obs",6083,5739,0,0
"20435","D_obs",6083,5740,0,5
"20436","D_obs",6083,5741,0,3
"20437","D_obs",6083,5742,0,1
"20438","D_obs",6083,5743,0,2
"20439","D_obs",6083,5744,0,2
"20440","D_obs",6083,5745,0,1
"20441","D_obs",6083,5746,0,1
"20442","D_obs",6083,5747,0,1
"20443","D_obs",6083,5748,0,3
"20444","D_obs",6083,5749,0,0
"20445","D_obs",6083,5750,0,1
"20446","D_obs",6083,5751,0,0
"20447","D_obs",6083,5752,0,0
"20448","D_obs",6083,5753,0,4
"20449","D_obs",6083,5754,0,3
"20450","D_obs",6083,5755,0,1
"20451","D_obs",6083,5756,0,0
"20452","D_obs",6083,5757,0,2
"20453","D_obs",6083,5758,0,1
"20454","D_obs",6083,5759,0,0
"20455","D_obs",6083,5760,0,2
"20456","D_obs",6083,5761,0,0
"20457","D_obs",6083,5762,0,0
"20458","D_obs",6083,5763,0,2
"20459","D_obs",6083,5764,0,1
"20460","D_obs",6083,5765,0,4
"20461","D_obs",6083,5766,0,0
"20462","D_obs",6083,5767,0,0
"20463","D_obs",6083,5768,0,0
"20464","D_obs",6083,5769,0,2
"20465","D_obs",6083,5770,0,1
"20466","D_obs",6083,5771,0,0
"20467","D_obs",6083,5772,0,0
"20468","D_obs",6083,5773,0,3
"20469","D_obs",6083,5774,0,2
"20470","D_obs",6083,5775,0,3
"20471","D_obs",6083,5776,0,1
"20472","D_obs",6083,5777,0,1
"20473","D_obs",6083,5778,0,1
"20474","D_obs",6083,5779,0,3
"20475","D_obs",6083,5780,0,1
"20476","D_obs",6083,5781,0,0
"20477","D_obs",6083,5782,0,1
"20478","D_obs",6083,5783,0,1
"20479","D_obs",6083,5784,0,2
"20480","D_obs",6083,5785,0,6
"20481","D_obs",6083,5786,0,5
"20482","D_obs",6083,5787,0,0
"20483","D_obs",6083,5788,0,4
"20484","D_obs",6083,5789,0,1
"20485","D_obs",6083,5790,0,4
"20486","D_obs",6083,5791,0,2
"20487","D_obs",6083,5792,0,0
"20488","D_obs",6083,5793,0,3
"20489","D_obs",6083,5794,0,4
"20490","D_obs",6083,5795,0,3
"20491","D_obs",6083,5796,0,4
"20492","D_obs",6083,5797,0,1
"20493","D_obs",6083,5798,0,2
"20494","D_obs",6083,5799,0,4
"20495","D_obs",6083,5800,0,0
"20496","D_obs",6083,5801,0,6
"20497","D_obs",6083,5802,0,2
"20498","D_obs",6083,5803,0,1
"20499","D_obs",6083,5804,0,0
"20500","D_obs",6083,5805,0,2
"20501","D_obs",6083,5806,0,0
"20502","D_obs",6083,5807,0,1
"20503","D_obs",6083,5808,0,3
"20504","D_obs",6083,5809,0,2
"20505","D_obs",6083,5810,0,2
"20506","D_obs",6083,5811,0,1
"20507","D_obs",6083,5812,0,1
"20508","D_obs",6083,5813,0,0
"20509","D_obs",6083,5814,0,1
"20510","D_obs",6083,5815,0,1
"20511","D_obs",6083,5816,0,0
"20512","D_obs",6083,5817,0,1
"20513","D_obs",6083,5818,0,2
"20514","D_obs",6083,5819,0,0
"20515","D_obs",6083,5820,0,0
"20516","D_obs",6083,5821,0,1
"20517","D_obs",6083,5822,0,0
"20518","D_obs",6083,5823,0,0
"20519","D_obs",6083,5824,0,0
"20520","D_obs",6083,5825,0,0
"20521","D_obs",6083,5826,0,1
"20522","D_obs",6083,5827,0,0
"20523","D_obs",6083,5828,0,0
"20524","D_obs",6083,5829,0,0
"20525","D_obs",6083,5830,0,2
"20526","D_obs",6083,5831,0,0
"20527","D_obs",6083,5832,0,1
"20528","D_obs",6083,5833,0,1
"20529","D_obs",6083,5834,0,2
"20530","D_obs",6083,5835,0,0
"20531","D_obs",6083,5836,0,0
"20532","D_obs",6083,5837,0,0
"20533","D_obs",6083,5838,0,1
"20534","D_obs",6083,5839,0,0
"20535","D_obs",6083,5840,0,0
"20536","D_obs",6083,5841,0,0
"20537","D_obs",6083,5842,0,0
"20538","D_obs",6083,5843,0,0
"20539","D_obs",6083,5844,0,2
"20540","D_obs",6083,5845,0,0
"20541","D_obs",6083,5846,0,1
"20542","D_obs",6083,5847,0,0
"20543","D_obs",6083,5848,0,0
"20544","D_obs",6083,5849,0,0
"20545","D_obs",6083,5850,0,1
"20546","D_obs",6083,5851,0,0
"20547","D_obs",6083,5852,0,1
"20548","D_obs",6083,5853,0,2
"20549","D_obs",6083,5854,0,1
"20550","D_obs",6083,5855,0,0
"20551","D_obs",6083,5856,0,2
"20552","D_obs",6083,5857,0,0
"20553","D_obs",6083,5858,0,0
"20554","D_obs",6083,5859,0,0
"20555","D_obs",6083,5860,0,0
"20556","D_obs",6083,5861,0,1
"20557","D_obs",6083,5862,0,0
"20558","D_obs",6083,5863,0,0
"20559","D_obs",6083,5864,0,0
"20560","D_obs",6083,5865,0,1
"20561","D_obs",6083,5866,0,1
"20562","D_obs",6083,5867,0,0
"20563","D_obs",6083,5868,0,0
"20564","D_obs",6083,5869,0,2
"20565","D_obs",6083,5870,0,0
"20566","D_obs",6083,5871,0,2
"20567","D_obs",6083,5872,0,1
"20568","D_obs",6083,5873,0,0
"20569","D_obs",6083,5874,0,0
"20570","D_obs",6083,5875,0,0
"20571","D_obs",6083,5876,0,0
"20572","D_obs",6083,5877,0,0
"20573","D_obs",6083,5878,0,1
"20574","D_obs",6083,5879,0,1
"20575","D_obs",6083,5880,0,0
"20576","D_obs",6083,5881,0,0
"20577","D_obs",6083,5882,0,1
"20578","D_obs",6083,5883,0,0
"20579","D_obs",6083,5884,0,0
"20580","D_obs",6083,5885,0,0
"20581","D_obs",6083,5886,0,1
"20582","D_obs",6083,5887,0,0
"20583","D_obs",6083,5888,0,1
"20584","D_obs",6083,5889,0,0
"20585","D_obs",6083,5890,0,1
"20586","D_obs",6083,5891,0,0
"20587","D_obs",6083,5892,0,0
"20588","D_obs",6083,5893,0,1
"20589","D_obs",6083,5894,0,1
"20590","D_obs",6083,5895,0,0
"20591","D_obs",6083,5896,0,0
"20592","D_obs",6083,5897,0,1
"20593","D_obs",6083,5898,0,1
"20594","D_obs",6083,5899,0,0
"20595","D_obs",6083,5900,0,1
"20596","D_obs",6083,5901,0,1
"20597","D_obs",6083,5902,0,1
"20598","D_obs",6083,5903,0,1
"20599","D_obs",6083,5904,0,2
"20600","D_obs",6083,5905,0,1
"20601","D_obs",6083,5906,0,2
"20602","D_obs",6083,5907,0,0
"20603","D_obs",6083,5908,0,3
"20604","D_obs",6083,5909,0,3
"20605","D_obs",6083,5910,0,3
"20606","D_obs",6083,5911,0,1
"20607","D_obs",6083,5912,0,0
"20608","D_obs",6083,5913,0,3
"20609","D_obs",6083,5914,0,0
"20610","D_obs",6083,5915,0,0
"20611","D_obs",6083,5916,0,1
"20612","D_obs",6083,5917,0,1
"20613","D_obs",6083,5918,0,0
"20614","D_obs",6083,5919,0,0
"20615","D_obs",6083,5920,0,0
"20616","D_obs",6083,5921,0,1
"20617","D_obs",6083,5922,0,0
"20618","D_obs",6083,5923,0,2
"20619","D_obs",6083,5924,0,1
"20620","D_obs",6083,5925,0,0
"20621","D_obs",6083,5926,0,0
"20622","D_obs",6083,5927,0,0
"20623","D_obs",6083,5928,0,0
"20624","D_obs",6083,5929,0,1
"20625","D_obs",6083,5930,0,0
"20626","D_obs",6083,5931,0,0
"20627","D_obs",6083,5932,0,1
"20628","D_obs",6083,5933,0,2
"20629","D_obs",6083,5934,0,1
"20630","D_obs",6083,5935,0,1
"20631","D_obs",6083,5936,0,1
"20632","D_obs",6083,5937,0,0
"20633","D_obs",6083,5938,0,0
"20634","D_obs",6083,5939,0,1
"20635","D_obs",6083,5940,0,1
"20636","D_obs",6083,5941,0,1
"20637","D_obs",6083,5942,0,0
"20638","D_obs",6083,5943,0,0
"20639","D_obs",6083,5944,0,1
"20640","D_obs",6083,5945,0,2
"20641","D_obs",6083,5946,0,1
"20642","D_obs",6083,5947,0,1
"20643","D_obs",6083,5948,0,1
"20644","D_obs",6083,5949,0,2
"20645","D_obs",6083,5950,0,1
"20646","D_obs",6083,5951,0,1
"20647","D_obs",6083,5952,0,1
"20648","D_obs",6083,5953,0,0
"20649","D_obs",6083,5954,0,0
"20650","D_obs",6083,5955,0,1
"20651","D_obs",6083,5956,0,1
"20652","D_obs",6083,5957,0,0
"20653","D_obs",6083,5958,0,0
"20654","D_obs",6083,5959,0,2
"20655","D_obs",6083,5960,0,0
"20656","D_obs",6083,5961,0,3
"20657","D_obs",6083,5962,0,0
"20658","D_obs",6083,5963,0,0
"20659","D_obs",6083,5964,0,1
"20660","D_obs",6083,5965,0,0
"20661","D_obs",6083,5966,0,0
"20662","D_obs",6083,5967,0,0
"20663","D_obs",6083,5968,0,0
"20664","D_obs",6083,5969,0,0
"20665","D_obs",6083,5970,0,2
"20666","D_obs",6083,5971,0,1
"20667","D_obs",6083,5972,0,1
"20668","D_obs",6083,5973,0,0
"20669","D_obs",6083,5974,0,1
"20670","D_obs",6083,5975,0,0
"20671","D_obs",6083,5976,0,0
"20672","D_obs",6083,5977,0,2
"20673","D_obs",6083,5978,0,0
"20674","D_obs",6083,5979,0,1
"20675","D_obs",6083,5980,0,1
"20676","D_obs",6083,5981,0,0
"20677","D_obs",6083,5982,0,0
"20678","D_obs",6083,5983,0,1
"20679","D_obs",6083,5984,0,0
"20680","D_obs",6083,5985,0,0
"20681","D_obs",6083,5986,0,0
"20682","D_obs",6083,5987,0,0
"20683","D_obs",6083,5988,0,0
"20684","D_obs",6083,5989,0,0
"20685","D_obs",6083,5990,0,0
"20686","D_obs",6083,5991,0,2
"20687","D_obs",6083,5992,0,1
"20688","D_obs",6083,5993,0,0
"20689","D_obs",6083,5994,0,1
"20690","D_obs",6083,5995,0,0
"20691","D_obs",6083,5996,0,1
"20692","D_obs",6083,5997,0,2
"20693","D_obs",6083,5998,0,0
"20694","D_obs",6083,5999,0,0
"20695","D_obs",6083,6000,0,0
"20696","D_obs",6083,6001,0,0
"20697","D_obs",6083,6002,0,0
"20698","D_obs",6083,6003,0,0
"20699","D_obs",6083,6004,0,0
"20700","D_obs",6083,6005,0,0
"20701","D_obs",6083,6006,0,3
"20702","D_obs",6083,6007,0,3
"20703","D_obs",6083,6008,0,0
"20704","D_obs",6083,6009,0,0
"20705","D_obs",6083,6010,0,0
"20706","D_obs",6083,6011,0,1
"20707","D_obs",6083,6012,0,2
"20708","D_obs",6083,6013,0,0
"20709","D_obs",6083,6014,0,1
"20710","D_obs",6083,6015,0,1
"20711","D_obs",6083,6016,0,1
"20712","D_obs",6083,6017,0,1
"20713","D_obs",6083,6018,0,0
"20714","D_obs",6083,6019,0,0
"20715","D_obs",6083,6020,0,1
"20716","D_obs",6083,6021,0,1
"20717","D_obs",6083,6022,0,0
"20718","D_obs",6083,6023,0,0
"20719","D_obs",6083,6024,0,1
"20720","D_obs",6083,6025,0,1
"20721","D_obs",6083,6026,0,1
"20722","D_obs",6083,6027,0,0
"20723","D_obs",6083,6028,0,0
"20724","D_obs",6083,6029,0,0
"20725","D_obs",6083,6030,0,0
"20726","D_obs",6083,6031,0,2
"20727","D_obs",6083,6032,0,0
"20728","D_obs",6083,6033,0,1
"20729","D_obs",6083,6034,0,0
"20730","D_obs",6083,6035,0,0
"20731","D_obs",6083,6036,0,0
"20732","D_obs",6083,6037,0,0
"20733","D_obs",6083,6038,0,1
"20734","D_obs",6083,6039,0,0
"20735","D_obs",6083,6040,0,1
"20736","D_obs",6083,6041,0,1
"20737","D_obs",6083,6042,0,0
"20738","D_obs",6083,6043,0,0
"20739","D_obs",6083,6044,0,0
"20740","D_obs",6083,6045,0,1
"20741","D_obs",6083,6046,0,0
"20742","D_obs",6083,6047,0,0
"20743","D_obs",6083,6048,0,0
"20744","D_obs",6083,6049,0,0
"20745","D_obs",6083,6050,0,0
"20746","D_obs",6083,6051,0,2
"20747","D_obs",6083,6052,0,0
"20748","D_obs",6083,6053,0,1
"20749","D_obs",6083,6054,0,0
"20750","D_obs",6083,6055,0,1
"20751","D_obs",6083,6056,0,0
"20752","D_obs",6083,6057,0,0
"20753","D_obs",6083,6058,0,0
"20754","D_obs",6083,6059,0,0
"20755","D_obs",6083,6060,0,0
"20756","D_obs",6083,6061,0,1
"20757","D_obs",6083,6062,0,1
"20758","D_obs",6083,6063,0,0
"20759","D_obs",6083,6064,0,0
"20760","D_obs",6083,6065,0,0
"20761","D_obs",6083,6066,0,0
"20762","D_obs",6083,6067,0,0
"20763","D_obs",6083,6068,0,0
"20764","D_obs",6083,6069,0,0
"20765","D_obs",6083,6070,0,1
"20766","D_obs",6083,6071,0,0
"20767","D_obs",6083,6072,0,0
"20768","D_obs",6083,6073,0,0
"20769","D_obs",6083,6074,0,0
"20770","D_obs",6083,6075,0,0
"20771","D_obs",6083,6076,0,0
"20772","D_obs",6083,6077,0,1
"20773","D_obs",6083,6078,0,0
"20774","D_obs",6083,6079,0,0
"20775","D_obs",6083,6080,0,0
"20776","D_obs",6083,6081,0,0
"20777","cases_obs",6083,0,0,208
"20778","cases_obs",6083,1,0,199
"20779","cases_obs",6083,2,0,209
"20780","cases_obs",6083,3,0,205
"20781","cases_obs",6083,4,0,191
"20782","cases_obs",6083,5,0,189
"20783","cases_obs",6083,6,0,150
"20784","cases_obs",6083,7,0,193
"20785","cases_obs",6083,8,0,216
"20786","cases_obs",6083,9,0,179
"20787","cases_obs",6083,10,0,154
"20788","cases_obs",6083,11,0,174
"20789","cases_obs",6083,12,0,204
"20790","cases_obs",6083,13,0,167
"20791","cases_obs",6083,14,0,216
"20792","cases_obs",6083,15,0,178
"20793","cases_obs",6083,16,0,223
"20794","cases_obs",6083,17,0,434
"20795","cases_obs",6083,18,0,508
"20796","cases_obs",6083,19,0,365
"20797","cases_obs",6083,20,0,408
"20798","cases_obs",6083,21,0,367
"20799","cases_obs",6083,22,0,368
"20800","cases_obs",6083,23,0,354
"20801","cases_obs",6083,24,0,418
"20802","cases_obs",6083,25,0,478
"20803","cases_obs",6083,26,0,415
"20804","cases_obs",6083,27,0,408
"20805","cases_obs",6083,28,0,399
"20806","cases_obs",6083,29,0,442
"20807","cases_obs",6083,30,0,429
"20808","cases_obs",6083,31,0,371
"20809","cases_obs",6083,32,0,343
"20810","cases_obs",6083,33,0,294
"20811","cases_obs",6083,34,0,332
"20812","cases_obs",6083,35,0,394
"20813","cases_obs",6083,36,0,504
"20814","cases_obs",6083,37,0,479
"20815","cases_obs",6083,38,0,594
"20816","cases_obs",6083,39,0,636
"20817","cases_obs",6083,40,0,510
"20818","cases_obs",6083,41,0,610
"20819","cases_obs",6083,42,0,590
"20820","cases_obs",6083,43,0,532
"20821","cases_obs",6083,44,0,432
"20822","cases_obs",6083,45,0,411
"20823","cases_obs",6083,46,0,448
"20824","cases_obs",6083,47,0,400
"20825","cases_obs",6083,48,0,458
"20826","cases_obs",6083,49,0,403
"20827","cases_obs",6083,50,0,312
"20828","cases_obs",6083,51,0,302
"20829","cases_obs",6083,52,0,378
"20830","cases_obs",6083,53,0,331
"20831","cases_obs",6083,54,0,335
"20832","cases_obs",6083,55,0,368
"20833","cases_obs",6083,56,0,306
"20834","cases_obs",6083,57,0,315
"20835","cases_obs",6083,58,0,328
"20836","cases_obs",6083,59,0,271
"20837","cases_obs",6083,60,0,275
"20838","cases_obs",6083,61,0,340
"20839","cases_obs",6083,62,0,311
"20840","cases_obs",6083,63,0,309
"20841","cases_obs",6083,64,0,256
"20842","cases_obs",6083,65,0,312
"20843","cases_obs",6083,66,0,294
"20844","cases_obs",6083,67,0,307
"20845","cases_obs",6083,68,0,336
"20846","cases_obs",6083,69,0,292
"20847","cases_obs",6083,70,0,318
"20848","cases_obs",6083,71,0,324
"20849","cases_obs",6083,72,0,318
"20850","cases_obs",6083,73,0,381
"20851","cases_obs",6083,74,0,360
"20852","cases_obs",6083,75,0,333
"20853","cases_obs",6083,76,0,429
"20854","cases_obs",6083,77,0,325
"20855","cases_obs",6083,78,0,291
"20856","cases_obs",6083,79,0,319
"20857","cases_obs",6083,80,0,354
"20858","cases_obs",6083,81,0,463
"20859","cases_obs",6083,82,0,451
"20860","cases_obs",6083,83,0,331
"20861","cases_obs",6083,84,0,353
"20862","cases_obs",6083,85,0,345
"20863","cases_obs",6083,86,0,329
"20864","cases_obs",6083,87,0,384
"20865","cases_obs",6083,88,0,336
"20866","cases_obs",6083,89,0,357
"20867","cases_obs",6083,90,0,422
"20868","cases_obs",6083,91,0,430
"20869","cases_obs",6083,92,0,464
"20870","cases_obs",6083,93,0,407
"20871","cases_obs",6083,94,0,413
"20872","cases_obs",6083,95,0,441
"20873","cases_obs",6083,96,0,410
"20874","cases_obs",6083,97,0,308
"20875","cases_obs",6083,98,0,320
"20876","cases_obs",6083,99,0,443
"20877","cases_obs",6083,100,0,279
"20878","cases_obs",6083,101,0,322
"20879","cases_obs",6083,102,0,346
"20880","cases_obs",6083,103,0,226
"20881","cases_obs",6083,104,0,266
"20882","cases_obs",6083,105,0,296
"20883","cases_obs",6083,106,0,243
"20884","cases_obs",6083,107,0,256
"20885","cases_obs",6083,108,0,235
"20886","cases_obs",6083,109,0,225
"20887","cases_obs",6083,110,0,262
"20888","cases_obs",6083,111,0,235
"20889","cases_obs",6083,112,0,220
"20890","cases_obs",6083,113,0,214
"20891","cases_obs",6083,114,0,274
"20892","cases_obs",6083,115,0,255
"20893","cases_obs",6083,116,0,249
"20894","cases_obs",6083,117,0,221
"20895","cases_obs",6083,118,0,180
"20896","cases_obs",6083,119,0,216
"20897","cases_obs",6083,120,0,236
"20898","cases_obs",6083,121,0,297
"20899","cases_obs",6083,122,0,269
"20900","cases_obs",6083,123,0,259
"20901","cases_obs",6083,124,0,269
"20902","cases_obs",6083,125,0,264
"20903","cases_obs",6083,126,0,258
"20904","cases_obs",6083,127,0,199
"20905","cases_obs",6083,128,0,192
"20906","cases_obs",6083,129,0,244
"20907","cases_obs",6083,130,0,270
"20908","cases_obs",6083,131,0,272
"20909","cases_obs",6083,132,0,263
"20910","cases_obs",6083,133,0,291
"20911","cases_obs",6083,134,0,266
"20912","cases_obs",6083,135,0,238
"20913","cases_obs",6083,136,0,228
"20914","cases_obs",6083,137,0,233
"20915","cases_obs",6083,138,0,204
"20916","cases_obs",6083,139,0,245
"20917","cases_obs",6083,140,0,254
"20918","cases_obs",6083,141,0,256
"20919","cases_obs",6083,142,0,333
"20920","cases_obs",6083,143,0,274
"20921","cases_obs",6083,144,0,270
"20922","cases_obs",6083,145,0,249
"20923","cases_obs",6083,146,0,243
"20924","cases_obs",6083,147,0,240
"20925","cases_obs",6083,148,0,240
"20926","cases_obs",6083,149,0,214
"20927","cases_obs",6083,150,0,203
"20928","cases_obs",6083,151,0,206
"20929","cases_obs",6083,152,0,203
"20930","cases_obs",6083,153,0,190
"20931","cases_obs",6083,154,0,226
"20932","cases_obs",6083,155,0,156
"20933","cases_obs",6083,156,0,204
"20934","cases_obs",6083,157,0,226
"20935","cases_obs",6083,158,0,216
"20936","cases_obs",6083,159,0,190
"20937","cases_obs",6083,160,0,186
"20938","cases_obs",6083,161,0,178
"20939","cases_obs",6083,162,0,192
"20940","cases_obs",6083,163,0,167
"20941","cases_obs",6083,164,0,159
"20942","cases_obs",6083,165,0,189
"20943","cases_obs",6083,166,0,213
"20944","cases_obs",6083,167,0,196
"20945","cases_obs",6083,168,0,177
"20946","cases_obs",6083,169,0,152
"20947","cases_obs",6083,170,0,175
"20948","cases_obs",6083,171,0,180
"20949","cases_obs",6083,172,0,240
"20950","cases_obs",6083,173,0,216
"20951","cases_obs",6083,174,0,266
"20952","cases_obs",6083,175,0,256
"20953","cases_obs",6083,176,0,285
"20954","cases_obs",6083,177,0,208
"20955","cases_obs",6083,178,0,253
"20956","cases_obs",6083,179,0,221
"20957","cases_obs",6083,180,0,243
"20958","cases_obs",6083,181,0,219
"20959","cases_obs",6083,182,0,268
"20960","cases_obs",6083,183,0,315
"20961","cases_obs",6083,184,0,267
"20962","cases_obs",6083,185,0,245
"20963","cases_obs",6083,186,0,277
"20964","cases_obs",6083,187,0,203
"20965","cases_obs",6083,188,0,205
"20966","cases_obs",6083,189,0,204
"20967","cases_obs",6083,190,0,268
"20968","cases_obs",6083,191,0,308
"20969","cases_obs",6083,192,0,267
"20970","cases_obs",6083,193,0,374
"20971","cases_obs",6083,194,0,327
"20972","cases_obs",6083,195,0,398
"20973","cases_obs",6083,196,0,482
"20974","cases_obs",6083,197,0,420
"20975","cases_obs",6083,198,0,441
"20976","cases_obs",6083,199,0,342
"20977","cases_obs",6083,200,0,354
"20978","cases_obs",6083,201,0,319
"20979","cases_obs",6083,202,0,286
"20980","cases_obs",6083,203,0,309
"20981","cases_obs",6083,204,0,278
"20982","cases_obs",6083,205,0,290
"20983","cases_obs",6083,206,0,286
"20984","cases_obs",6083,207,0,259
"20985","cases_obs",6083,208,0,247
"20986","cases_obs",6083,209,0,215
"20987","cases_obs",6083,210,0,228
"20988","cases_obs",6083,211,0,252
"20989","cases_obs",6083,212,0,274
"20990","cases_obs",6083,213,0,252
"20991","cases_obs",6083,214,0,302
"20992","cases_obs",6083,215,0,266
"20993","cases_obs",6083,216,0,265
"20994","cases_obs",6083,217,0,309
"20995","cases_obs",6083,218,0,334
"20996","cases_obs",6083,219,0,304
"20997","cases_obs",6083,220,0,287
"20998","cases_obs",6083,221,0,280
"20999","cases_obs",6083,222,0,335
"21000","cases_obs",6083,223,0,322
"21001","cases_obs",6083,224,0,244
"21002","cases_obs",6083,225,0,286
"21003","cases_obs",6083,226,0,268
"21004","cases_obs",6083,227,0,336
"21005","cases_obs",6083,228,0,364
"21006","cases_obs",6083,229,0,338
"21007","cases_obs",6083,230,0,379
"21008","cases_obs",6083,231,0,300
"21009","cases_obs",6083,232,0,347
"21010","cases_obs",6083,233,0,327
"21011","cases_obs",6083,234,0,372
"21012","cases_obs",6083,235,0,378
"21013","cases_obs",6083,236,0,383
"21014","cases_obs",6083,237,0,322
"21015","cases_obs",6083,238,0,385
"21016","cases_obs",6083,239,0,376
"21017","cases_obs",6083,240,0,383
"21018","cases_obs",6083,241,0,403
"21019","cases_obs",6083,242,0,371
"21020","cases_obs",6083,243,0,401
"21021","cases_obs",6083,244,0,509
"21022","cases_obs",6083,245,0,482
"21023","cases_obs",6083,246,0,598
"21024","cases_obs",6083,247,0,543
"21025","cases_obs",6083,248,0,567
"21026","cases_obs",6083,249,0,547
"21027","cases_obs",6083,250,0,571
"21028","cases_obs",6083,251,0,554
"21029","cases_obs",6083,252,0,541
"21030","cases_obs",6083,253,0,576
"21031","cases_obs",6083,254,0,467
"21032","cases_obs",6083,255,0,501
"21033","cases_obs",6083,256,0,440
"21034","cases_obs",6083,257,0,400
"21035","cases_obs",6083,258,0,390
"21036","cases_obs",6083,259,0,294
"21037","cases_obs",6083,260,0,306
"21038","cases_obs",6083,261,0,347
"21039","cases_obs",6083,262,0,286
"21040","cases_obs",6083,263,0,345
"21041","cases_obs",6083,264,0,364
"21042","cases_obs",6083,265,0,356
"21043","cases_obs",6083,266,0,231
"21044","cases_obs",6083,267,0,321
"21045","cases_obs",6083,268,0,292
"21046","cases_obs",6083,269,0,336
"21047","cases_obs",6083,270,0,285
"21048","cases_obs",6083,271,0,268
"21049","cases_obs",6083,272,0,273
"21050","cases_obs",6083,273,0,245
"21051","cases_obs",6083,274,0,293
"21052","cases_obs",6083,275,0,246
"21053","cases_obs",6083,276,0,347
"21054","cases_obs",6083,277,0,314
"21055","cases_obs",6083,278,0,364
"21056","cases_obs",6083,279,0,356
"21057","cases_obs",6083,280,0,327
"21058","cases_obs",6083,281,0,376
"21059","cases_obs",6083,282,0,336
"21060","cases_obs",6083,283,0,363
"21061","cases_obs",6083,284,0,393
"21062","cases_obs",6083,285,0,402
"21063","cases_obs",6083,286,0,406
"21064","cases_obs",6083,287,0,399
"21065","cases_obs",6083,288,0,427
"21066","cases_obs",6083,289,0,434
"21067","cases_obs",6083,290,0,431
"21068","cases_obs",6083,291,0,463
"21069","cases_obs",6083,292,0,345
"21070","cases_obs",6083,293,0,329
"21071","cases_obs",6083,294,0,364
"21072","cases_obs",6083,295,0,308
"21073","cases_obs",6083,296,0,466
"21074","cases_obs",6083,297,0,442
"21075","cases_obs",6083,298,0,518
"21076","cases_obs",6083,299,0,537
"21077","cases_obs",6083,300,0,671
"21078","cases_obs",6083,301,0,602
"21079","cases_obs",6083,302,0,591
"21080","cases_obs",6083,303,0,566
"21081","cases_obs",6083,304,0,529
"21082","cases_obs",6083,305,0,477
"21083","cases_obs",6083,306,0,481
"21084","cases_obs",6083,307,0,521
"21085","cases_obs",6083,308,0,456
"21086","cases_obs",6083,309,0,444
"21087","cases_obs",6083,310,0,398
"21088","cases_obs",6083,311,0,363
"21089","cases_obs",6083,312,0,261
"21090","cases_obs",6083,313,0,332
"21091","cases_obs",6083,314,0,312
"21092","cases_obs",6083,315,0,360
"21093","cases_obs",6083,316,0,316
"21094","cases_obs",6083,317,0,332
"21095","cases_obs",6083,318,0,339
"21096","cases_obs",6083,319,0,401
"21097","cases_obs",6083,320,0,333
"21098","cases_obs",6083,321,0,344
"21099","cases_obs",6083,322,0,322
"21100","cases_obs",6083,323,0,350
"21101","cases_obs",6083,324,0,337
"21102","cases_obs",6083,325,0,327
"21103","cases_obs",6083,326,0,401
"21104","cases_obs",6083,327,0,313
"21105","cases_obs",6083,328,0,371
"21106","cases_obs",6083,329,0,394
"21107","cases_obs",6083,330,0,366
"21108","cases_obs",6083,331,0,383
"21109","cases_obs",6083,332,0,337
"21110","cases_obs",6083,333,0,451
"21111","cases_obs",6083,334,0,457
"21112","cases_obs",6083,335,0,393
"21113","cases_obs",6083,336,0,429
"21114","cases_obs",6083,337,0,410
"21115","cases_obs",6083,338,0,457
"21116","cases_obs",6083,339,0,512
"21117","cases_obs",6083,340,0,517
"21118","cases_obs",6083,341,0,595
"21119","cases_obs",6083,342,0,573
"21120","cases_obs",6083,343,0,444
"21121","cases_obs",6083,344,0,536
"21122","cases_obs",6083,345,0,438
"21123","cases_obs",6083,346,0,447
"21124","cases_obs",6083,347,0,571
"21125","cases_obs",6083,348,0,621
"21126","cases_obs",6083,349,0,606
"21127","cases_obs",6083,350,0,726
"21128","cases_obs",6083,351,0,780
"21129","cases_obs",6083,352,0,838
"21130","cases_obs",6083,353,0,798
"21131","cases_obs",6083,354,0,867
"21132","cases_obs",6083,355,0,871
"21133","cases_obs",6083,356,0,851
"21134","cases_obs",6083,357,0,726
"21135","cases_obs",6083,358,0,677
"21136","cases_obs",6083,359,0,653
"21137","cases_obs",6083,360,0,668
"21138","cases_obs",6083,361,0,596
"21139","cases_obs",6083,362,0,573
"21140","cases_obs",6083,363,0,491
"21141","cases_obs",6083,364,0,391
"21142","cases_obs",6083,365,0,463
"21143","cases_obs",6083,366,0,516
"21144","cases_obs",6083,367,0,470
"21145","cases_obs",6083,368,0,447
"21146","cases_obs",6083,369,0,413
"21147","cases_obs",6083,370,0,453
"21148","cases_obs",6083,371,0,472
"21149","cases_obs",6083,372,0,454
"21150","cases_obs",6083,373,0,379
"21151","cases_obs",6083,374,0,358
"21152","cases_obs",6083,375,0,356
"21153","cases_obs",6083,376,0,397
"21154","cases_obs",6083,377,0,374
"21155","cases_obs",6083,378,0,340
"21156","cases_obs",6083,379,0,331
"21157","cases_obs",6083,380,0,342
"21158","cases_obs",6083,381,0,359
"21159","cases_obs",6083,382,0,364
"21160","cases_obs",6083,383,0,384
"21161","cases_obs",6083,384,0,378
"21162","cases_obs",6083,385,0,332
"21163","cases_obs",6083,386,0,335
"21164","cases_obs",6083,387,0,293
"21165","cases_obs",6083,388,0,308
"21166","cases_obs",6083,389,0,301
"21167","cases_obs",6083,390,0,358
"21168","cases_obs",6083,391,0,343
"21169","cases_obs",6083,392,0,412
"21170","cases_obs",6083,393,0,371
"21171","cases_obs",6083,394,0,432
"21172","cases_obs",6083,395,0,384
"21173","cases_obs",6083,396,0,362
"21174","cases_obs",6083,397,0,328
"21175","cases_obs",6083,398,0,384
"21176","cases_obs",6083,399,0,385
"21177","cases_obs",6083,400,0,396
"21178","cases_obs",6083,401,0,478
"21179","cases_obs",6083,402,0,617
"21180","cases_obs",6083,403,0,604
"21181","cases_obs",6083,404,0,612
"21182","cases_obs",6083,405,0,539
"21183","cases_obs",6083,406,0,524
"21184","cases_obs",6083,407,0,425
"21185","cases_obs",6083,408,0,505
"21186","cases_obs",6083,409,0,531
"21187","cases_obs",6083,410,0,525
"21188","cases_obs",6083,411,0,447
"21189","cases_obs",6083,412,0,510
"21190","cases_obs",6083,413,0,451
"21191","cases_obs",6083,414,0,448
"21192","cases_obs",6083,415,0,413
"21193","cases_obs",6083,416,0,258
"21194","cases_obs",6083,417,0,417
"21195","cases_obs",6083,418,0,360
"21196","cases_obs",6083,419,0,354
"21197","cases_obs",6083,420,0,408
"21198","cases_obs",6083,421,0,350
"21199","cases_obs",6083,422,0,326
"21200","cases_obs",6083,423,0,311
"21201","cases_obs",6083,424,0,290
"21202","cases_obs",6083,425,0,333
"21203","cases_obs",6083,426,0,308
"21204","cases_obs",6083,427,0,284
"21205","cases_obs",6083,428,0,248
"21206","cases_obs",6083,429,0,340
"21207","cases_obs",6083,430,0,316
"21208","cases_obs",6083,431,0,229
"21209","cases_obs",6083,432,0,279
"21210","cases_obs",6083,433,0,271
"21211","cases_obs",6083,434,0,331
"21212","cases_obs",6083,435,0,313
"21213","cases_obs",6083,436,0,329
"21214","cases_obs",6083,437,0,372
"21215","cases_obs",6083,438,0,348
"21216","cases_obs",6083,439,0,309
"21217","cases_obs",6083,440,0,317
"21218","cases_obs",6083,441,0,459
"21219","cases_obs",6083,442,0,445
"21220","cases_obs",6083,443,0,403
"21221","cases_obs",6083,444,0,383
"21222","cases_obs",6083,445,0,420
"21223","cases_obs",6083,446,0,383
"21224","cases_obs",6083,447,0,316
"21225","cases_obs",6083,448,0,290
"21226","cases_obs",6083,449,0,307
"21227","cases_obs",6083,450,0,248
"21228","cases_obs",6083,451,0,283
"21229","cases_obs",6083,452,0,341
"21230","cases_obs",6083,453,0,413
"21231","cases_obs",6083,454,0,433
"21232","cases_obs",6083,455,0,447
"21233","cases_obs",6083,456,0,413
"21234","cases_obs",6083,457,0,328
"21235","cases_obs",6083,458,0,381
"21236","cases_obs",6083,459,0,347
"21237","cases_obs",6083,460,0,313
"21238","cases_obs",6083,461,0,317
"21239","cases_obs",6083,462,0,311
"21240","cases_obs",6083,463,0,304
"21241","cases_obs",6083,464,0,284
"21242","cases_obs",6083,465,0,277
"21243","cases_obs",6083,466,0,287
"21244","cases_obs",6083,467,0,285
"21245","cases_obs",6083,468,0,234
"21246","cases_obs",6083,469,0,282
"21247","cases_obs",6083,470,0,213
"21248","cases_obs",6083,471,0,215
"21249","cases_obs",6083,472,0,212
"21250","cases_obs",6083,473,0,209
"21251","cases_obs",6083,474,0,207
"21252","cases_obs",6083,475,0,246
"21253","cases_obs",6083,476,0,216
"21254","cases_obs",6083,477,0,221
"21255","cases_obs",6083,478,0,216
"21256","cases_obs",6083,479,0,216
"21257","cases_obs",6083,480,0,174
"21258","cases_obs",6083,481,0,180
"21259","cases_obs",6083,482,0,198
"21260","cases_obs",6083,483,0,196
"21261","cases_obs",6083,484,0,210
"21262","cases_obs",6083,485,0,202
"21263","cases_obs",6083,486,0,206
"21264","cases_obs",6083,487,0,188
"21265","cases_obs",6083,488,0,188
"21266","cases_obs",6083,489,0,203
"21267","cases_obs",6083,490,0,183
"21268","cases_obs",6083,491,0,215
"21269","cases_obs",6083,492,0,191
"21270","cases_obs",6083,493,0,172
"21271","cases_obs",6083,494,0,199
"21272","cases_obs",6083,495,0,196
"21273","cases_obs",6083,496,0,186
"21274","cases_obs",6083,497,0,247
"21275","cases_obs",6083,498,0,185
"21276","cases_obs",6083,499,0,199
"21277","cases_obs",6083,500,0,170
"21278","cases_obs",6083,501,0,176
"21279","cases_obs",6083,502,0,164
"21280","cases_obs",6083,503,0,168
"21281","cases_obs",6083,504,0,190
"21282","cases_obs",6083,505,0,203
"21283","cases_obs",6083,506,0,216
"21284","cases_obs",6083,507,0,214
"21285","cases_obs",6083,508,0,262
"21286","cases_obs",6083,509,0,250
"21287","cases_obs",6083,510,0,252
"21288","cases_obs",6083,511,0,263
"21289","cases_obs",6083,512,0,232
"21290","cases_obs",6083,513,0,200
"21291","cases_obs",6083,514,0,246
"21292","cases_obs",6083,515,0,204
"21293","cases_obs",6083,516,0,176
"21294","cases_obs",6083,517,0,170
"21295","cases_obs",6083,518,0,180
"21296","cases_obs",6083,519,0,189
"21297","cases_obs",6083,520,0,177
"21298","cases_obs",6083,521,0,145
"21299","cases_obs",6083,522,0,166
"21300","cases_obs",6083,523,0,151
"21301","cases_obs",6083,524,0,156
"21302","cases_obs",6083,525,0,125
"21303","cases_obs",6083,526,0,139
"21304","cases_obs",6083,527,0,144
"21305","cases_obs",6083,528,0,156
"21306","cases_obs",6083,529,0,158
"21307","cases_obs",6083,530,0,128
"21308","cases_obs",6083,531,0,143
"21309","cases_obs",6083,532,0,157
"21310","cases_obs",6083,533,0,137
"21311","cases_obs",6083,534,0,145
"21312","cases_obs",6083,535,0,122
"21313","cases_obs",6083,536,0,126
"21314","cases_obs",6083,537,0,185
"21315","cases_obs",6083,538,0,154
"21316","cases_obs",6083,539,0,156
"21317","cases_obs",6083,540,0,167
"21318","cases_obs",6083,541,0,173
"21319","cases_obs",6083,542,0,151
"21320","cases_obs",6083,543,0,171
"21321","cases_obs",6083,544,0,151
"21322","cases_obs",6083,545,0,196
"21323","cases_obs",6083,546,0,164
"21324","cases_obs",6083,547,0,172
"21325","cases_obs",6083,548,0,193
"21326","cases_obs",6083,549,0,211
"21327","cases_obs",6083,550,0,231
"21328","cases_obs",6083,551,0,222
"21329","cases_obs",6083,552,0,194
"21330","cases_obs",6083,553,0,186
"21331","cases_obs",6083,554,0,157
"21332","cases_obs",6083,555,0,141
"21333","cases_obs",6083,556,0,167
"21334","cases_obs",6083,557,0,226
"21335","cases_obs",6083,558,0,267
"21336","cases_obs",6083,559,0,243
"21337","cases_obs",6083,560,0,346
"21338","cases_obs",6083,561,0,303
"21339","cases_obs",6083,562,0,380
"21340","cases_obs",6083,563,0,382
"21341","cases_obs",6083,564,0,335
"21342","cases_obs",6083,565,0,291
"21343","cases_obs",6083,566,0,318
"21344","cases_obs",6083,567,0,309
"21345","cases_obs",6083,568,0,240
"21346","cases_obs",6083,569,0,258
"21347","cases_obs",6083,570,0,272
"21348","cases_obs",6083,571,0,253
"21349","cases_obs",6083,572,0,207
"21350","cases_obs",6083,573,0,169
"21351","cases_obs",6083,574,0,214
"21352","cases_obs",6083,575,0,172
"21353","cases_obs",6083,576,0,171
"21354","cases_obs",6083,577,0,195
"21355","cases_obs",6083,578,0,170
"21356","cases_obs",6083,579,0,183
"21357","cases_obs",6083,580,0,148
"21358","cases_obs",6083,581,0,214
"21359","cases_obs",6083,582,0,182
"21360","cases_obs",6083,583,0,168
"21361","cases_obs",6083,584,0,177
"21362","cases_obs",6083,585,0,131
"21363","cases_obs",6083,586,0,158
"21364","cases_obs",6083,587,0,114
"21365","cases_obs",6083,588,0,131
"21366","cases_obs",6083,589,0,143
"21367","cases_obs",6083,590,0,168
"21368","cases_obs",6083,591,0,183
"21369","cases_obs",6083,592,0,163
"21370","cases_obs",6083,593,0,163
"21371","cases_obs",6083,594,0,192
"21372","cases_obs",6083,595,0,173
"21373","cases_obs",6083,596,0,189
"21374","cases_obs",6083,597,0,200
"21375","cases_obs",6083,598,0,199
"21376","cases_obs",6083,599,0,206
"21377","cases_obs",6083,600,0,213
"21378","cases_obs",6083,601,0,247
"21379","cases_obs",6083,602,0,196
"21380","cases_obs",6083,603,0,214
"21381","cases_obs",6083,604,0,183
"21382","cases_obs",6083,605,0,211
"21383","cases_obs",6083,606,0,215
"21384","cases_obs",6083,607,0,160
"21385","cases_obs",6083,608,0,219
"21386","cases_obs",6083,609,0,233
"21387","cases_obs",6083,610,0,283
"21388","cases_obs",6083,611,0,239
"21389","cases_obs",6083,612,0,285
"21390","cases_obs",6083,613,0,330
"21391","cases_obs",6083,614,0,340
"21392","cases_obs",6083,615,0,356
"21393","cases_obs",6083,616,0,313
"21394","cases_obs",6083,617,0,306
"21395","cases_obs",6083,618,0,326
"21396","cases_obs",6083,619,0,303
"21397","cases_obs",6083,620,0,288
"21398","cases_obs",6083,621,0,294
"21399","cases_obs",6083,622,0,300
"21400","cases_obs",6083,623,0,252
"21401","cases_obs",6083,624,0,227
"21402","cases_obs",6083,625,0,180
"21403","cases_obs",6083,626,0,205
"21404","cases_obs",6083,627,0,203
"21405","cases_obs",6083,628,0,223
"21406","cases_obs",6083,629,0,210
"21407","cases_obs",6083,630,0,245
"21408","cases_obs",6083,631,0,223
"21409","cases_obs",6083,632,0,213
"21410","cases_obs",6083,633,0,169
"21411","cases_obs",6083,634,0,205
"21412","cases_obs",6083,635,0,178
"21413","cases_obs",6083,636,0,178
"21414","cases_obs",6083,637,0,118
"21415","cases_obs",6083,638,0,242
"21416","cases_obs",6083,639,0,178
"21417","cases_obs",6083,640,0,182
"21418","cases_obs",6083,641,0,215
"21419","cases_obs",6083,642,0,204
"21420","cases_obs",6083,643,0,220
"21421","cases_obs",6083,644,0,199
"21422","cases_obs",6083,645,0,213
"21423","cases_obs",6083,646,0,197
"21424","cases_obs",6083,647,0,188
"21425","cases_obs",6083,648,0,199
"21426","cases_obs",6083,649,0,201
"21427","cases_obs",6083,650,0,285
"21428","cases_obs",6083,651,0,332
"21429","cases_obs",6083,652,0,325
"21430","cases_obs",6083,653,0,335
"21431","cases_obs",6083,654,0,361
"21432","cases_obs",6083,655,0,361
"21433","cases_obs",6083,656,0,292
"21434","cases_obs",6083,657,0,228
"21435","cases_obs",6083,658,0,246
"21436","cases_obs",6083,659,0,241
"21437","cases_obs",6083,660,0,286
"21438","cases_obs",6083,661,0,336
"21439","cases_obs",6083,662,0,306
"21440","cases_obs",6083,663,0,403
"21441","cases_obs",6083,664,0,535
"21442","cases_obs",6083,665,0,514
"21443","cases_obs",6083,666,0,508
"21444","cases_obs",6083,667,0,576
"21445","cases_obs",6083,668,0,609
"21446","cases_obs",6083,669,0,698
"21447","cases_obs",6083,670,0,548
"21448","cases_obs",6083,671,0,681
"21449","cases_obs",6083,672,0,639
"21450","cases_obs",6083,673,0,640
"21451","cases_obs",6083,674,0,553
"21452","cases_obs",6083,675,0,596
"21453","cases_obs",6083,676,0,485
"21454","cases_obs",6083,677,0,318
"21455","cases_obs",6083,678,0,459
"21456","cases_obs",6083,679,0,457
"21457","cases_obs",6083,680,0,429
"21458","cases_obs",6083,681,0,374
"21459","cases_obs",6083,682,0,459
"21460","cases_obs",6083,683,0,411
"21461","cases_obs",6083,684,0,458
"21462","cases_obs",6083,685,0,380
"21463","cases_obs",6083,686,0,432
"21464","cases_obs",6083,687,0,360
"21465","cases_obs",6083,688,0,337
"21466","cases_obs",6083,689,0,342
"21467","cases_obs",6083,690,0,341
"21468","cases_obs",6083,691,0,396
"21469","cases_obs",6083,692,0,292
"21470","cases_obs",6083,693,0,318
"21471","cases_obs",6083,694,0,292
"21472","cases_obs",6083,695,0,381
"21473","cases_obs",6083,696,0,410
"21474","cases_obs",6083,697,0,338
"21475","cases_obs",6083,698,0,426
"21476","cases_obs",6083,699,0,404
"21477","cases_obs",6083,700,0,351
"21478","cases_obs",6083,701,0,403
"21479","cases_obs",6083,702,0,428
"21480","cases_obs",6083,703,0,445
"21481","cases_obs",6083,704,0,433
"21482","cases_obs",6083,705,0,432
"21483","cases_obs",6083,706,0,446
"21484","cases_obs",6083,707,0,423
"21485","cases_obs",6083,708,0,431
"21486","cases_obs",6083,709,0,372
"21487","cases_obs",6083,710,0,378
"21488","cases_obs",6083,711,0,364
"21489","cases_obs",6083,712,0,542
"21490","cases_obs",6083,713,0,554
"21491","cases_obs",6083,714,0,661
"21492","cases_obs",6083,715,0,584
"21493","cases_obs",6083,716,0,652
"21494","cases_obs",6083,717,0,810
"21495","cases_obs",6083,718,0,771
"21496","cases_obs",6083,719,0,875
"21497","cases_obs",6083,720,0,824
"21498","cases_obs",6083,721,0,689
"21499","cases_obs",6083,722,0,725
"21500","cases_obs",6083,723,0,698
"21501","cases_obs",6083,724,0,689
"21502","cases_obs",6083,725,0,644
"21503","cases_obs",6083,726,0,578
"21504","cases_obs",6083,727,0,546
"21505","cases_obs",6083,728,0,476
"21506","cases_obs",6083,729,0,318
"21507","cases_obs",6083,730,0,503
"21508","cases_obs",6083,731,0,328
"21509","cases_obs",6083,732,0,355
"21510","cases_obs",6083,733,0,322
"21511","cases_obs",6083,734,0,338
"21512","cases_obs",6083,735,0,369
"21513","cases_obs",6083,736,0,361
"21514","cases_obs",6083,737,0,308
"21515","cases_obs",6083,738,0,299
"21516","cases_obs",6083,739,0,333
"21517","cases_obs",6083,740,0,280
"21518","cases_obs",6083,741,0,318
"21519","cases_obs",6083,742,0,300
"21520","cases_obs",6083,743,0,243
"21521","cases_obs",6083,744,0,292
"21522","cases_obs",6083,745,0,276
"21523","cases_obs",6083,746,0,255
"21524","cases_obs",6083,747,0,321
"21525","cases_obs",6083,748,0,323
"21526","cases_obs",6083,749,0,276
"21527","cases_obs",6083,750,0,336
"21528","cases_obs",6083,751,0,279
"21529","cases_obs",6083,752,0,321
"21530","cases_obs",6083,753,0,350
"21531","cases_obs",6083,754,0,330
"21532","cases_obs",6083,755,0,331
"21533","cases_obs",6083,756,0,351
"21534","cases_obs",6083,757,0,348
"21535","cases_obs",6083,758,0,315
"21536","cases_obs",6083,759,0,349
"21537","cases_obs",6083,760,0,314
"21538","cases_obs",6083,761,0,284
"21539","cases_obs",6083,762,0,294
"21540","cases_obs",6083,763,0,223
"21541","cases_obs",6083,764,0,211
"21542","cases_obs",6083,765,0,354
"21543","cases_obs",6083,766,0,294
"21544","cases_obs",6083,767,0,400
"21545","cases_obs",6083,768,0,393
"21546","cases_obs",6083,769,0,422
"21547","cases_obs",6083,770,0,485
"21548","cases_obs",6083,771,0,467
"21549","cases_obs",6083,772,0,463
"21550","cases_obs",6083,773,0,410
"21551","cases_obs",6083,774,0,353
"21552","cases_obs",6083,775,0,396
"21553","cases_obs",6083,776,0,347
"21554","cases_obs",6083,777,0,331
"21555","cases_obs",6083,778,0,298
"21556","cases_obs",6083,779,0,277
"21557","cases_obs",6083,780,0,272
"21558","cases_obs",6083,781,0,199
"21559","cases_obs",6083,782,0,258
"21560","cases_obs",6083,783,0,261
"21561","cases_obs",6083,784,0,234
"21562","cases_obs",6083,785,0,274
"21563","cases_obs",6083,786,0,263
"21564","cases_obs",6083,787,0,257
"21565","cases_obs",6083,788,0,200
"21566","cases_obs",6083,789,0,223
"21567","cases_obs",6083,790,0,203
"21568","cases_obs",6083,791,0,234
"21569","cases_obs",6083,792,0,226
"21570","cases_obs",6083,793,0,192
"21571","cases_obs",6083,794,0,207
"21572","cases_obs",6083,795,0,210
"21573","cases_obs",6083,796,0,235
"21574","cases_obs",6083,797,0,196
"21575","cases_obs",6083,798,0,183
"21576","cases_obs",6083,799,0,201
"21577","cases_obs",6083,800,0,168
"21578","cases_obs",6083,801,0,167
"21579","cases_obs",6083,802,0,155
"21580","cases_obs",6083,803,0,161
"21581","cases_obs",6083,804,0,162
"21582","cases_obs",6083,805,0,166
"21583","cases_obs",6083,806,0,154
"21584","cases_obs",6083,807,0,170
"21585","cases_obs",6083,808,0,157
"21586","cases_obs",6083,809,0,165
"21587","cases_obs",6083,810,0,165
"21588","cases_obs",6083,811,0,172
"21589","cases_obs",6083,812,0,161
"21590","cases_obs",6083,813,0,127
"21591","cases_obs",6083,814,0,145
"21592","cases_obs",6083,815,0,90
"21593","cases_obs",6083,816,0,97
"21594","cases_obs",6083,817,0,129
"21595","cases_obs",6083,818,0,147
"21596","cases_obs",6083,819,0,141
"21597","cases_obs",6083,820,0,147
"21598","cases_obs",6083,821,0,155
"21599","cases_obs",6083,822,0,153
"21600","cases_obs",6083,823,0,153
"21601","cases_obs",6083,824,0,140
"21602","cases_obs",6083,825,0,177
"21603","cases_obs",6083,826,0,163
"21604","cases_obs",6083,827,0,153
"21605","cases_obs",6083,828,0,147
"21606","cases_obs",6083,829,0,118
"21607","cases_obs",6083,830,0,128
"21608","cases_obs",6083,831,0,98
"21609","cases_obs",6083,832,0,120
"21610","cases_obs",6083,833,0,94
"21611","cases_obs",6083,834,0,94
"21612","cases_obs",6083,835,0,119
"21613","cases_obs",6083,836,0,86
"21614","cases_obs",6083,837,0,108
"21615","cases_obs",6083,838,0,111
"21616","cases_obs",6083,839,0,93
"21617","cases_obs",6083,840,0,95
"21618","cases_obs",6083,841,0,113
"21619","cases_obs",6083,842,0,123
"21620","cases_obs",6083,843,0,109
"21621","cases_obs",6083,844,0,104
"21622","cases_obs",6083,845,0,109
"21623","cases_obs",6083,846,0,114
"21624","cases_obs",6083,847,0,98
"21625","cases_obs",6083,848,0,75
"21626","cases_obs",6083,849,0,91
"21627","cases_obs",6083,850,0,86
"21628","cases_obs",6083,851,0,96
"21629","cases_obs",6083,852,0,101
"21630","cases_obs",6083,853,0,99
"21631","cases_obs",6083,854,0,90
"21632","cases_obs",6083,855,0,90
"21633","cases_obs",6083,856,0,84
"21634","cases_obs",6083,857,0,107
"21635","cases_obs",6083,858,0,70
"21636","cases_obs",6083,859,0,72
"21637","cases_obs",6083,860,0,91
"21638","cases_obs",6083,861,0,102
"21639","cases_obs",6083,862,0,110
"21640","cases_obs",6083,863,0,94
"21641","cases_obs",6083,864,0,93
"21642","cases_obs",6083,865,0,84
"21643","cases_obs",6083,866,0,69
"21644","cases_obs",6083,867,0,90
"21645","cases_obs",6083,868,0,92
"21646","cases_obs",6083,869,0,88
"21647","cases_obs",6083,870,0,104
"21648","cases_obs",6083,871,0,113
"21649","cases_obs",6083,872,0,151
"21650","cases_obs",6083,873,0,156
"21651","cases_obs",6083,874,0,157
"21652","cases_obs",6083,875,0,168
"21653","cases_obs",6083,876,0,158
"21654","cases_obs",6083,877,0,212
"21655","cases_obs",6083,878,0,188
"21656","cases_obs",6083,879,0,153
"21657","cases_obs",6083,880,0,226
"21658","cases_obs",6083,881,0,210
"21659","cases_obs",6083,882,0,195
"21660","cases_obs",6083,883,0,169
"21661","cases_obs",6083,884,0,154
"21662","cases_obs",6083,885,0,132
"21663","cases_obs",6083,886,0,113
"21664","cases_obs",6083,887,0,135
"21665","cases_obs",6083,888,0,144
"21666","cases_obs",6083,889,0,125
"21667","cases_obs",6083,890,0,135
"21668","cases_obs",6083,891,0,135
"21669","cases_obs",6083,892,0,127
"21670","cases_obs",6083,893,0,106
"21671","cases_obs",6083,894,0,119
"21672","cases_obs",6083,895,0,94
"21673","cases_obs",6083,896,0,118
"21674","cases_obs",6083,897,0,131
"21675","cases_obs",6083,898,0,153
"21676","cases_obs",6083,899,0,118
"21677","cases_obs",6083,900,0,95
"21678","cases_obs",6083,901,0,109
"21679","cases_obs",6083,902,0,98
"21680","cases_obs",6083,903,0,97
"21681","cases_obs",6083,904,0,91
"21682","cases_obs",6083,905,0,123
"21683","cases_obs",6083,906,0,119
"21684","cases_obs",6083,907,0,108
"21685","cases_obs",6083,908,0,86
"21686","cases_obs",6083,909,0,106
"21687","cases_obs",6083,910,0,116
"21688","cases_obs",6083,911,0,135
"21689","cases_obs",6083,912,0,147
"21690","cases_obs",6083,913,0,112
"21691","cases_obs",6083,914,0,113
"21692","cases_obs",6083,915,0,110
"21693","cases_obs",6083,916,0,98
"21694","cases_obs",6083,917,0,102
"21695","cases_obs",6083,918,0,94
"21696","cases_obs",6083,919,0,100
"21697","cases_obs",6083,920,0,104
"21698","cases_obs",6083,921,0,101
"21699","cases_obs",6083,922,0,138
"21700","cases_obs",6083,923,0,161
"21701","cases_obs",6083,924,0,157
"21702","cases_obs",6083,925,0,185
"21703","cases_obs",6083,926,0,170
"21704","cases_obs",6083,927,0,242
"21705","cases_obs",6083,928,0,237
"21706","cases_obs",6083,929,0,211
"21707","cases_obs",6083,930,0,171
"21708","cases_obs",6083,931,0,170
"21709","cases_obs",6083,932,0,153
"21710","cases_obs",6083,933,0,138
"21711","cases_obs",6083,934,0,127
"21712","cases_obs",6083,935,0,156
"21713","cases_obs",6083,936,0,145
"21714","cases_obs",6083,937,0,137
"21715","cases_obs",6083,938,0,121
"21716","cases_obs",6083,939,0,160
"21717","cases_obs",6083,940,0,119
"21718","cases_obs",6083,941,0,157
"21719","cases_obs",6083,942,0,125
"21720","cases_obs",6083,943,0,122
"21721","cases_obs",6083,944,0,128
"21722","cases_obs",6083,945,0,143
"21723","cases_obs",6083,946,0,132
"21724","cases_obs",6083,947,0,121
"21725","cases_obs",6083,948,0,140
"21726","cases_obs",6083,949,0,130
"21727","cases_obs",6083,950,0,106
"21728","cases_obs",6083,951,0,155
"21729","cases_obs",6083,952,0,157
"21730","cases_obs",6083,953,0,177
"21731","cases_obs",6083,954,0,136
"21732","cases_obs",6083,955,0,122
"21733","cases_obs",6083,956,0,119
"21734","cases_obs",6083,957,0,152
"21735","cases_obs",6083,958,0,151
"21736","cases_obs",6083,959,0,156
"21737","cases_obs",6083,960,0,164
"21738","cases_obs",6083,961,0,147
"21739","cases_obs",6083,962,0,162
"21740","cases_obs",6083,963,0,165
"21741","cases_obs",6083,964,0,179
"21742","cases_obs",6083,965,0,244
"21743","cases_obs",6083,966,0,259
"21744","cases_obs",6083,967,0,240
"21745","cases_obs",6083,968,0,288
"21746","cases_obs",6083,969,0,212
"21747","cases_obs",6083,970,0,189
"21748","cases_obs",6083,971,0,208
"21749","cases_obs",6083,972,0,165
"21750","cases_obs",6083,973,0,166
"21751","cases_obs",6083,974,0,219
"21752","cases_obs",6083,975,0,259
"21753","cases_obs",6083,976,0,260
"21754","cases_obs",6083,977,0,305
"21755","cases_obs",6083,978,0,390
"21756","cases_obs",6083,979,0,418
"21757","cases_obs",6083,980,0,448
"21758","cases_obs",6083,981,0,479
"21759","cases_obs",6083,982,0,444
"21760","cases_obs",6083,983,0,458
"21761","cases_obs",6083,984,0,438
"21762","cases_obs",6083,985,0,467
"21763","cases_obs",6083,986,0,511
"21764","cases_obs",6083,987,0,503
"21765","cases_obs",6083,988,0,442
"21766","cases_obs",6083,989,0,484
"21767","cases_obs",6083,990,0,261
"21768","cases_obs",6083,991,0,469
"21769","cases_obs",6083,992,0,287
"21770","cases_obs",6083,993,0,328
"21771","cases_obs",6083,994,0,343
"21772","cases_obs",6083,995,0,303
"21773","cases_obs",6083,996,0,314
"21774","cases_obs",6083,997,0,282
"21775","cases_obs",6083,998,0,299
"21776","cases_obs",6083,999,0,277
"21777","cases_obs",6083,1000,0,256
"21778","cases_obs",6083,1001,0,252
"21779","cases_obs",6083,1002,0,294
"21780","cases_obs",6083,1003,0,281
"21781","cases_obs",6083,1004,0,202
"21782","cases_obs",6083,1005,0,305
"21783","cases_obs",6083,1006,0,235
"21784","cases_obs",6083,1007,0,217
"21785","cases_obs",6083,1008,0,233
"21786","cases_obs",6083,1009,0,229
"21787","cases_obs",6083,1010,0,271
"21788","cases_obs",6083,1011,0,229
"21789","cases_obs",6083,1012,0,221
"21790","cases_obs",6083,1013,0,198
"21791","cases_obs",6083,1014,0,217
"21792","cases_obs",6083,1015,0,264
"21793","cases_obs",6083,1016,0,274
"21794","cases_obs",6083,1017,0,302
"21795","cases_obs",6083,1018,0,293
"21796","cases_obs",6083,1019,0,303
"21797","cases_obs",6083,1020,0,280
"21798","cases_obs",6083,1021,0,292
"21799","cases_obs",6083,1022,0,295
"21800","cases_obs",6083,1023,0,317
"21801","cases_obs",6083,1024,0,340
"21802","cases_obs",6083,1025,0,369
"21803","cases_obs",6083,1026,0,436
"21804","cases_obs",6083,1027,0,532
"21805","cases_obs",6083,1028,0,605
"21806","cases_obs",6083,1029,0,703
"21807","cases_obs",6083,1030,0,771
"21808","cases_obs",6083,1031,0,826
"21809","cases_obs",6083,1032,0,906
"21810","cases_obs",6083,1033,0,943
"21811","cases_obs",6083,1034,0,1025
"21812","cases_obs",6083,1035,0,878
"21813","cases_obs",6083,1036,0,980
"21814","cases_obs",6083,1037,0,838
"21815","cases_obs",6083,1038,0,728
"21816","cases_obs",6083,1039,0,787
"21817","cases_obs",6083,1040,0,723
"21818","cases_obs",6083,1041,0,528
"21819","cases_obs",6083,1042,0,471
"21820","cases_obs",6083,1043,0,641
"21821","cases_obs",6083,1044,0,516
"21822","cases_obs",6083,1045,0,479
"21823","cases_obs",6083,1046,0,540
"21824","cases_obs",6083,1047,0,567
"21825","cases_obs",6083,1048,0,424
"21826","cases_obs",6083,1049,0,488
"21827","cases_obs",6083,1050,0,525
"21828","cases_obs",6083,1051,0,465
"21829","cases_obs",6083,1052,0,476
"21830","cases_obs",6083,1053,0,509
"21831","cases_obs",6083,1054,0,513
"21832","cases_obs",6083,1055,0,466
"21833","cases_obs",6083,1056,0,445
"21834","cases_obs",6083,1057,0,427
"21835","cases_obs",6083,1058,0,409
"21836","cases_obs",6083,1059,0,411
"21837","cases_obs",6083,1060,0,490
"21838","cases_obs",6083,1061,0,490
"21839","cases_obs",6083,1062,0,533
"21840","cases_obs",6083,1063,0,503
"21841","cases_obs",6083,1064,0,553
"21842","cases_obs",6083,1065,0,547
"21843","cases_obs",6083,1066,0,427
"21844","cases_obs",6083,1067,0,558
"21845","cases_obs",6083,1068,0,546
"21846","cases_obs",6083,1069,0,542
"21847","cases_obs",6083,1070,0,625
"21848","cases_obs",6083,1071,0,593
"21849","cases_obs",6083,1072,0,602
"21850","cases_obs",6083,1073,0,530
"21851","cases_obs",6083,1074,0,439
"21852","cases_obs",6083,1075,0,395
"21853","cases_obs",6083,1076,0,478
"21854","cases_obs",6083,1077,0,434
"21855","cases_obs",6083,1078,0,605
"21856","cases_obs",6083,1079,0,730
"21857","cases_obs",6083,1080,0,878
"21858","cases_obs",6083,1081,0,812
"21859","cases_obs",6083,1082,0,894
"21860","cases_obs",6083,1083,0,1154
"21861","cases_obs",6083,1084,0,1137
"21862","cases_obs",6083,1085,0,1232
"21863","cases_obs",6083,1086,0,1102
"21864","cases_obs",6083,1087,0,1088
"21865","cases_obs",6083,1088,0,990
"21866","cases_obs",6083,1089,0,949
"21867","cases_obs",6083,1090,0,924
"21868","cases_obs",6083,1091,0,779
"21869","cases_obs",6083,1092,0,684
"21870","cases_obs",6083,1093,0,689
"21871","cases_obs",6083,1094,0,661
"21872","cases_obs",6083,1095,0,553
"21873","cases_obs",6083,1096,0,512
"21874","cases_obs",6083,1097,0,520
"21875","cases_obs",6083,1098,0,465
"21876","cases_obs",6083,1099,0,477
"21877","cases_obs",6083,1100,0,453
"21878","cases_obs",6083,1101,0,422
"21879","cases_obs",6083,1102,0,394
"21880","cases_obs",6083,1103,0,380
"21881","cases_obs",6083,1104,0,299
"21882","cases_obs",6083,1105,0,388
"21883","cases_obs",6083,1106,0,308
"21884","cases_obs",6083,1107,0,325
"21885","cases_obs",6083,1108,0,372
"21886","cases_obs",6083,1109,0,325
"21887","cases_obs",6083,1110,0,333
"21888","cases_obs",6083,1111,0,305
"21889","cases_obs",6083,1112,0,363
"21890","cases_obs",6083,1113,0,342
"21891","cases_obs",6083,1114,0,354
"21892","cases_obs",6083,1115,0,320
"21893","cases_obs",6083,1116,0,297
"21894","cases_obs",6083,1117,0,269
"21895","cases_obs",6083,1118,0,294
"21896","cases_obs",6083,1119,0,318
"21897","cases_obs",6083,1120,0,282
"21898","cases_obs",6083,1121,0,333
"21899","cases_obs",6083,1122,0,330
"21900","cases_obs",6083,1123,0,332
"21901","cases_obs",6083,1124,0,277
"21902","cases_obs",6083,1125,0,272
"21903","cases_obs",6083,1126,0,247
"21904","cases_obs",6083,1127,0,232
"21905","cases_obs",6083,1128,0,261
"21906","cases_obs",6083,1129,0,258
"21907","cases_obs",6083,1130,0,286
"21908","cases_obs",6083,1131,0,305
"21909","cases_obs",6083,1132,0,326
"21910","cases_obs",6083,1133,0,369
"21911","cases_obs",6083,1134,0,344
"21912","cases_obs",6083,1135,0,311
"21913","cases_obs",6083,1136,0,356
"21914","cases_obs",6083,1137,0,303
"21915","cases_obs",6083,1138,0,272
"21916","cases_obs",6083,1139,0,327
"21917","cases_obs",6083,1140,0,295
"21918","cases_obs",6083,1141,0,278
"21919","cases_obs",6083,1142,0,284
"21920","cases_obs",6083,1143,0,273
"21921","cases_obs",6083,1144,0,269
"21922","cases_obs",6083,1145,0,249
"21923","cases_obs",6083,1146,0,208
"21924","cases_obs",6083,1147,0,285
"21925","cases_obs",6083,1148,0,200
"21926","cases_obs",6083,1149,0,222
"21927","cases_obs",6083,1150,0,221
"21928","cases_obs",6083,1151,0,220
"21929","cases_obs",6083,1152,0,182
"21930","cases_obs",6083,1153,0,230
"21931","cases_obs",6083,1154,0,196
"21932","cases_obs",6083,1155,0,218
"21933","cases_obs",6083,1156,0,218
"21934","cases_obs",6083,1157,0,212
"21935","cases_obs",6083,1158,0,206
"21936","cases_obs",6083,1159,0,172
"21937","cases_obs",6083,1160,0,175
"21938","cases_obs",6083,1161,0,142
"21939","cases_obs",6083,1162,0,174
"21940","cases_obs",6083,1163,0,170
"21941","cases_obs",6083,1164,0,194
"21942","cases_obs",6083,1165,0,189
"21943","cases_obs",6083,1166,0,155
"21944","cases_obs",6083,1167,0,172
"21945","cases_obs",6083,1168,0,189
"21946","cases_obs",6083,1169,0,161
"21947","cases_obs",6083,1170,0,177
"21948","cases_obs",6083,1171,0,171
"21949","cases_obs",6083,1172,0,194
"21950","cases_obs",6083,1173,0,180
"21951","cases_obs",6083,1174,0,173
"21952","cases_obs",6083,1175,0,141
"21953","cases_obs",6083,1176,0,143
"21954","cases_obs",6083,1177,0,127
"21955","cases_obs",6083,1178,0,109
"21956","cases_obs",6083,1179,0,114
"21957","cases_obs",6083,1180,0,123
"21958","cases_obs",6083,1181,0,123
"21959","cases_obs",6083,1182,0,179
"21960","cases_obs",6083,1183,0,218
"21961","cases_obs",6083,1184,0,230
"21962","cases_obs",6083,1185,0,256
"21963","cases_obs",6083,1186,0,235
"21964","cases_obs",6083,1187,0,230
"21965","cases_obs",6083,1188,0,216
"21966","cases_obs",6083,1189,0,302
"21967","cases_obs",6083,1190,0,241
"21968","cases_obs",6083,1191,0,220
"21969","cases_obs",6083,1192,0,242
"21970","cases_obs",6083,1193,0,227
"21971","cases_obs",6083,1194,0,240
"21972","cases_obs",6083,1195,0,214
"21973","cases_obs",6083,1196,0,211
"21974","cases_obs",6083,1197,0,178
"21975","cases_obs",6083,1198,0,172
"21976","cases_obs",6083,1199,0,194
"21977","cases_obs",6083,1200,0,146
"21978","cases_obs",6083,1201,0,179
"21979","cases_obs",6083,1202,0,217
"21980","cases_obs",6083,1203,0,148
"21981","cases_obs",6083,1204,0,187
"21982","cases_obs",6083,1205,0,170
"21983","cases_obs",6083,1206,0,161
"21984","cases_obs",6083,1207,0,133
"21985","cases_obs",6083,1208,0,193
"21986","cases_obs",6083,1209,0,155
"21987","cases_obs",6083,1210,0,183
"21988","cases_obs",6083,1211,0,184
"21989","cases_obs",6083,1212,0,166
"21990","cases_obs",6083,1213,0,170
"21991","cases_obs",6083,1214,0,186
"21992","cases_obs",6083,1215,0,215
"21993","cases_obs",6083,1216,0,185
"21994","cases_obs",6083,1217,0,189
"21995","cases_obs",6083,1218,0,221
"21996","cases_obs",6083,1219,0,235
"21997","cases_obs",6083,1220,0,228
"21998","cases_obs",6083,1221,0,227
"21999","cases_obs",6083,1222,0,235
"22000","cases_obs",6083,1223,0,193
"22001","cases_obs",6083,1224,0,208
"22002","cases_obs",6083,1225,0,205
"22003","cases_obs",6083,1226,0,240
"22004","cases_obs",6083,1227,0,184
"22005","cases_obs",6083,1228,0,211
"22006","cases_obs",6083,1229,0,216
"22007","cases_obs",6083,1230,0,214
"22008","cases_obs",6083,1231,0,219
"22009","cases_obs",6083,1232,0,174
"22010","cases_obs",6083,1233,0,207
"22011","cases_obs",6083,1234,0,209
"22012","cases_obs",6083,1235,0,273
"22013","cases_obs",6083,1236,0,302
"22014","cases_obs",6083,1237,0,269
"22015","cases_obs",6083,1238,0,286
"22016","cases_obs",6083,1239,0,323
"22017","cases_obs",6083,1240,0,296
"22018","cases_obs",6083,1241,0,293
"22019","cases_obs",6083,1242,0,295
"22020","cases_obs",6083,1243,0,264
"22021","cases_obs",6083,1244,0,295
"22022","cases_obs",6083,1245,0,255
"22023","cases_obs",6083,1246,0,322
"22024","cases_obs",6083,1247,0,256
"22025","cases_obs",6083,1248,0,238
"22026","cases_obs",6083,1249,0,268
"22027","cases_obs",6083,1250,0,180
"22028","cases_obs",6083,1251,0,291
"22029","cases_obs",6083,1252,0,218
"22030","cases_obs",6083,1253,0,239
"22031","cases_obs",6083,1254,0,205
"22032","cases_obs",6083,1255,0,211
"22033","cases_obs",6083,1256,0,197
"22034","cases_obs",6083,1257,0,213
"22035","cases_obs",6083,1258,0,205
"22036","cases_obs",6083,1259,0,193
"22037","cases_obs",6083,1260,0,183
"22038","cases_obs",6083,1261,0,183
"22039","cases_obs",6083,1262,0,176
"22040","cases_obs",6083,1263,0,197
"22041","cases_obs",6083,1264,0,236
"22042","cases_obs",6083,1265,0,206
"22043","cases_obs",6083,1266,0,196
"22044","cases_obs",6083,1267,0,191
"22045","cases_obs",6083,1268,0,197
"22046","cases_obs",6083,1269,0,239
"22047","cases_obs",6083,1270,0,202
"22048","cases_obs",6083,1271,0,217
"22049","cases_obs",6083,1272,0,201
"22050","cases_obs",6083,1273,0,183
"22051","cases_obs",6083,1274,0,224
"22052","cases_obs",6083,1275,0,195
"22053","cases_obs",6083,1276,0,179
"22054","cases_obs",6083,1277,0,257
"22055","cases_obs",6083,1278,0,260
"22056","cases_obs",6083,1279,0,282
"22057","cases_obs",6083,1280,0,238
"22058","cases_obs",6083,1281,0,200
"22059","cases_obs",6083,1282,0,166
"22060","cases_obs",6083,1283,0,194
"22061","cases_obs",6083,1284,0,173
"22062","cases_obs",6083,1285,0,188
"22063","cases_obs",6083,1286,0,208
"22064","cases_obs",6083,1287,0,213
"22065","cases_obs",6083,1288,0,281
"22066","cases_obs",6083,1289,0,327
"22067","cases_obs",6083,1290,0,342
"22068","cases_obs",6083,1291,0,363
"22069","cases_obs",6083,1292,0,313
"22070","cases_obs",6083,1293,0,382
"22071","cases_obs",6083,1294,0,313
"22072","cases_obs",6083,1295,0,310
"22073","cases_obs",6083,1296,0,332
"22074","cases_obs",6083,1297,0,327
"22075","cases_obs",6083,1298,0,298
"22076","cases_obs",6083,1299,0,256
"22077","cases_obs",6083,1300,0,267
"22078","cases_obs",6083,1301,0,235
"22079","cases_obs",6083,1302,0,196
"22080","cases_obs",6083,1303,0,278
"22081","cases_obs",6083,1304,0,248
"22082","cases_obs",6083,1305,0,229
"22083","cases_obs",6083,1306,0,226
"22084","cases_obs",6083,1307,0,266
"22085","cases_obs",6083,1308,0,255
"22086","cases_obs",6083,1309,0,232
"22087","cases_obs",6083,1310,0,271
"22088","cases_obs",6083,1311,0,247
"22089","cases_obs",6083,1312,0,225
"22090","cases_obs",6083,1313,0,224
"22091","cases_obs",6083,1314,0,242
"22092","cases_obs",6083,1315,0,237
"22093","cases_obs",6083,1316,0,261
"22094","cases_obs",6083,1317,0,213
"22095","cases_obs",6083,1318,0,228
"22096","cases_obs",6083,1319,0,201
"22097","cases_obs",6083,1320,0,241
"22098","cases_obs",6083,1321,0,234
"22099","cases_obs",6083,1322,0,238
"22100","cases_obs",6083,1323,0,268
"22101","cases_obs",6083,1324,0,250
"22102","cases_obs",6083,1325,0,204
"22103","cases_obs",6083,1326,0,252
"22104","cases_obs",6083,1327,0,252
"22105","cases_obs",6083,1328,0,236
"22106","cases_obs",6083,1329,0,278
"22107","cases_obs",6083,1330,0,232
"22108","cases_obs",6083,1331,0,289
"22109","cases_obs",6083,1332,0,191
"22110","cases_obs",6083,1333,0,202
"22111","cases_obs",6083,1334,0,159
"22112","cases_obs",6083,1335,0,190
"22113","cases_obs",6083,1336,0,181
"22114","cases_obs",6083,1337,0,151
"22115","cases_obs",6083,1338,0,184
"22116","cases_obs",6083,1339,0,186
"22117","cases_obs",6083,1340,0,216
"22118","cases_obs",6083,1341,0,217
"22119","cases_obs",6083,1342,0,275
"22120","cases_obs",6083,1343,0,303
"22121","cases_obs",6083,1344,0,267
"22122","cases_obs",6083,1345,0,279
"22123","cases_obs",6083,1346,0,302
"22124","cases_obs",6083,1347,0,275
"22125","cases_obs",6083,1348,0,305
"22126","cases_obs",6083,1349,0,291
"22127","cases_obs",6083,1350,0,263
"22128","cases_obs",6083,1351,0,265
"22129","cases_obs",6083,1352,0,234
"22130","cases_obs",6083,1353,0,198
"22131","cases_obs",6083,1354,0,195
"22132","cases_obs",6083,1355,0,267
"22133","cases_obs",6083,1356,0,210
"22134","cases_obs",6083,1357,0,213
"22135","cases_obs",6083,1358,0,189
"22136","cases_obs",6083,1359,0,205
"22137","cases_obs",6083,1360,0,177
"22138","cases_obs",6083,1361,0,170
"22139","cases_obs",6083,1362,0,195
"22140","cases_obs",6083,1363,0,197
"22141","cases_obs",6083,1364,0,186
"22142","cases_obs",6083,1365,0,181
"22143","cases_obs",6083,1366,0,184
"22144","cases_obs",6083,1367,0,201
"22145","cases_obs",6083,1368,0,230
"22146","cases_obs",6083,1369,0,231
"22147","cases_obs",6083,1370,0,201
"22148","cases_obs",6083,1371,0,191
"22149","cases_obs",6083,1372,0,208
"22150","cases_obs",6083,1373,0,255
"22151","cases_obs",6083,1374,0,249
"22152","cases_obs",6083,1375,0,232
"22153","cases_obs",6083,1376,0,231
"22154","cases_obs",6083,1377,0,305
"22155","cases_obs",6083,1378,0,261
"22156","cases_obs",6083,1379,0,285
"22157","cases_obs",6083,1380,0,279
"22158","cases_obs",6083,1381,0,300
"22159","cases_obs",6083,1382,0,301
"22160","cases_obs",6083,1383,0,260
"22161","cases_obs",6083,1384,0,294
"22162","cases_obs",6083,1385,0,306
"22163","cases_obs",6083,1386,0,181
"22164","cases_obs",6083,1387,0,191
"22165","cases_obs",6083,1388,0,172
"22166","cases_obs",6083,1389,0,201
"22167","cases_obs",6083,1390,0,255
"22168","cases_obs",6083,1391,0,285
"22169","cases_obs",6083,1392,0,246
"22170","cases_obs",6083,1393,0,319
"22171","cases_obs",6083,1394,0,315
"22172","cases_obs",6083,1395,0,364
"22173","cases_obs",6083,1396,0,400
"22174","cases_obs",6083,1397,0,386
"22175","cases_obs",6083,1398,0,403
"22176","cases_obs",6083,1399,0,341
"22177","cases_obs",6083,1400,0,272
"22178","cases_obs",6083,1401,0,343
"22179","cases_obs",6083,1402,0,343
"22180","cases_obs",6083,1403,0,304
"22181","cases_obs",6083,1404,0,294
"22182","cases_obs",6083,1405,0,271
"22183","cases_obs",6083,1406,0,239
"22184","cases_obs",6083,1407,0,225
"22185","cases_obs",6083,1408,0,269
"22186","cases_obs",6083,1409,0,226
"22187","cases_obs",6083,1410,0,249
"22188","cases_obs",6083,1411,0,252
"22189","cases_obs",6083,1412,0,271
"22190","cases_obs",6083,1413,0,266
"22191","cases_obs",6083,1414,0,279
"22192","cases_obs",6083,1415,0,261
"22193","cases_obs",6083,1416,0,243
"22194","cases_obs",6083,1417,0,233
"22195","cases_obs",6083,1418,0,193
"22196","cases_obs",6083,1419,0,239
"22197","cases_obs",6083,1420,0,234
"22198","cases_obs",6083,1421,0,235
"22199","cases_obs",6083,1422,0,269
"22200","cases_obs",6083,1423,0,200
"22201","cases_obs",6083,1424,0,245
"22202","cases_obs",6083,1425,0,271
"22203","cases_obs",6083,1426,0,232
"22204","cases_obs",6083,1427,0,311
"22205","cases_obs",6083,1428,0,259
"22206","cases_obs",6083,1429,0,292
"22207","cases_obs",6083,1430,0,271
"22208","cases_obs",6083,1431,0,303
"22209","cases_obs",6083,1432,0,277
"22210","cases_obs",6083,1433,0,274
"22211","cases_obs",6083,1434,0,295
"22212","cases_obs",6083,1435,0,308
"22213","cases_obs",6083,1436,0,316
"22214","cases_obs",6083,1437,0,308
"22215","cases_obs",6083,1438,0,243
"22216","cases_obs",6083,1439,0,201
"22217","cases_obs",6083,1440,0,203
"22218","cases_obs",6083,1441,0,224
"22219","cases_obs",6083,1442,0,211
"22220","cases_obs",6083,1443,0,295
"22221","cases_obs",6083,1444,0,338
"22222","cases_obs",6083,1445,0,353
"22223","cases_obs",6083,1446,0,396
"22224","cases_obs",6083,1447,0,402
"22225","cases_obs",6083,1448,0,503
"22226","cases_obs",6083,1449,0,448
"22227","cases_obs",6083,1450,0,472
"22228","cases_obs",6083,1451,0,407
"22229","cases_obs",6083,1452,0,408
"22230","cases_obs",6083,1453,0,405
"22231","cases_obs",6083,1454,0,344
"22232","cases_obs",6083,1455,0,371
"22233","cases_obs",6083,1456,0,356
"22234","cases_obs",6083,1457,0,350
"22235","cases_obs",6083,1458,0,290
"22236","cases_obs",6083,1459,0,266
"22237","cases_obs",6083,1460,0,283
"22238","cases_obs",6083,1461,0,272
"22239","cases_obs",6083,1462,0,274
"22240","cases_obs",6083,1463,0,269
"22241","cases_obs",6083,1464,0,314
"22242","cases_obs",6083,1465,0,277
"22243","cases_obs",6083,1466,0,238
"22244","cases_obs",6083,1467,0,255
"22245","cases_obs",6083,1468,0,237
"22246","cases_obs",6083,1469,0,298
"22247","cases_obs",6083,1470,0,271
"22248","cases_obs",6083,1471,0,282
"22249","cases_obs",6083,1472,0,289
"22250","cases_obs",6083,1473,0,254
"22251","cases_obs",6083,1474,0,231
"22252","cases_obs",6083,1475,0,240
"22253","cases_obs",6083,1476,0,262
"22254","cases_obs",6083,1477,0,298
"22255","cases_obs",6083,1478,0,278
"22256","cases_obs",6083,1479,0,218
"22257","cases_obs",6083,1480,0,234
"22258","cases_obs",6083,1481,0,212
"22259","cases_obs",6083,1482,0,224
"22260","cases_obs",6083,1483,0,247
"22261","cases_obs",6083,1484,0,232
"22262","cases_obs",6083,1485,0,230
"22263","cases_obs",6083,1486,0,240
"22264","cases_obs",6083,1487,0,252
"22265","cases_obs",6083,1488,0,263
"22266","cases_obs",6083,1489,0,251
"22267","cases_obs",6083,1490,0,264
"22268","cases_obs",6083,1491,0,167
"22269","cases_obs",6083,1492,0,229
"22270","cases_obs",6083,1493,0,236
"22271","cases_obs",6083,1494,0,226
"22272","cases_obs",6083,1495,0,279
"22273","cases_obs",6083,1496,0,274
"22274","cases_obs",6083,1497,0,293
"22275","cases_obs",6083,1498,0,357
"22276","cases_obs",6083,1499,0,491
"22277","cases_obs",6083,1500,0,478
"22278","cases_obs",6083,1501,0,538
"22279","cases_obs",6083,1502,0,505
"22280","cases_obs",6083,1503,0,479
"22281","cases_obs",6083,1504,0,464
"22282","cases_obs",6083,1505,0,427
"22283","cases_obs",6083,1506,0,487
"22284","cases_obs",6083,1507,0,431
"22285","cases_obs",6083,1508,0,418
"22286","cases_obs",6083,1509,0,429
"22287","cases_obs",6083,1510,0,407
"22288","cases_obs",6083,1511,0,315
"22289","cases_obs",6083,1512,0,379
"22290","cases_obs",6083,1513,0,337
"22291","cases_obs",6083,1514,0,362
"22292","cases_obs",6083,1515,0,403
"22293","cases_obs",6083,1516,0,372
"22294","cases_obs",6083,1517,0,375
"22295","cases_obs",6083,1518,0,344
"22296","cases_obs",6083,1519,0,350
"22297","cases_obs",6083,1520,0,348
"22298","cases_obs",6083,1521,0,373
"22299","cases_obs",6083,1522,0,345
"22300","cases_obs",6083,1523,0,323
"22301","cases_obs",6083,1524,0,352
"22302","cases_obs",6083,1525,0,364
"22303","cases_obs",6083,1526,0,339
"22304","cases_obs",6083,1527,0,335
"22305","cases_obs",6083,1528,0,333
"22306","cases_obs",6083,1529,0,299
"22307","cases_obs",6083,1530,0,290
"22308","cases_obs",6083,1531,0,320
"22309","cases_obs",6083,1532,0,377
"22310","cases_obs",6083,1533,0,371
"22311","cases_obs",6083,1534,0,329
"22312","cases_obs",6083,1535,0,269
"22313","cases_obs",6083,1536,0,305
"22314","cases_obs",6083,1537,0,277
"22315","cases_obs",6083,1538,0,299
"22316","cases_obs",6083,1539,0,328
"22317","cases_obs",6083,1540,0,317
"22318","cases_obs",6083,1541,0,318
"22319","cases_obs",6083,1542,0,284
"22320","cases_obs",6083,1543,0,230
"22321","cases_obs",6083,1544,0,229
"22322","cases_obs",6083,1545,0,213
"22323","cases_obs",6083,1546,0,249
"22324","cases_obs",6083,1547,0,237
"22325","cases_obs",6083,1548,0,246
"22326","cases_obs",6083,1549,0,238
"22327","cases_obs",6083,1550,0,300
"22328","cases_obs",6083,1551,0,320
"22329","cases_obs",6083,1552,0,320
"22330","cases_obs",6083,1553,0,384
"22331","cases_obs",6083,1554,0,292
"22332","cases_obs",6083,1555,0,347
"22333","cases_obs",6083,1556,0,303
"22334","cases_obs",6083,1557,0,376
"22335","cases_obs",6083,1558,0,374
"22336","cases_obs",6083,1559,0,326
"22337","cases_obs",6083,1560,0,320
"22338","cases_obs",6083,1561,0,273
"22339","cases_obs",6083,1562,0,298
"22340","cases_obs",6083,1563,0,210
"22341","cases_obs",6083,1564,0,296
"22342","cases_obs",6083,1565,0,206
"22343","cases_obs",6083,1566,0,223
"22344","cases_obs",6083,1567,0,236
"22345","cases_obs",6083,1568,0,222
"22346","cases_obs",6083,1569,0,250
"22347","cases_obs",6083,1570,0,203
"22348","cases_obs",6083,1571,0,230
"22349","cases_obs",6083,1572,0,258
"22350","cases_obs",6083,1573,0,219
"22351","cases_obs",6083,1574,0,181
"22352","cases_obs",6083,1575,0,222
"22353","cases_obs",6083,1576,0,214
"22354","cases_obs",6083,1577,0,201
"22355","cases_obs",6083,1578,0,200
"22356","cases_obs",6083,1579,0,198
"22357","cases_obs",6083,1580,0,210
"22358","cases_obs",6083,1581,0,201
"22359","cases_obs",6083,1582,0,223
"22360","cases_obs",6083,1583,0,218
"22361","cases_obs",6083,1584,0,212
"22362","cases_obs",6083,1585,0,192
"22363","cases_obs",6083,1586,0,160
"22364","cases_obs",6083,1587,0,168
"22365","cases_obs",6083,1588,0,196
"22366","cases_obs",6083,1589,0,205
"22367","cases_obs",6083,1590,0,210
"22368","cases_obs",6083,1591,0,207
"22369","cases_obs",6083,1592,0,225
"22370","cases_obs",6083,1593,0,258
"22371","cases_obs",6083,1594,0,233
"22372","cases_obs",6083,1595,0,175
"22373","cases_obs",6083,1596,0,180
"22374","cases_obs",6083,1597,0,177
"22375","cases_obs",6083,1598,0,190
"22376","cases_obs",6083,1599,0,233
"22377","cases_obs",6083,1600,0,199
"22378","cases_obs",6083,1601,0,279
"22379","cases_obs",6083,1602,0,286
"22380","cases_obs",6083,1603,0,315
"22381","cases_obs",6083,1604,0,346
"22382","cases_obs",6083,1605,0,342
"22383","cases_obs",6083,1606,0,331
"22384","cases_obs",6083,1607,0,337
"22385","cases_obs",6083,1608,0,305
"22386","cases_obs",6083,1609,0,293
"22387","cases_obs",6083,1610,0,266
"22388","cases_obs",6083,1611,0,308
"22389","cases_obs",6083,1612,0,251
"22390","cases_obs",6083,1613,0,278
"22391","cases_obs",6083,1614,0,221
"22392","cases_obs",6083,1615,0,172
"22393","cases_obs",6083,1616,0,249
"22394","cases_obs",6083,1617,0,229
"22395","cases_obs",6083,1618,0,203
"22396","cases_obs",6083,1619,0,232
"22397","cases_obs",6083,1620,0,235
"22398","cases_obs",6083,1621,0,228
"22399","cases_obs",6083,1622,0,225
"22400","cases_obs",6083,1623,0,242
"22401","cases_obs",6083,1624,0,216
"22402","cases_obs",6083,1625,0,233
"22403","cases_obs",6083,1626,0,269
"22404","cases_obs",6083,1627,0,275
"22405","cases_obs",6083,1628,0,227
"22406","cases_obs",6083,1629,0,239
"22407","cases_obs",6083,1630,0,232
"22408","cases_obs",6083,1631,0,234
"22409","cases_obs",6083,1632,0,250
"22410","cases_obs",6083,1633,0,292
"22411","cases_obs",6083,1634,0,262
"22412","cases_obs",6083,1635,0,273
"22413","cases_obs",6083,1636,0,267
"22414","cases_obs",6083,1637,0,250
"22415","cases_obs",6083,1638,0,260
"22416","cases_obs",6083,1639,0,289
"22417","cases_obs",6083,1640,0,253
"22418","cases_obs",6083,1641,0,248
"22419","cases_obs",6083,1642,0,280
"22420","cases_obs",6083,1643,0,257
"22421","cases_obs",6083,1644,0,247
"22422","cases_obs",6083,1645,0,212
"22423","cases_obs",6083,1646,0,214
"22424","cases_obs",6083,1647,0,204
"22425","cases_obs",6083,1648,0,217
"22426","cases_obs",6083,1649,0,171
"22427","cases_obs",6083,1650,0,148
"22428","cases_obs",6083,1651,0,227
"22429","cases_obs",6083,1652,0,245
"22430","cases_obs",6083,1653,0,260
"22431","cases_obs",6083,1654,0,326
"22432","cases_obs",6083,1655,0,328
"22433","cases_obs",6083,1656,0,382
"22434","cases_obs",6083,1657,0,381
"22435","cases_obs",6083,1658,0,392
"22436","cases_obs",6083,1659,0,440
"22437","cases_obs",6083,1660,0,425
"22438","cases_obs",6083,1661,0,342
"22439","cases_obs",6083,1662,0,359
"22440","cases_obs",6083,1663,0,354
"22441","cases_obs",6083,1664,0,352
"22442","cases_obs",6083,1665,0,300
"22443","cases_obs",6083,1666,0,325
"22444","cases_obs",6083,1667,0,333
"22445","cases_obs",6083,1668,0,309
"22446","cases_obs",6083,1669,0,265
"22447","cases_obs",6083,1670,0,265
"22448","cases_obs",6083,1671,0,301
"22449","cases_obs",6083,1672,0,260
"22450","cases_obs",6083,1673,0,290
"22451","cases_obs",6083,1674,0,300
"22452","cases_obs",6083,1675,0,278
"22453","cases_obs",6083,1676,0,250
"22454","cases_obs",6083,1677,0,320
"22455","cases_obs",6083,1678,0,359
"22456","cases_obs",6083,1679,0,349
"22457","cases_obs",6083,1680,0,297
"22458","cases_obs",6083,1681,0,340
"22459","cases_obs",6083,1682,0,307
"22460","cases_obs",6083,1683,0,314
"22461","cases_obs",6083,1684,0,339
"22462","cases_obs",6083,1685,0,292
"22463","cases_obs",6083,1686,0,291
"22464","cases_obs",6083,1687,0,345
"22465","cases_obs",6083,1688,0,341
"22466","cases_obs",6083,1689,0,395
"22467","cases_obs",6083,1690,0,400
"22468","cases_obs",6083,1691,0,305
"22469","cases_obs",6083,1692,0,369
"22470","cases_obs",6083,1693,0,383
"22471","cases_obs",6083,1694,0,466
"22472","cases_obs",6083,1695,0,478
"22473","cases_obs",6083,1696,0,419
"22474","cases_obs",6083,1697,0,513
"22475","cases_obs",6083,1698,0,450
"22476","cases_obs",6083,1699,0,384
"22477","cases_obs",6083,1700,0,245
"22478","cases_obs",6083,1701,0,273
"22479","cases_obs",6083,1702,0,302
"22480","cases_obs",6083,1703,0,330
"22481","cases_obs",6083,1704,0,423
"22482","cases_obs",6083,1705,0,428
"22483","cases_obs",6083,1706,0,543
"22484","cases_obs",6083,1707,0,605
"22485","cases_obs",6083,1708,0,592
"22486","cases_obs",6083,1709,0,764
"22487","cases_obs",6083,1710,0,717
"22488","cases_obs",6083,1711,0,719
"22489","cases_obs",6083,1712,0,626
"22490","cases_obs",6083,1713,0,708
"22491","cases_obs",6083,1714,0,741
"22492","cases_obs",6083,1715,0,669
"22493","cases_obs",6083,1716,0,532
"22494","cases_obs",6083,1717,0,535
"22495","cases_obs",6083,1718,0,579
"22496","cases_obs",6083,1719,0,563
"22497","cases_obs",6083,1720,0,471
"22498","cases_obs",6083,1721,0,508
"22499","cases_obs",6083,1722,0,433
"22500","cases_obs",6083,1723,0,442
"22501","cases_obs",6083,1724,0,388
"22502","cases_obs",6083,1725,0,358
"22503","cases_obs",6083,1726,0,341
"22504","cases_obs",6083,1727,0,401
"22505","cases_obs",6083,1728,0,315
"22506","cases_obs",6083,1729,0,324
"22507","cases_obs",6083,1730,0,354
"22508","cases_obs",6083,1731,0,379
"22509","cases_obs",6083,1732,0,382
"22510","cases_obs",6083,1733,0,340
"22511","cases_obs",6083,1734,0,315
"22512","cases_obs",6083,1735,0,361
"22513","cases_obs",6083,1736,0,356
"22514","cases_obs",6083,1737,0,351
"22515","cases_obs",6083,1738,0,387
"22516","cases_obs",6083,1739,0,355
"22517","cases_obs",6083,1740,0,376
"22518","cases_obs",6083,1741,0,292
"22519","cases_obs",6083,1742,0,337
"22520","cases_obs",6083,1743,0,353
"22521","cases_obs",6083,1744,0,366
"22522","cases_obs",6083,1745,0,318
"22523","cases_obs",6083,1746,0,329
"22524","cases_obs",6083,1747,0,336
"22525","cases_obs",6083,1748,0,341
"22526","cases_obs",6083,1749,0,372
"22527","cases_obs",6083,1750,0,392
"22528","cases_obs",6083,1751,0,325
"22529","cases_obs",6083,1752,0,223
"22530","cases_obs",6083,1753,0,198
"22531","cases_obs",6083,1754,0,227
"22532","cases_obs",6083,1755,0,256
"22533","cases_obs",6083,1756,0,299
"22534","cases_obs",6083,1757,0,330
"22535","cases_obs",6083,1758,0,375
"22536","cases_obs",6083,1759,0,357
"22537","cases_obs",6083,1760,0,372
"22538","cases_obs",6083,1761,0,402
"22539","cases_obs",6083,1762,0,382
"22540","cases_obs",6083,1763,0,455
"22541","cases_obs",6083,1764,0,428
"22542","cases_obs",6083,1765,0,397
"22543","cases_obs",6083,1766,0,452
"22544","cases_obs",6083,1767,0,384
"22545","cases_obs",6083,1768,0,341
"22546","cases_obs",6083,1769,0,371
"22547","cases_obs",6083,1770,0,358
"22548","cases_obs",6083,1771,0,325
"22549","cases_obs",6083,1772,0,241
"22550","cases_obs",6083,1773,0,281
"22551","cases_obs",6083,1774,0,238
"22552","cases_obs",6083,1775,0,279
"22553","cases_obs",6083,1776,0,283
"22554","cases_obs",6083,1777,0,240
"22555","cases_obs",6083,1778,0,242
"22556","cases_obs",6083,1779,0,255
"22557","cases_obs",6083,1780,0,227
"22558","cases_obs",6083,1781,0,207
"22559","cases_obs",6083,1782,0,209
"22560","cases_obs",6083,1783,0,206
"22561","cases_obs",6083,1784,0,275
"22562","cases_obs",6083,1785,0,227
"22563","cases_obs",6083,1786,0,240
"22564","cases_obs",6083,1787,0,231
"22565","cases_obs",6083,1788,0,175
"22566","cases_obs",6083,1789,0,203
"22567","cases_obs",6083,1790,0,168
"22568","cases_obs",6083,1791,0,191
"22569","cases_obs",6083,1792,0,200
"22570","cases_obs",6083,1793,0,206
"22571","cases_obs",6083,1794,0,204
"22572","cases_obs",6083,1795,0,200
"22573","cases_obs",6083,1796,0,165
"22574","cases_obs",6083,1797,0,149
"22575","cases_obs",6083,1798,0,169
"22576","cases_obs",6083,1799,0,156
"22577","cases_obs",6083,1800,0,167
"22578","cases_obs",6083,1801,0,158
"22579","cases_obs",6083,1802,0,155
"22580","cases_obs",6083,1803,0,172
"22581","cases_obs",6083,1804,0,224
"22582","cases_obs",6083,1805,0,129
"22583","cases_obs",6083,1806,0,149
"22584","cases_obs",6083,1807,0,149
"22585","cases_obs",6083,1808,0,200
"22586","cases_obs",6083,1809,0,195
"22587","cases_obs",6083,1810,0,206
"22588","cases_obs",6083,1811,0,219
"22589","cases_obs",6083,1812,0,201
"22590","cases_obs",6083,1813,0,229
"22591","cases_obs",6083,1814,0,240
"22592","cases_obs",6083,1815,0,265
"22593","cases_obs",6083,1816,0,330
"22594","cases_obs",6083,1817,0,239
"22595","cases_obs",6083,1818,0,230
"22596","cases_obs",6083,1819,0,251
"22597","cases_obs",6083,1820,0,290
"22598","cases_obs",6083,1821,0,215
"22599","cases_obs",6083,1822,0,225
"22600","cases_obs",6083,1823,0,203
"22601","cases_obs",6083,1824,0,214
"22602","cases_obs",6083,1825,0,224
"22603","cases_obs",6083,1826,0,181
"22604","cases_obs",6083,1827,0,228
"22605","cases_obs",6083,1828,0,243
"22606","cases_obs",6083,1829,0,196
"22607","cases_obs",6083,1830,0,166
"22608","cases_obs",6083,1831,0,172
"22609","cases_obs",6083,1832,0,214
"22610","cases_obs",6083,1833,0,201
"22611","cases_obs",6083,1834,0,196
"22612","cases_obs",6083,1835,0,199
"22613","cases_obs",6083,1836,0,239
"22614","cases_obs",6083,1837,0,237
"22615","cases_obs",6083,1838,0,221
"22616","cases_obs",6083,1839,0,195
"22617","cases_obs",6083,1840,0,189
"22618","cases_obs",6083,1841,0,165
"22619","cases_obs",6083,1842,0,229
"22620","cases_obs",6083,1843,0,225
"22621","cases_obs",6083,1844,0,227
"22622","cases_obs",6083,1845,0,245
"22623","cases_obs",6083,1846,0,204
"22624","cases_obs",6083,1847,0,217
"22625","cases_obs",6083,1848,0,238
"22626","cases_obs",6083,1849,0,226
"22627","cases_obs",6083,1850,0,204
"22628","cases_obs",6083,1851,0,244
"22629","cases_obs",6083,1852,0,178
"22630","cases_obs",6083,1853,0,199
"22631","cases_obs",6083,1854,0,201
"22632","cases_obs",6083,1855,0,195
"22633","cases_obs",6083,1856,0,137
"22634","cases_obs",6083,1857,0,143
"22635","cases_obs",6083,1858,0,150
"22636","cases_obs",6083,1859,0,145
"22637","cases_obs",6083,1860,0,173
"22638","cases_obs",6083,1861,0,184
"22639","cases_obs",6083,1862,0,191
"22640","cases_obs",6083,1863,0,232
"22641","cases_obs",6083,1864,0,193
"22642","cases_obs",6083,1865,0,191
"22643","cases_obs",6083,1866,0,234
"22644","cases_obs",6083,1867,0,237
"22645","cases_obs",6083,1868,0,268
"22646","cases_obs",6083,1869,0,248
"22647","cases_obs",6083,1870,0,233
"22648","cases_obs",6083,1871,0,220
"22649","cases_obs",6083,1872,0,217
"22650","cases_obs",6083,1873,0,216
"22651","cases_obs",6083,1874,0,173
"22652","cases_obs",6083,1875,0,196
"22653","cases_obs",6083,1876,0,130
"22654","cases_obs",6083,1877,0,226
"22655","cases_obs",6083,1878,0,164
"22656","cases_obs",6083,1879,0,166
"22657","cases_obs",6083,1880,0,163
"22658","cases_obs",6083,1881,0,142
"22659","cases_obs",6083,1882,0,173
"22660","cases_obs",6083,1883,0,153
"22661","cases_obs",6083,1884,0,184
"22662","cases_obs",6083,1885,0,195
"22663","cases_obs",6083,1886,0,161
"22664","cases_obs",6083,1887,0,172
"22665","cases_obs",6083,1888,0,199
"22666","cases_obs",6083,1889,0,167
"22667","cases_obs",6083,1890,0,176
"22668","cases_obs",6083,1891,0,185
"22669","cases_obs",6083,1892,0,188
"22670","cases_obs",6083,1893,0,176
"22671","cases_obs",6083,1894,0,155
"22672","cases_obs",6083,1895,0,163
"22673","cases_obs",6083,1896,0,139
"22674","cases_obs",6083,1897,0,159
"22675","cases_obs",6083,1898,0,144
"22676","cases_obs",6083,1899,0,146
"22677","cases_obs",6083,1900,0,161
"22678","cases_obs",6083,1901,0,138
"22679","cases_obs",6083,1902,0,170
"22680","cases_obs",6083,1903,0,196
"22681","cases_obs",6083,1904,0,191
"22682","cases_obs",6083,1905,0,184
"22683","cases_obs",6083,1906,0,159
"22684","cases_obs",6083,1907,0,142
"22685","cases_obs",6083,1908,0,107
"22686","cases_obs",6083,1909,0,101
"22687","cases_obs",6083,1910,0,96
"22688","cases_obs",6083,1911,0,88
"22689","cases_obs",6083,1912,0,143
"22690","cases_obs",6083,1913,0,146
"22691","cases_obs",6083,1914,0,139
"22692","cases_obs",6083,1915,0,179
"22693","cases_obs",6083,1916,0,198
"22694","cases_obs",6083,1917,0,201
"22695","cases_obs",6083,1918,0,161
"22696","cases_obs",6083,1919,0,221
"22697","cases_obs",6083,1920,0,191
"22698","cases_obs",6083,1921,0,202
"22699","cases_obs",6083,1922,0,179
"22700","cases_obs",6083,1923,0,197
"22701","cases_obs",6083,1924,0,207
"22702","cases_obs",6083,1925,0,171
"22703","cases_obs",6083,1926,0,160
"22704","cases_obs",6083,1927,0,159
"22705","cases_obs",6083,1928,0,131
"22706","cases_obs",6083,1929,0,188
"22707","cases_obs",6083,1930,0,141
"22708","cases_obs",6083,1931,0,136
"22709","cases_obs",6083,1932,0,165
"22710","cases_obs",6083,1933,0,167
"22711","cases_obs",6083,1934,0,168
"22712","cases_obs",6083,1935,0,193
"22713","cases_obs",6083,1936,0,147
"22714","cases_obs",6083,1937,0,198
"22715","cases_obs",6083,1938,0,182
"22716","cases_obs",6083,1939,0,196
"22717","cases_obs",6083,1940,0,189
"22718","cases_obs",6083,1941,0,200
"22719","cases_obs",6083,1942,0,188
"22720","cases_obs",6083,1943,0,191
"22721","cases_obs",6083,1944,0,166
"22722","cases_obs",6083,1945,0,175
"22723","cases_obs",6083,1946,0,178
"22724","cases_obs",6083,1947,0,174
"22725","cases_obs",6083,1948,0,181
"22726","cases_obs",6083,1949,0,201
"22727","cases_obs",6083,1950,0,218
"22728","cases_obs",6083,1951,0,188
"22729","cases_obs",6083,1952,0,149
"22730","cases_obs",6083,1953,0,156
"22731","cases_obs",6083,1954,0,171
"22732","cases_obs",6083,1955,0,152
"22733","cases_obs",6083,1956,0,157
"22734","cases_obs",6083,1957,0,168
"22735","cases_obs",6083,1958,0,191
"22736","cases_obs",6083,1959,0,128
"22737","cases_obs",6083,1960,0,112
"22738","cases_obs",6083,1961,0,107
"22739","cases_obs",6083,1962,0,76
"22740","cases_obs",6083,1963,0,90
"22741","cases_obs",6083,1964,0,97
"22742","cases_obs",6083,1965,0,121
"22743","cases_obs",6083,1966,0,131
"22744","cases_obs",6083,1967,0,160
"22745","cases_obs",6083,1968,0,155
"22746","cases_obs",6083,1969,0,180
"22747","cases_obs",6083,1970,0,186
"22748","cases_obs",6083,1971,0,159
"22749","cases_obs",6083,1972,0,192
"22750","cases_obs",6083,1973,0,168
"22751","cases_obs",6083,1974,0,170
"22752","cases_obs",6083,1975,0,179
"22753","cases_obs",6083,1976,0,175
"22754","cases_obs",6083,1977,0,158
"22755","cases_obs",6083,1978,0,166
"22756","cases_obs",6083,1979,0,151
"22757","cases_obs",6083,1980,0,96
"22758","cases_obs",6083,1981,0,100
"22759","cases_obs",6083,1982,0,114
"22760","cases_obs",6083,1983,0,99
"22761","cases_obs",6083,1984,0,128
"22762","cases_obs",6083,1985,0,163
"22763","cases_obs",6083,1986,0,172
"22764","cases_obs",6083,1987,0,139
"22765","cases_obs",6083,1988,0,142
"22766","cases_obs",6083,1989,0,146
"22767","cases_obs",6083,1990,0,148
"22768","cases_obs",6083,1991,0,152
"22769","cases_obs",6083,1992,0,152
"22770","cases_obs",6083,1993,0,140
"22771","cases_obs",6083,1994,0,151
"22772","cases_obs",6083,1995,0,121
"22773","cases_obs",6083,1996,0,155
"22774","cases_obs",6083,1997,0,176
"22775","cases_obs",6083,1998,0,170
"22776","cases_obs",6083,1999,0,167
"22777","cases_obs",6083,2000,0,187
"22778","cases_obs",6083,2001,0,135
"22779","cases_obs",6083,2002,0,144
"22780","cases_obs",6083,2003,0,161
"22781","cases_obs",6083,2004,0,162
"22782","cases_obs",6083,2005,0,166
"22783","cases_obs",6083,2006,0,203
"22784","cases_obs",6083,2007,0,181
"22785","cases_obs",6083,2008,0,191
"22786","cases_obs",6083,2009,0,165
"22787","cases_obs",6083,2010,0,152
"22788","cases_obs",6083,2011,0,108
"22789","cases_obs",6083,2012,0,108
"22790","cases_obs",6083,2013,0,92
"22791","cases_obs",6083,2014,0,418
"22792","cases_obs",6083,2015,0,429
"22793","cases_obs",6083,2016,0,407
"22794","cases_obs",6083,2017,0,315
"22795","cases_obs",6083,2018,0,379
"22796","cases_obs",6083,2019,0,337
"22797","cases_obs",6083,2020,0,362
"22798","cases_obs",6083,2021,0,403
"22799","cases_obs",6083,2022,0,372
"22800","cases_obs",6083,2023,0,375
"22801","cases_obs",6083,2024,0,344
"22802","cases_obs",6083,2025,0,350
"22803","cases_obs",6083,2026,0,348
"22804","cases_obs",6083,2027,0,373
"22805","cases_obs",6083,2028,0,345
"22806","cases_obs",6083,2029,0,323
"22807","cases_obs",6083,2030,0,352
"22808","cases_obs",6083,2031,0,364
"22809","cases_obs",6083,2032,0,339
"22810","cases_obs",6083,2033,0,335
"22811","cases_obs",6083,2034,0,333
"22812","cases_obs",6083,2035,0,299
"22813","cases_obs",6083,2036,0,290
"22814","cases_obs",6083,2037,0,320
"22815","cases_obs",6083,2038,0,377
"22816","cases_obs",6083,2039,0,371
"22817","cases_obs",6083,2040,0,329
"22818","cases_obs",6083,2041,0,269
"22819","cases_obs",6083,2042,0,305
"22820","cases_obs",6083,2043,0,277
"22821","cases_obs",6083,2044,0,299
"22822","cases_obs",6083,2045,0,328
"22823","cases_obs",6083,2046,0,317
"22824","cases_obs",6083,2047,0,318
"22825","cases_obs",6083,2048,0,284
"22826","cases_obs",6083,2049,0,230
"22827","cases_obs",6083,2050,0,229
"22828","cases_obs",6083,2051,0,213
"22829","cases_obs",6083,2052,0,249
"22830","cases_obs",6083,2053,0,237
"22831","cases_obs",6083,2054,0,246
"22832","cases_obs",6083,2055,0,238
"22833","cases_obs",6083,2056,0,300
"22834","cases_obs",6083,2057,0,320
"22835","cases_obs",6083,2058,0,320
"22836","cases_obs",6083,2059,0,384
"22837","cases_obs",6083,2060,0,292
"22838","cases_obs",6083,2061,0,347
"22839","cases_obs",6083,2062,0,303
"22840","cases_obs",6083,2063,0,376
"22841","cases_obs",6083,2064,0,374
"22842","cases_obs",6083,2065,0,326
"22843","cases_obs",6083,2066,0,320
"22844","cases_obs",6083,2067,0,273
"22845","cases_obs",6083,2068,0,298
"22846","cases_obs",6083,2069,0,210
"22847","cases_obs",6083,2070,0,296
"22848","cases_obs",6083,2071,0,206
"22849","cases_obs",6083,2072,0,223
"22850","cases_obs",6083,2073,0,236
"22851","cases_obs",6083,2074,0,222
"22852","cases_obs",6083,2075,0,250
"22853","cases_obs",6083,2076,0,203
"22854","cases_obs",6083,2077,0,230
"22855","cases_obs",6083,2078,0,258
"22856","cases_obs",6083,2079,0,219
"22857","cases_obs",6083,2080,0,181
"22858","cases_obs",6083,2081,0,222
"22859","cases_obs",6083,2082,0,214
"22860","cases_obs",6083,2083,0,201
"22861","cases_obs",6083,2084,0,200
"22862","cases_obs",6083,2085,0,198
"22863","cases_obs",6083,2086,0,210
"22864","cases_obs",6083,2087,0,201
"22865","cases_obs",6083,2088,0,223
"22866","cases_obs",6083,2089,0,218
"22867","cases_obs",6083,2090,0,212
"22868","cases_obs",6083,2091,0,192
"22869","cases_obs",6083,2092,0,160
"22870","cases_obs",6083,2093,0,168
"22871","cases_obs",6083,2094,0,196
"22872","cases_obs",6083,2095,0,205
"22873","cases_obs",6083,2096,0,210
"22874","cases_obs",6083,2097,0,207
"22875","cases_obs",6083,2098,0,225
"22876","cases_obs",6083,2099,0,258
"22877","cases_obs",6083,2100,0,233
"22878","cases_obs",6083,2101,0,175
"22879","cases_obs",6083,2102,0,180
"22880","cases_obs",6083,2103,0,177
"22881","cases_obs",6083,2104,0,190
"22882","cases_obs",6083,2105,0,233
"22883","cases_obs",6083,2106,0,199
"22884","cases_obs",6083,2107,0,279
"22885","cases_obs",6083,2108,0,286
"22886","cases_obs",6083,2109,0,315
"22887","cases_obs",6083,2110,0,346
"22888","cases_obs",6083,2111,0,342
"22889","cases_obs",6083,2112,0,331
"22890","cases_obs",6083,2113,0,337
"22891","cases_obs",6083,2114,0,305
"22892","cases_obs",6083,2115,0,293
"22893","cases_obs",6083,2116,0,266
"22894","cases_obs",6083,2117,0,308
"22895","cases_obs",6083,2118,0,251
"22896","cases_obs",6083,2119,0,278
"22897","cases_obs",6083,2120,0,221
"22898","cases_obs",6083,2121,0,172
"22899","cases_obs",6083,2122,0,249
"22900","cases_obs",6083,2123,0,229
"22901","cases_obs",6083,2124,0,203
"22902","cases_obs",6083,2125,0,232
"22903","cases_obs",6083,2126,0,235
"22904","cases_obs",6083,2127,0,228
"22905","cases_obs",6083,2128,0,225
"22906","cases_obs",6083,2129,0,242
"22907","cases_obs",6083,2130,0,216
"22908","cases_obs",6083,2131,0,233
"22909","cases_obs",6083,2132,0,269
"22910","cases_obs",6083,2133,0,275
"22911","cases_obs",6083,2134,0,227
"22912","cases_obs",6083,2135,0,239
"22913","cases_obs",6083,2136,0,232
"22914","cases_obs",6083,2137,0,234
"22915","cases_obs",6083,2138,0,250
"22916","cases_obs",6083,2139,0,292
"22917","cases_obs",6083,2140,0,262
"22918","cases_obs",6083,2141,0,273
"22919","cases_obs",6083,2142,0,267
"22920","cases_obs",6083,2143,0,250
"22921","cases_obs",6083,2144,0,260
"22922","cases_obs",6083,2145,0,289
"22923","cases_obs",6083,2146,0,253
"22924","cases_obs",6083,2147,0,248
"22925","cases_obs",6083,2148,0,280
"22926","cases_obs",6083,2149,0,257
"22927","cases_obs",6083,2150,0,247
"22928","cases_obs",6083,2151,0,212
"22929","cases_obs",6083,2152,0,214
"22930","cases_obs",6083,2153,0,204
"22931","cases_obs",6083,2154,0,217
"22932","cases_obs",6083,2155,0,171
"22933","cases_obs",6083,2156,0,148
"22934","cases_obs",6083,2157,0,227
"22935","cases_obs",6083,2158,0,245
"22936","cases_obs",6083,2159,0,260
"22937","cases_obs",6083,2160,0,326
"22938","cases_obs",6083,2161,0,328
"22939","cases_obs",6083,2162,0,382
"22940","cases_obs",6083,2163,0,381
"22941","cases_obs",6083,2164,0,392
"22942","cases_obs",6083,2165,0,440
"22943","cases_obs",6083,2166,0,425
"22944","cases_obs",6083,2167,0,342
"22945","cases_obs",6083,2168,0,359
"22946","cases_obs",6083,2169,0,354
"22947","cases_obs",6083,2170,0,352
"22948","cases_obs",6083,2171,0,300
"22949","cases_obs",6083,2172,0,325
"22950","cases_obs",6083,2173,0,333
"22951","cases_obs",6083,2174,0,309
"22952","cases_obs",6083,2175,0,265
"22953","cases_obs",6083,2176,0,265
"22954","cases_obs",6083,2177,0,301
"22955","cases_obs",6083,2178,0,260
"22956","cases_obs",6083,2179,0,290
"22957","cases_obs",6083,2180,0,300
"22958","cases_obs",6083,2181,0,278
"22959","cases_obs",6083,2182,0,250
"22960","cases_obs",6083,2183,0,320
"22961","cases_obs",6083,2184,0,359
"22962","cases_obs",6083,2185,0,349
"22963","cases_obs",6083,2186,0,297
"22964","cases_obs",6083,2187,0,340
"22965","cases_obs",6083,2188,0,307
"22966","cases_obs",6083,2189,0,314
"22967","cases_obs",6083,2190,0,339
"22968","cases_obs",6083,2191,0,292
"22969","cases_obs",6083,2192,0,291
"22970","cases_obs",6083,2193,0,345
"22971","cases_obs",6083,2194,0,341
"22972","cases_obs",6083,2195,0,395
"22973","cases_obs",6083,2196,0,400
"22974","cases_obs",6083,2197,0,305
"22975","cases_obs",6083,2198,0,369
"22976","cases_obs",6083,2199,0,383
"22977","cases_obs",6083,2200,0,466
"22978","cases_obs",6083,2201,0,478
"22979","cases_obs",6083,2202,0,419
"22980","cases_obs",6083,2203,0,513
"22981","cases_obs",6083,2204,0,450
"22982","cases_obs",6083,2205,0,384
"22983","cases_obs",6083,2206,0,245
"22984","cases_obs",6083,2207,0,273
"22985","cases_obs",6083,2208,0,302
"22986","cases_obs",6083,2209,0,330
"22987","cases_obs",6083,2210,0,423
"22988","cases_obs",6083,2211,0,428
"22989","cases_obs",6083,2212,0,543
"22990","cases_obs",6083,2213,0,605
"22991","cases_obs",6083,2214,0,592
"22992","cases_obs",6083,2215,0,764
"22993","cases_obs",6083,2216,0,717
"22994","cases_obs",6083,2217,0,719
"22995","cases_obs",6083,2218,0,626
"22996","cases_obs",6083,2219,0,708
"22997","cases_obs",6083,2220,0,741
"22998","cases_obs",6083,2221,0,669
"22999","cases_obs",6083,2222,0,532
"23000","cases_obs",6083,2223,0,535
"23001","cases_obs",6083,2224,0,579
"23002","cases_obs",6083,2225,0,563
"23003","cases_obs",6083,2226,0,471
"23004","cases_obs",6083,2227,0,508
"23005","cases_obs",6083,2228,0,433
"23006","cases_obs",6083,2229,0,442
"23007","cases_obs",6083,2230,0,388
"23008","cases_obs",6083,2231,0,358
"23009","cases_obs",6083,2232,0,341
"23010","cases_obs",6083,2233,0,401
"23011","cases_obs",6083,2234,0,315
"23012","cases_obs",6083,2235,0,324
"23013","cases_obs",6083,2236,0,354
"23014","cases_obs",6083,2237,0,379
"23015","cases_obs",6083,2238,0,382
"23016","cases_obs",6083,2239,0,340
"23017","cases_obs",6083,2240,0,315
"23018","cases_obs",6083,2241,0,361
"23019","cases_obs",6083,2242,0,356
"23020","cases_obs",6083,2243,0,351
"23021","cases_obs",6083,2244,0,387
"23022","cases_obs",6083,2245,0,355
"23023","cases_obs",6083,2246,0,376
"23024","cases_obs",6083,2247,0,292
"23025","cases_obs",6083,2248,0,337
"23026","cases_obs",6083,2249,0,353
"23027","cases_obs",6083,2250,0,366
"23028","cases_obs",6083,2251,0,318
"23029","cases_obs",6083,2252,0,329
"23030","cases_obs",6083,2253,0,336
"23031","cases_obs",6083,2254,0,341
"23032","cases_obs",6083,2255,0,372
"23033","cases_obs",6083,2256,0,392
"23034","cases_obs",6083,2257,0,325
"23035","cases_obs",6083,2258,0,223
"23036","cases_obs",6083,2259,0,198
"23037","cases_obs",6083,2260,0,227
"23038","cases_obs",6083,2261,0,256
"23039","cases_obs",6083,2262,0,299
"23040","cases_obs",6083,2263,0,330
"23041","cases_obs",6083,2264,0,375
"23042","cases_obs",6083,2265,0,357
"23043","cases_obs",6083,2266,0,372
"23044","cases_obs",6083,2267,0,402
"23045","cases_obs",6083,2268,0,382
"23046","cases_obs",6083,2269,0,455
"23047","cases_obs",6083,2270,0,428
"23048","cases_obs",6083,2271,0,397
"23049","cases_obs",6083,2272,0,452
"23050","cases_obs",6083,2273,0,384
"23051","cases_obs",6083,2274,0,341
"23052","cases_obs",6083,2275,0,371
"23053","cases_obs",6083,2276,0,358
"23054","cases_obs",6083,2277,0,325
"23055","cases_obs",6083,2278,0,241
"23056","cases_obs",6083,2279,0,281
"23057","cases_obs",6083,2280,0,238
"23058","cases_obs",6083,2281,0,279
"23059","cases_obs",6083,2282,0,283
"23060","cases_obs",6083,2283,0,240
"23061","cases_obs",6083,2284,0,242
"23062","cases_obs",6083,2285,0,255
"23063","cases_obs",6083,2286,0,227
"23064","cases_obs",6083,2287,0,207
"23065","cases_obs",6083,2288,0,209
"23066","cases_obs",6083,2289,0,206
"23067","cases_obs",6083,2290,0,275
"23068","cases_obs",6083,2291,0,227
"23069","cases_obs",6083,2292,0,240
"23070","cases_obs",6083,2293,0,231
"23071","cases_obs",6083,2294,0,175
"23072","cases_obs",6083,2295,0,203
"23073","cases_obs",6083,2296,0,168
"23074","cases_obs",6083,2297,0,191
"23075","cases_obs",6083,2298,0,200
"23076","cases_obs",6083,2299,0,206
"23077","cases_obs",6083,2300,0,204
"23078","cases_obs",6083,2301,0,200
"23079","cases_obs",6083,2302,0,165
"23080","cases_obs",6083,2303,0,149
"23081","cases_obs",6083,2304,0,169
"23082","cases_obs",6083,2305,0,156
"23083","cases_obs",6083,2306,0,167
"23084","cases_obs",6083,2307,0,158
"23085","cases_obs",6083,2308,0,155
"23086","cases_obs",6083,2309,0,172
"23087","cases_obs",6083,2310,0,224
"23088","cases_obs",6083,2311,0,129
"23089","cases_obs",6083,2312,0,149
"23090","cases_obs",6083,2313,0,149
"23091","cases_obs",6083,2314,0,200
"23092","cases_obs",6083,2315,0,195
"23093","cases_obs",6083,2316,0,206
"23094","cases_obs",6083,2317,0,219
"23095","cases_obs",6083,2318,0,201
"23096","cases_obs",6083,2319,0,229
"23097","cases_obs",6083,2320,0,240
"23098","cases_obs",6083,2321,0,265
"23099","cases_obs",6083,2322,0,330
"23100","cases_obs",6083,2323,0,239
"23101","cases_obs",6083,2324,0,230
"23102","cases_obs",6083,2325,0,251
"23103","cases_obs",6083,2326,0,290
"23104","cases_obs",6083,2327,0,215
"23105","cases_obs",6083,2328,0,225
"23106","cases_obs",6083,2329,0,203
"23107","cases_obs",6083,2330,0,214
"23108","cases_obs",6083,2331,0,224
"23109","cases_obs",6083,2332,0,181
"23110","cases_obs",6083,2333,0,228
"23111","cases_obs",6083,2334,0,243
"23112","cases_obs",6083,2335,0,196
"23113","cases_obs",6083,2336,0,166
"23114","cases_obs",6083,2337,0,172
"23115","cases_obs",6083,2338,0,214
"23116","cases_obs",6083,2339,0,201
"23117","cases_obs",6083,2340,0,196
"23118","cases_obs",6083,2341,0,199
"23119","cases_obs",6083,2342,0,239
"23120","cases_obs",6083,2343,0,237
"23121","cases_obs",6083,2344,0,221
"23122","cases_obs",6083,2345,0,195
"23123","cases_obs",6083,2346,0,189
"23124","cases_obs",6083,2347,0,165
"23125","cases_obs",6083,2348,0,229
"23126","cases_obs",6083,2349,0,225
"23127","cases_obs",6083,2350,0,227
"23128","cases_obs",6083,2351,0,245
"23129","cases_obs",6083,2352,0,204
"23130","cases_obs",6083,2353,0,217
"23131","cases_obs",6083,2354,0,238
"23132","cases_obs",6083,2355,0,226
"23133","cases_obs",6083,2356,0,204
"23134","cases_obs",6083,2357,0,244
"23135","cases_obs",6083,2358,0,178
"23136","cases_obs",6083,2359,0,199
"23137","cases_obs",6083,2360,0,201
"23138","cases_obs",6083,2361,0,195
"23139","cases_obs",6083,2362,0,137
"23140","cases_obs",6083,2363,0,143
"23141","cases_obs",6083,2364,0,150
"23142","cases_obs",6083,2365,0,145
"23143","cases_obs",6083,2366,0,173
"23144","cases_obs",6083,2367,0,184
"23145","cases_obs",6083,2368,0,191
"23146","cases_obs",6083,2369,0,232
"23147","cases_obs",6083,2370,0,193
"23148","cases_obs",6083,2371,0,191
"23149","cases_obs",6083,2372,0,234
"23150","cases_obs",6083,2373,0,237
"23151","cases_obs",6083,2374,0,268
"23152","cases_obs",6083,2375,0,248
"23153","cases_obs",6083,2376,0,233
"23154","cases_obs",6083,2377,0,220
"23155","cases_obs",6083,2378,0,217
"23156","cases_obs",6083,2379,0,216
"23157","cases_obs",6083,2380,0,173
"23158","cases_obs",6083,2381,0,196
"23159","cases_obs",6083,2382,0,130
"23160","cases_obs",6083,2383,0,226
"23161","cases_obs",6083,2384,0,164
"23162","cases_obs",6083,2385,0,166
"23163","cases_obs",6083,2386,0,163
"23164","cases_obs",6083,2387,0,142
"23165","cases_obs",6083,2388,0,173
"23166","cases_obs",6083,2389,0,153
"23167","cases_obs",6083,2390,0,184
"23168","cases_obs",6083,2391,0,195
"23169","cases_obs",6083,2392,0,161
"23170","cases_obs",6083,2393,0,172
"23171","cases_obs",6083,2394,0,199
"23172","cases_obs",6083,2395,0,167
"23173","cases_obs",6083,2396,0,176
"23174","cases_obs",6083,2397,0,185
"23175","cases_obs",6083,2398,0,188
"23176","cases_obs",6083,2399,0,176
"23177","cases_obs",6083,2400,0,155
"23178","cases_obs",6083,2401,0,163
"23179","cases_obs",6083,2402,0,139
"23180","cases_obs",6083,2403,0,159
"23181","cases_obs",6083,2404,0,144
"23182","cases_obs",6083,2405,0,146
"23183","cases_obs",6083,2406,0,161
"23184","cases_obs",6083,2407,0,138
"23185","cases_obs",6083,2408,0,170
"23186","cases_obs",6083,2409,0,196
"23187","cases_obs",6083,2410,0,191
"23188","cases_obs",6083,2411,0,184
"23189","cases_obs",6083,2412,0,159
"23190","cases_obs",6083,2413,0,142
"23191","cases_obs",6083,2414,0,107
"23192","cases_obs",6083,2415,0,101
"23193","cases_obs",6083,2416,0,96
"23194","cases_obs",6083,2417,0,88
"23195","cases_obs",6083,2418,0,143
"23196","cases_obs",6083,2419,0,146
"23197","cases_obs",6083,2420,0,139
"23198","cases_obs",6083,2421,0,179
"23199","cases_obs",6083,2422,0,198
"23200","cases_obs",6083,2423,0,201
"23201","cases_obs",6083,2424,0,161
"23202","cases_obs",6083,2425,0,221
"23203","cases_obs",6083,2426,0,191
"23204","cases_obs",6083,2427,0,202
"23205","cases_obs",6083,2428,0,179
"23206","cases_obs",6083,2429,0,197
"23207","cases_obs",6083,2430,0,207
"23208","cases_obs",6083,2431,0,171
"23209","cases_obs",6083,2432,0,160
"23210","cases_obs",6083,2433,0,159
"23211","cases_obs",6083,2434,0,131
"23212","cases_obs",6083,2435,0,188
"23213","cases_obs",6083,2436,0,141
"23214","cases_obs",6083,2437,0,136
"23215","cases_obs",6083,2438,0,165
"23216","cases_obs",6083,2439,0,167
"23217","cases_obs",6083,2440,0,168
"23218","cases_obs",6083,2441,0,193
"23219","cases_obs",6083,2442,0,147
"23220","cases_obs",6083,2443,0,198
"23221","cases_obs",6083,2444,0,182
"23222","cases_obs",6083,2445,0,196
"23223","cases_obs",6083,2446,0,189
"23224","cases_obs",6083,2447,0,200
"23225","cases_obs",6083,2448,0,188
"23226","cases_obs",6083,2449,0,191
"23227","cases_obs",6083,2450,0,166
"23228","cases_obs",6083,2451,0,175
"23229","cases_obs",6083,2452,0,178
"23230","cases_obs",6083,2453,0,174
"23231","cases_obs",6083,2454,0,181
"23232","cases_obs",6083,2455,0,201
"23233","cases_obs",6083,2456,0,218
"23234","cases_obs",6083,2457,0,188
"23235","cases_obs",6083,2458,0,149
"23236","cases_obs",6083,2459,0,156
"23237","cases_obs",6083,2460,0,171
"23238","cases_obs",6083,2461,0,152
"23239","cases_obs",6083,2462,0,157
"23240","cases_obs",6083,2463,0,168
"23241","cases_obs",6083,2464,0,191
"23242","cases_obs",6083,2465,0,128
"23243","cases_obs",6083,2466,0,112
"23244","cases_obs",6083,2467,0,107
"23245","cases_obs",6083,2468,0,76
"23246","cases_obs",6083,2469,0,90
"23247","cases_obs",6083,2470,0,97
"23248","cases_obs",6083,2471,0,121
"23249","cases_obs",6083,2472,0,131
"23250","cases_obs",6083,2473,0,160
"23251","cases_obs",6083,2474,0,155
"23252","cases_obs",6083,2475,0,180
"23253","cases_obs",6083,2476,0,186
"23254","cases_obs",6083,2477,0,159
"23255","cases_obs",6083,2478,0,192
"23256","cases_obs",6083,2479,0,168
"23257","cases_obs",6083,2480,0,170
"23258","cases_obs",6083,2481,0,179
"23259","cases_obs",6083,2482,0,175
"23260","cases_obs",6083,2483,0,158
"23261","cases_obs",6083,2484,0,166
"23262","cases_obs",6083,2485,0,151
"23263","cases_obs",6083,2486,0,96
"23264","cases_obs",6083,2487,0,100
"23265","cases_obs",6083,2488,0,114
"23266","cases_obs",6083,2489,0,99
"23267","cases_obs",6083,2490,0,128
"23268","cases_obs",6083,2491,0,163
"23269","cases_obs",6083,2492,0,172
"23270","cases_obs",6083,2493,0,139
"23271","cases_obs",6083,2494,0,142
"23272","cases_obs",6083,2495,0,146
"23273","cases_obs",6083,2496,0,148
"23274","cases_obs",6083,2497,0,152
"23275","cases_obs",6083,2498,0,152
"23276","cases_obs",6083,2499,0,140
"23277","cases_obs",6083,2500,0,151
"23278","cases_obs",6083,2501,0,121
"23279","cases_obs",6083,2502,0,155
"23280","cases_obs",6083,2503,0,176
"23281","cases_obs",6083,2504,0,170
"23282","cases_obs",6083,2505,0,167
"23283","cases_obs",6083,2506,0,187
"23284","cases_obs",6083,2507,0,135
"23285","cases_obs",6083,2508,0,144
"23286","cases_obs",6083,2509,0,161
"23287","cases_obs",6083,2510,0,162
"23288","cases_obs",6083,2511,0,166
"23289","cases_obs",6083,2512,0,203
"23290","cases_obs",6083,2513,0,181
"23291","cases_obs",6083,2514,0,191
"23292","cases_obs",6083,2515,0,165
"23293","cases_obs",6083,2516,0,152
"23294","cases_obs",6083,2517,0,108
"23295","cases_obs",6083,2518,0,108
"23296","cases_obs",6083,2519,0,92
"23297","log_lik",6083,0,0,-31286.3922139508
