"","par_id","mat","row","col","default","current"
"1",0,"logit_Sp",0,0,-1.70474809223843,-1.96056254737772
"2",1,"logit_Ip",0,0,-8.51699317141357,-7.42275723378998
"3",2,"logit_CFP_min",0,0,-3.89182029811063,-4.39100125158227
"4",3,"logit_CFP_max",0,0,-4.36944785246702,-3.17772778776507
"5",4,"log_disp",0,0,1,2.7810349728062
"6",5,"log_disp_cases",0,0,1,3.39287404687198
"7",6,"log_CFP_mid",0,0,7.91458117201954,7.86045892396278
"8",7,"log_CFP_rate",0,0,-5.29831736654804,-2.91786211034295
"9",8,"b0",0,0,0,0.830487783946344
"10",9,"log_rbf_beta_sd",0,0,0,-1.16582379406553
"11",10,"log_rbf_fourrier_sd",0,0,0,-3.99256303084769
"12",11,"c",0,0,0,0.463056281740358
"13",12,"c",1,0,0,-0.16364713607254
"14",13,"c",2,0,0,0.574112373253552
"15",14,"c",3,0,0,-0.382845254939045
"16",15,"c",4,0,0,0.597222661310228
"17",16,"c",5,0,0,-0.152771257435382
"18",17,"c",6,0,0,0.210638664021686
"19",18,"c",7,0,0,0.0813132976905449
"20",19,"c",8,0,0,-0.0708923203281871
"21",20,"c",9,0,0,0.173059478785335
"22",21,"c",10,0,0,0.0551989311265205
"23",22,"c",11,0,0,-0.0782177881919193
"24",23,"c",12,0,0,0.12924685691195
"25",24,"c",13,0,0,-0.0939932491681372
"26",25,"c",14,0,0,0.040126986336513
"27",26,"c",15,0,0,-0.0132607490325224
"28",27,"c",16,0,0,-0.0256181249286199
"29",28,"c",17,0,0,-0.0174069691523442
"30",29,"c",18,0,0,0.055163537982058
"31",30,"c",19,0,0,-0.182774645716891
"32",31,"c",20,0,0,0.0179238558419272
"33",32,"c",21,0,0,-0.0617139361383926
"34",33,"c",22,0,0,-0.136084326514918
"35",34,"c",23,0,0,-0.0295950316455295
"36",35,"c",24,0,0,-0.295524811023043
"37",36,"c",25,0,0,0.0426555423491015
"38",37,"c",26,0,0,-0.396373929531245
"39",38,"c",27,0,0,0.019381233252185
"40",39,"c",28,0,0,-0.333250036466205
"41",40,"c",29,0,0,-0.0483586485806363
"42",41,"c",30,0,0,-0.246218210106181
"43",42,"c",31,0,0,-0.15651901814579
"44",43,"c",32,0,0,-0.187921143573395
"45",44,"c",33,0,0,-0.193131710315398
"46",45,"c",34,0,0,-0.200991158531782
"47",46,"c",35,0,0,-0.15036311563372
"48",47,"c",36,0,0,-0.296386134516945
"49",48,"c",37,0,0,-0.131038042927813
"50",49,"c",38,0,0,-0.360535898914693
"51",50,"c",39,0,0,-0.172580044601563
"52",51,"c",40,0,0,-0.346212613341353
"53",52,"c",41,0,0,-0.241656618689559
"54",53,"c",42,0,0,-0.367732580160267
"55",54,"c",43,0,0,-0.285155098911412
"56",55,"c",44,0,0,-0.30246694384809
"57",56,"c",45,0,0,-0.388255911604573
"58",57,"c",46,0,0,-0.345395907651751
"59",58,"c",47,0,0,-0.312777653394108
"60",59,"c",48,0,0,-0.362063921005002
"61",60,"c",49,0,0,-0.441406453716104
"62",61,"c",50,0,0,-0.249027762549639
"63",62,"c",51,0,0,-0.525682465231243
"64",63,"c",52,0,0,-0.207448093775816
"65",64,"c",53,0,0,-0.572238869529346
"66",65,"c",54,0,0,-0.206966308326144
"67",66,"c",55,0,0,-0.53466319594314
"68",67,"c",56,0,0,-0.29927529064515
"69",68,"c",57,0,0,-0.47531516074623
"70",69,"c",58,0,0,-0.302892391593179
"71",70,"c",59,0,0,-0.522067666791431
"72",71,"c",60,0,0,-0.227250467479417
"73",72,"c",61,0,0,-0.657007724070485
"74",73,"c",62,0,0,-0.0779006058808793
"75",74,"c",63,0,0,-0.838775852823282
"76",75,"cos_coeffs_mat",0,0,0,-0.0608095913610383
"77",76,"cos_coeffs_mat",1,0,0,-0.0408588873231302
"78",77,"cos_coeffs_mat",2,0,0,-0.0293081758911187
"79",78,"cos_coeffs_mat",3,0,0,-0.0141072637866059
"80",79,"cos_coeffs_mat",4,0,0,-0.0352162739322541
"81",80,"cos_coeffs_mat",5,0,0,-0.0407481634766894
"82",81,"cos_coeffs_mat",6,0,0,-0.0103058082939598
"83",82,"cos_coeffs_mat",7,0,0,0.0111698259728047
"84",83,"cos_coeffs_mat",8,0,0,0.00480143153706779
"85",84,"cos_coeffs_mat",9,0,0,-0.0109263500905793
"86",85,"cos_coeffs_mat",10,0,0,-0.00154283045627349
"87",86,"cos_coeffs_mat",11,0,0,-0.00359386979781117
"88",87,"cos_coeffs_mat",12,0,0,-0.00262162135578767
"89",88,"cos_coeffs_mat",13,0,0,0.00104459560760388
"90",89,"cos_coeffs_mat",14,0,0,0.00305452816684641
"91",90,"cos_coeffs_mat",15,0,0,0.0331425778602515
"92",91,"cos_coeffs_mat",16,0,0,0.00655141618876395
"93",92,"cos_coeffs_mat",17,0,0,-0.0158769568996667
"94",93,"cos_coeffs_mat",18,0,0,0.0178931512008955
"95",94,"cos_coeffs_mat",19,0,0,-0.00645742156679526
"96",95,"cos_coeffs_mat",20,0,0,-0.0156482042799871
"97",96,"cos_coeffs_mat",21,0,0,0.0330252796612642
"98",97,"cos_coeffs_mat",22,0,0,-0.00128226432776761
"99",98,"cos_coeffs_mat",23,0,0,-0.0351632495642045
"100",99,"cos_coeffs_mat",24,0,0,0.0220852120100078
"101",100,"cos_coeffs_mat",25,0,0,0.0374549705250698
"102",101,"cos_coeffs_mat",26,0,0,-0.0136999635940517
"103",102,"cos_coeffs_mat",27,0,0,-0.010074777881677
"104",103,"cos_coeffs_mat",28,0,0,0.000294085203289696
"105",104,"cos_coeffs_mat",29,0,0,-0.00424834903687294
"106",105,"cos_coeffs_mat",30,0,0,0.0173262798726906
"107",106,"cos_coeffs_mat",31,0,0,0.0137754893224089
"108",107,"cos_coeffs_mat",32,0,0,-0.00841472774001739
"109",108,"cos_coeffs_mat",33,0,0,-0.0200287160496256
"110",109,"cos_coeffs_mat",34,0,0,-0.00626611333682962
"111",110,"cos_coeffs_mat",35,0,0,0.0196048834558996
"112",111,"cos_coeffs_mat",36,0,0,-0.0039602168610443
"113",112,"cos_coeffs_mat",37,0,0,-0.0342768091410425
"114",113,"cos_coeffs_mat",38,0,0,0.000591054737966653
"115",114,"cos_coeffs_mat",39,0,0,-0.00309318105460866
"116",115,"cos_coeffs_mat",40,0,0,-0.00856237988904973
"117",116,"cos_coeffs_mat",41,0,0,0.0133639039442481
"118",117,"cos_coeffs_mat",42,0,0,-0.0133481218585628
"119",118,"cos_coeffs_mat",43,0,0,-0.00137803792196484
"120",119,"cos_coeffs_mat",44,0,0,0.014565281503273
"121",120,"cos_coeffs_mat",45,0,0,0.00433986797974064
"122",121,"cos_coeffs_mat",46,0,0,0.00839477059100694
"123",122,"cos_coeffs_mat",47,0,0,0.020402174136676
"124",123,"cos_coeffs_mat",48,0,0,0.0263014477527705
"125",124,"cos_coeffs_mat",49,0,0,0.00171763524076967
"126",125,"cos_coeffs_mat",50,0,0,0.00430868744723709
"127",126,"cos_coeffs_mat",51,0,0,-0.00995347345673647
"128",127,"cos_coeffs_mat",52,0,0,0.0158738622343588
"129",128,"cos_coeffs_mat",53,0,0,0.0200171893525227
"130",129,"cos_coeffs_mat",54,0,0,-0.00873223354122774
"131",130,"cos_coeffs_mat",55,0,0,0.0191838129713946
"132",131,"cos_coeffs_mat",56,0,0,0.00562040177638533
"133",132,"cos_coeffs_mat",57,0,0,0.00378409677136892
"134",133,"cos_coeffs_mat",58,0,0,0.020871682953949
"135",134,"cos_coeffs_mat",59,0,0,-0.0170731382117498
"136",135,"cos_coeffs_mat",60,0,0,-0.0315409756999745
"137",136,"cos_coeffs_mat",61,0,0,-0.00339290135252326
"138",137,"cos_coeffs_mat",62,0,0,0.00773509148594945
"139",138,"cos_coeffs_mat",63,0,0,0.00969486239996048
"140",139,"cos_coeffs_mat",0,1,0,-0.01590270130801
"141",140,"cos_coeffs_mat",1,1,0,-0.00193336351316954
"142",141,"cos_coeffs_mat",2,1,0,-0.00179231319955497
"143",142,"cos_coeffs_mat",3,1,0,-0.0157129861991382
"144",143,"cos_coeffs_mat",4,1,0,-0.0209128901089908
"145",144,"cos_coeffs_mat",5,1,0,-0.00619076382117246
"146",145,"cos_coeffs_mat",6,1,0,0.00847376997641177
"147",146,"cos_coeffs_mat",7,1,0,0.00408924697003211
"148",147,"cos_coeffs_mat",8,1,0,0.0011390411656704
"149",148,"cos_coeffs_mat",9,1,0,0.00581714871358761
"150",149,"cos_coeffs_mat",10,1,0,0.0121302992135005
"151",150,"cos_coeffs_mat",11,1,0,0.0207688669151235
"152",151,"cos_coeffs_mat",12,1,0,0.0265826548888836
"153",152,"cos_coeffs_mat",13,1,0,0.00927757624186505
"154",153,"cos_coeffs_mat",14,1,0,-0.000716636365757875
"155",154,"cos_coeffs_mat",15,1,0,0.00621892282727693
"156",155,"cos_coeffs_mat",16,1,0,0.00300084972674461
"157",156,"cos_coeffs_mat",17,1,0,0.00140708177951669
"158",157,"cos_coeffs_mat",18,1,0,0.0106155494483156
"159",158,"cos_coeffs_mat",19,1,0,0.0161844485570229
"160",159,"cos_coeffs_mat",20,1,0,0.0082083288268598
"161",160,"cos_coeffs_mat",21,1,0,0.000177857642922653
"162",161,"cos_coeffs_mat",22,1,0,0.00596016855821536
"163",162,"cos_coeffs_mat",23,1,0,0.0126477477084167
"164",163,"cos_coeffs_mat",24,1,0,0.00952920381069276
"165",164,"cos_coeffs_mat",25,1,0,0.0197424389578
"166",165,"cos_coeffs_mat",26,1,0,0.0233632608804062
"167",166,"cos_coeffs_mat",27,1,0,0.0116953566933938
"168",167,"cos_coeffs_mat",28,1,0,0.00958616337819861
"169",168,"cos_coeffs_mat",29,1,0,0.00275936738322575
"170",169,"cos_coeffs_mat",30,1,0,-0.00618503765655806
"171",170,"cos_coeffs_mat",31,1,0,0.000490452717385284
"172",171,"cos_coeffs_mat",32,1,0,0.0116901506823212
"173",172,"cos_coeffs_mat",33,1,0,0.0100646201262132
"174",173,"cos_coeffs_mat",34,1,0,-0.000602237337477721
"175",174,"cos_coeffs_mat",35,1,0,0.00569283478143799
"176",175,"cos_coeffs_mat",36,1,0,0.0395234382021762
"177",176,"cos_coeffs_mat",37,1,0,0.0441632370508914
"178",177,"cos_coeffs_mat",38,1,0,0.00197727806406857
"179",178,"cos_coeffs_mat",39,1,0,-0.000300063464211685
"180",179,"cos_coeffs_mat",40,1,0,0.0168548238482868
"181",180,"cos_coeffs_mat",41,1,0,0.00557615549144164
"182",181,"cos_coeffs_mat",42,1,0,0.00312331985271678
"183",182,"cos_coeffs_mat",43,1,0,0.0179132545907973
"184",183,"cos_coeffs_mat",44,1,0,0.0191518868283166
"185",184,"cos_coeffs_mat",45,1,0,0.00883958325932265
"186",185,"cos_coeffs_mat",46,1,0,0.00704386063410761
"187",186,"cos_coeffs_mat",47,1,0,0.0136264240287125
"188",187,"cos_coeffs_mat",48,1,0,0.0221615501471342
"189",188,"cos_coeffs_mat",49,1,0,0.0161345182383329
"190",189,"cos_coeffs_mat",50,1,0,0.0148264100412818
"191",190,"cos_coeffs_mat",51,1,0,0.0221912998668805
"192",191,"cos_coeffs_mat",52,1,0,0.0150553049267044
"193",192,"cos_coeffs_mat",53,1,0,0.00894240594259289
"194",193,"cos_coeffs_mat",54,1,0,0.0199100693954894
"195",194,"cos_coeffs_mat",55,1,0,0.0241441021825149
"196",195,"cos_coeffs_mat",56,1,0,0.0190214756932505
"197",196,"cos_coeffs_mat",57,1,0,0.0153818317284911
"198",197,"cos_coeffs_mat",58,1,0,-0.00404548135998465
"199",198,"cos_coeffs_mat",59,1,0,-0.0209005802038556
"200",199,"cos_coeffs_mat",60,1,0,-0.0232178043657887
"201",200,"cos_coeffs_mat",61,1,0,-0.0119461255696906
"202",201,"cos_coeffs_mat",62,1,0,-0.0129048234700505
"203",202,"cos_coeffs_mat",63,1,0,-0.0187224457296375
"204",203,"cos_coeffs_mat",0,2,0,-0.00709370585270886
"205",204,"cos_coeffs_mat",1,2,0,0.000952497290815205
"206",205,"cos_coeffs_mat",2,2,0,0.0108231672374746
"207",206,"cos_coeffs_mat",3,2,0,0.00941054254744232
"208",207,"cos_coeffs_mat",4,2,0,0.000129963747614848
"209",208,"cos_coeffs_mat",5,2,0,-0.00249206236981272
"210",209,"cos_coeffs_mat",6,2,0,-0.000762071052059529
"211",210,"cos_coeffs_mat",7,2,0,-0.00401333541350334
"212",211,"cos_coeffs_mat",8,2,0,-0.00311281274686791
"213",212,"cos_coeffs_mat",9,2,0,0.00166606122176891
"214",213,"cos_coeffs_mat",10,2,0,-0.00506410919633552
"215",214,"cos_coeffs_mat",11,2,0,-0.0145322949605156
"216",215,"cos_coeffs_mat",12,2,0,-0.0111615649377091
"217",216,"cos_coeffs_mat",13,2,0,-0.00474187277779456
"218",217,"cos_coeffs_mat",14,2,0,-0.00205227480153093
"219",218,"cos_coeffs_mat",15,2,0,-0.00147490681943965
"220",219,"cos_coeffs_mat",16,2,0,0.000978686790125939
"221",220,"cos_coeffs_mat",17,2,0,0.00188097774472376
"222",221,"cos_coeffs_mat",18,2,0,-0.00184582063696813
"223",222,"cos_coeffs_mat",19,2,0,-0.00637108028151246
"224",223,"cos_coeffs_mat",20,2,0,-0.00664156142974398
"225",224,"cos_coeffs_mat",21,2,0,-0.00322598905228179
"226",225,"cos_coeffs_mat",22,2,0,-0.00182720750996693
"227",226,"cos_coeffs_mat",23,2,0,-0.00293716755527321
"228",227,"cos_coeffs_mat",24,2,0,0.00513588425515266
"229",228,"cos_coeffs_mat",25,2,0,0.0150389958071885
"230",229,"cos_coeffs_mat",26,2,0,0.00791389589239723
"231",230,"cos_coeffs_mat",27,2,0,-0.0029906268030344
"232",231,"cos_coeffs_mat",28,2,0,-0.00316486426008985
"233",232,"cos_coeffs_mat",29,2,0,-0.00222874248665842
"234",233,"cos_coeffs_mat",30,2,0,-0.00290807932049521
"235",234,"cos_coeffs_mat",31,2,0,-0.00191521332886497
"236",235,"cos_coeffs_mat",32,2,0,0.000405297726496042
"237",236,"cos_coeffs_mat",33,2,0,0.00485585328091474
"238",237,"cos_coeffs_mat",34,2,0,0.00558903382582305
"239",238,"cos_coeffs_mat",35,2,0,0.00670985761016815
"240",239,"cos_coeffs_mat",36,2,0,0.00486688645267157
"241",240,"cos_coeffs_mat",37,2,0,-0.00505224445318146
"242",241,"cos_coeffs_mat",38,2,0,-0.00773751509342582
"243",242,"cos_coeffs_mat",39,2,0,0.00271398241386337
"244",243,"cos_coeffs_mat",40,2,0,0.00843210670989243
"245",244,"cos_coeffs_mat",41,2,0,-5.89979096008637e-05
"246",245,"cos_coeffs_mat",42,2,0,0.00169346721429038
"247",246,"cos_coeffs_mat",43,2,0,0.0129937671841758
"248",247,"cos_coeffs_mat",44,2,0,0.0132052201583243
"249",248,"cos_coeffs_mat",45,2,0,0.012133141819901
"250",249,"cos_coeffs_mat",46,2,0,0.0167703576147604
"251",250,"cos_coeffs_mat",47,2,0,0.0159542829079908
"252",251,"cos_coeffs_mat",48,2,0,0.00495505531390245
"253",252,"cos_coeffs_mat",49,2,0,-0.00411980236314051
"254",253,"cos_coeffs_mat",50,2,0,0.00183883345534267
"255",254,"cos_coeffs_mat",51,2,0,0.0117744588470084
"256",255,"cos_coeffs_mat",52,2,0,0.0119843012392879
"257",256,"cos_coeffs_mat",53,2,0,0.0103021649263481
"258",257,"cos_coeffs_mat",54,2,0,0.0118652402765047
"259",258,"cos_coeffs_mat",55,2,0,0.0139217351403434
"260",259,"cos_coeffs_mat",56,2,0,0.0167418596163807
"261",260,"cos_coeffs_mat",57,2,0,0.00790309687559736
"262",261,"cos_coeffs_mat",58,2,0,0.000969422215201318
"263",262,"cos_coeffs_mat",59,2,0,0.0233584815284627
"264",263,"cos_coeffs_mat",60,2,0,0.0198643084347519
"265",264,"cos_coeffs_mat",61,2,0,0.0085653393984192
"266",265,"cos_coeffs_mat",62,2,0,0.0260828786705629
"267",266,"cos_coeffs_mat",63,2,0,0.0304663705852057
"268",267,"sin_coeffs_mat",0,0,0,0.010151100862231
"269",268,"sin_coeffs_mat",1,0,0,0.00614696466105857
"270",269,"sin_coeffs_mat",2,0,0,-0.0264007997848192
"271",270,"sin_coeffs_mat",3,0,0,-0.0186956118621175
"272",271,"sin_coeffs_mat",4,0,0,0.0145639427507534
"273",272,"sin_coeffs_mat",5,0,0,-0.0312506759109209
"274",273,"sin_coeffs_mat",6,0,0,-0.0444784152506092
"275",274,"sin_coeffs_mat",7,0,0,-0.0282524724153307
"276",275,"sin_coeffs_mat",8,0,0,-0.0332482287096345
"277",276,"sin_coeffs_mat",9,0,0,-0.0462213454172818
"278",277,"sin_coeffs_mat",10,0,0,-0.0415925253624383
"279",278,"sin_coeffs_mat",11,0,0,-0.0236778806532165
"280",279,"sin_coeffs_mat",12,0,0,-0.0206609777343892
"281",280,"sin_coeffs_mat",13,0,0,-0.0293371599679754
"282",281,"sin_coeffs_mat",14,0,0,-0.0614249199272787
"283",282,"sin_coeffs_mat",15,0,0,-0.041882012282875
"284",283,"sin_coeffs_mat",16,0,0,-0.0130113664563429
"285",284,"sin_coeffs_mat",17,0,0,-0.0405343859171867
"286",285,"sin_coeffs_mat",18,0,0,-0.0317612198368219
"287",286,"sin_coeffs_mat",19,0,0,-0.0406646520609205
"288",287,"sin_coeffs_mat",20,0,0,-0.0658893832028877
"289",288,"sin_coeffs_mat",21,0,0,-0.0278090907924971
"290",289,"sin_coeffs_mat",22,0,0,-0.027336371875247
"291",290,"sin_coeffs_mat",23,0,0,-0.0738531752135403
"292",291,"sin_coeffs_mat",24,0,0,-0.0415574736625537
"293",292,"sin_coeffs_mat",25,0,0,-0.0152275797293774
"294",293,"sin_coeffs_mat",26,0,0,-0.0421540555748657
"295",294,"sin_coeffs_mat",27,0,0,-0.052772741420859
"296",295,"sin_coeffs_mat",28,0,0,-0.0192963192495372
"297",296,"sin_coeffs_mat",29,0,0,-0.0412621819698548
"298",297,"sin_coeffs_mat",30,0,0,-0.0483846087762362
"299",298,"sin_coeffs_mat",31,0,0,-0.0264980360670468
"300",299,"sin_coeffs_mat",32,0,0,-0.0182060237365115
"301",300,"sin_coeffs_mat",33,0,0,-0.0126922033659957
"302",301,"sin_coeffs_mat",34,0,0,-0.0137825132599481
"303",302,"sin_coeffs_mat",35,0,0,-0.015268283194639
"304",303,"sin_coeffs_mat",36,0,0,-0.0238516060596558
"305",304,"sin_coeffs_mat",37,0,0,-0.0430216611982997
"306",305,"sin_coeffs_mat",38,0,0,-0.00486933797460958
"307",306,"sin_coeffs_mat",39,0,0,-0.000379820428480334
"308",307,"sin_coeffs_mat",40,0,0,-0.0462680982273977
"309",308,"sin_coeffs_mat",41,0,0,-0.0230991974539874
"310",309,"sin_coeffs_mat",42,0,0,0.00254224548274351
"311",310,"sin_coeffs_mat",43,0,0,-0.0383910429898679
"312",311,"sin_coeffs_mat",44,0,0,-0.0417979534873205
"313",312,"sin_coeffs_mat",45,0,0,-0.00508753316600362
"314",313,"sin_coeffs_mat",46,0,0,0.000696945639429663
"315",314,"sin_coeffs_mat",47,0,0,-0.0465302361706384
"316",315,"sin_coeffs_mat",48,0,0,-0.038403579458382
"317",316,"sin_coeffs_mat",49,0,0,-0.00494662129782069
"318",317,"sin_coeffs_mat",50,0,0,-0.0092189827391468
"319",318,"sin_coeffs_mat",51,0,0,-0.00835565349991118
"320",319,"sin_coeffs_mat",52,0,0,-0.0243126166910267
"321",320,"sin_coeffs_mat",53,0,0,0.0057088063127369
"322",321,"sin_coeffs_mat",54,0,0,-0.0112305155671217
"323",322,"sin_coeffs_mat",55,0,0,-0.0352254786828135
"324",323,"sin_coeffs_mat",56,0,0,0.0164555813921625
"325",324,"sin_coeffs_mat",57,0,0,0.00597266429958265
"326",325,"sin_coeffs_mat",58,0,0,-0.0330867647150653
"327",326,"sin_coeffs_mat",59,0,0,0.0052401013851929
"328",327,"sin_coeffs_mat",60,0,0,-0.00583117445031843
"329",328,"sin_coeffs_mat",61,0,0,-0.015649276216521
"330",329,"sin_coeffs_mat",62,0,0,-0.00209272866791583
"331",330,"sin_coeffs_mat",63,0,0,-0.00128197216856131
"332",331,"sin_coeffs_mat",0,1,0,-0.00834777097149206
"333",332,"sin_coeffs_mat",1,1,0,-0.00813122297773053
"334",333,"sin_coeffs_mat",2,1,0,0.0025171476018648
"335",334,"sin_coeffs_mat",3,1,0,0.0088845215898124
"336",335,"sin_coeffs_mat",4,1,0,0.00758507834875502
"337",336,"sin_coeffs_mat",5,1,0,0.0029467249054862
"338",337,"sin_coeffs_mat",6,1,0,0.0034895481580798
"339",338,"sin_coeffs_mat",7,1,0,-0.00333645843139893
"340",339,"sin_coeffs_mat",8,1,0,-0.0177531164886397
"341",340,"sin_coeffs_mat",9,1,0,-0.0262724643492505
"342",341,"sin_coeffs_mat",10,1,0,-0.0295246954907075
"343",342,"sin_coeffs_mat",11,1,0,-0.0257642395885798
"344",343,"sin_coeffs_mat",12,1,0,-0.0196259823984323
"345",344,"sin_coeffs_mat",13,1,0,-0.0156531609895442
"346",345,"sin_coeffs_mat",14,1,0,-0.0120196556814734
"347",346,"sin_coeffs_mat",15,1,0,-0.0137257830771646
"348",347,"sin_coeffs_mat",16,1,0,-0.0175766869366163
"349",348,"sin_coeffs_mat",17,1,0,-0.0100194099016635
"350",349,"sin_coeffs_mat",18,1,0,0.000472184179892806
"351",350,"sin_coeffs_mat",19,1,0,-0.00146131781806265
"352",351,"sin_coeffs_mat",20,1,0,-0.0122360749628731
"353",352,"sin_coeffs_mat",21,1,0,-0.0163717330796281
"354",353,"sin_coeffs_mat",22,1,0,-0.00745606858398752
"355",354,"sin_coeffs_mat",23,1,0,-0.00794319568730787
"356",355,"sin_coeffs_mat",24,1,0,-0.0235130305823999
"357",356,"sin_coeffs_mat",25,1,0,-0.0116790585862873
"358",357,"sin_coeffs_mat",26,1,0,0.000256526556922316
"359",358,"sin_coeffs_mat",27,1,0,-0.00765046635710447
"360",359,"sin_coeffs_mat",28,1,0,-0.00532545296266105
"361",360,"sin_coeffs_mat",29,1,0,-0.0117848789068791
"362",361,"sin_coeffs_mat",30,1,0,-0.0190949019739065
"363",362,"sin_coeffs_mat",31,1,0,-0.00964578087234666
"364",363,"sin_coeffs_mat",32,1,0,-0.00117392750759659
"365",364,"sin_coeffs_mat",33,1,0,0.0010079989678414
"366",365,"sin_coeffs_mat",34,1,0,0.00679950390466725
"367",366,"sin_coeffs_mat",35,1,0,-0.00152883515949699
"368",367,"sin_coeffs_mat",36,1,0,-0.014925221384645
"369",368,"sin_coeffs_mat",37,1,0,-0.00689593247422881
"370",369,"sin_coeffs_mat",38,1,0,0.000154760274510206
"371",370,"sin_coeffs_mat",39,1,0,-0.0194326781583326
"372",371,"sin_coeffs_mat",40,1,0,-0.0226355203955236
"373",372,"sin_coeffs_mat",41,1,0,-0.00781941797590699
"374",373,"sin_coeffs_mat",42,1,0,-0.00890607451113252
"375",374,"sin_coeffs_mat",43,1,0,-0.00709759474108937
"376",375,"sin_coeffs_mat",44,1,0,-0.0093581971588553
"377",376,"sin_coeffs_mat",45,1,0,-0.0210157406004571
"378",377,"sin_coeffs_mat",46,1,0,-0.0149133465330225
"379",378,"sin_coeffs_mat",47,1,0,-0.0141188832120932
"380",379,"sin_coeffs_mat",48,1,0,-0.0200443917031234
"381",380,"sin_coeffs_mat",49,1,0,-0.012684669283416
"382",381,"sin_coeffs_mat",50,1,0,-0.0100868681615117
"383",382,"sin_coeffs_mat",51,1,0,-0.00832277100334127
"384",383,"sin_coeffs_mat",52,1,0,-0.013003054127252
"385",384,"sin_coeffs_mat",53,1,0,-0.0167174150319166
"386",385,"sin_coeffs_mat",54,1,0,-0.0171688632382833
"387",386,"sin_coeffs_mat",55,1,0,-0.00823052303605791
"388",387,"sin_coeffs_mat",56,1,0,-0.0113167816677194
"389",388,"sin_coeffs_mat",57,1,0,-0.0298204063084386
"390",389,"sin_coeffs_mat",58,1,0,-0.00807503325071162
"391",390,"sin_coeffs_mat",59,1,0,0.030643249302913
"392",391,"sin_coeffs_mat",60,1,0,0.0184772808479954
"393",392,"sin_coeffs_mat",61,1,0,0.0107746077784892
"394",393,"sin_coeffs_mat",62,1,0,0.0218557736391725
"395",394,"sin_coeffs_mat",63,1,0,0.0183209054333729
"396",395,"sin_coeffs_mat",0,2,0,0.00898949324601169
"397",396,"sin_coeffs_mat",1,2,0,0.0156634622327814
"398",397,"sin_coeffs_mat",2,2,0,0.0214654946015682
"399",398,"sin_coeffs_mat",3,2,0,0.0185963661436536
"400",399,"sin_coeffs_mat",4,2,0,0.00830967532653256
"401",400,"sin_coeffs_mat",5,2,0,-0.00405905396697976
"402",401,"sin_coeffs_mat",6,2,0,-0.0164459728012504
"403",402,"sin_coeffs_mat",7,2,0,-0.0238259646957225
"404",403,"sin_coeffs_mat",8,2,0,-0.0198607227781872
"405",404,"sin_coeffs_mat",9,2,0,-0.0109946224548906
"406",405,"sin_coeffs_mat",10,2,0,-0.00727397304393443
"407",406,"sin_coeffs_mat",11,2,0,-0.00440752436449468
"408",407,"sin_coeffs_mat",12,2,0,-0.00301179634383714
"409",408,"sin_coeffs_mat",13,2,0,-0.00441578157240799
"410",409,"sin_coeffs_mat",14,2,0,0.000535355597046079
"411",410,"sin_coeffs_mat",15,2,0,0.0048136657216862
"412",411,"sin_coeffs_mat",16,2,0,0.00402795613596395
"413",412,"sin_coeffs_mat",17,2,0,-0.00574404110611503
"414",413,"sin_coeffs_mat",18,2,0,-0.0132065486377513
"415",414,"sin_coeffs_mat",19,2,0,-0.0053841512821362
"416",415,"sin_coeffs_mat",20,2,0,-0.00209656736341741
"417",416,"sin_coeffs_mat",21,2,0,-0.00552332323319621
"418",417,"sin_coeffs_mat",22,2,0,-0.00831534177427559
"419",418,"sin_coeffs_mat",23,2,0,-0.00774248529197214
"420",419,"sin_coeffs_mat",24,2,0,-0.00658082164977212
"421",420,"sin_coeffs_mat",25,2,0,-0.00479163974645452
"422",421,"sin_coeffs_mat",26,2,0,-0.00449075743080361
"423",422,"sin_coeffs_mat",27,2,0,-0.00882330548999528
"424",423,"sin_coeffs_mat",28,2,0,-0.00788739641181742
"425",424,"sin_coeffs_mat",29,2,0,-0.008556293493567
"426",425,"sin_coeffs_mat",30,2,0,-0.00735317401497972
"427",426,"sin_coeffs_mat",31,2,0,0.00194143374511321
"428",427,"sin_coeffs_mat",32,2,0,0.00686809545569487
"429",428,"sin_coeffs_mat",33,2,0,0.00529716859287403
"430",429,"sin_coeffs_mat",34,2,0,0.0017366557757169
"431",430,"sin_coeffs_mat",35,2,0,-0.000790604572268283
"432",431,"sin_coeffs_mat",36,2,0,-0.00238632957375778
"433",432,"sin_coeffs_mat",37,2,0,-0.00473754260412372
"434",433,"sin_coeffs_mat",38,2,0,-0.00719382958071803
"435",434,"sin_coeffs_mat",39,2,0,-0.017040334858431
"436",435,"sin_coeffs_mat",40,2,0,-0.0197901057344032
"437",436,"sin_coeffs_mat",41,2,0,-0.014341382003922
"438",437,"sin_coeffs_mat",42,2,0,-0.0173696251781744
"439",438,"sin_coeffs_mat",43,2,0,-0.0209655875177261
"440",439,"sin_coeffs_mat",44,2,0,-0.0191933364729509
"441",440,"sin_coeffs_mat",45,2,0,-0.0194635958938674
"442",441,"sin_coeffs_mat",46,2,0,-0.0196474763522415
"443",442,"sin_coeffs_mat",47,2,0,-0.0200227190182131
"444",443,"sin_coeffs_mat",48,2,0,-0.0204794948411301
"445",444,"sin_coeffs_mat",49,2,0,-0.0132352076219961
"446",445,"sin_coeffs_mat",50,2,0,-0.0132249955595819
"447",446,"sin_coeffs_mat",51,2,0,-0.0257824527459648
"448",447,"sin_coeffs_mat",52,2,0,-0.021824375787078
"449",448,"sin_coeffs_mat",53,2,0,-0.0132127522997264
"450",449,"sin_coeffs_mat",54,2,0,-0.0192565931008674
"451",450,"sin_coeffs_mat",55,2,0,-0.0102824171087887
"452",451,"sin_coeffs_mat",56,2,0,-0.0114991398942626
"453",452,"sin_coeffs_mat",57,2,0,-0.0255786155312485
"454",453,"sin_coeffs_mat",58,2,0,-0.00848409377921991
"455",454,"sin_coeffs_mat",59,2,0,0.0126052349093788
"456",455,"sin_coeffs_mat",60,2,0,0.0113103657266156
"457",456,"sin_coeffs_mat",61,2,0,0.00636411144472422
"458",457,"sin_coeffs_mat",62,2,0,0.0142889899515373
"459",458,"sin_coeffs_mat",63,2,0,0.0179557356538294
